현대건설,33150,33850,33850,33000,965456,34300
현대중공업지주,233500,228500,235000,228500,40247,232000
GS,38800,38400,39450,38400,328053,38350
CJ제일제당,237000,238000,241500,236000,74996,235500
미래에셋대우,5440,5160,5530,5130,8422011,5320
KODEX 레버리지,10145,9915,10320,9910,150361768,9915
삼성카드,29000,28750,29500,28750,244394,28600
CJ대한통운,147500,145000,148000,142000,109815,144500
포스코케미칼,52100,51600,53900,51500,773765,52200
이마트,115500,115500,117500,115000,269365,114000
에스원,83700,82800,85100,82800,76179,83600
유한양행,46700,48550,48750,46600,826006,46900
호텔신라,77700,80000,80700,77100,1658456,79400
한미약품,262000,260500,263000,260000,45545,263000
LG이노텍,132500,129000,133500,128500,524869,130000
TIGER 200,25950,25650,26155,25650,3178389,25640
롯데지주,27450,26950,27650,26650,219393,27550
대림산업,78700,75500,81400,75500,703451,81600
삼성중공업,4335,4335,4415,4320,6721220,4320
더존비즈온,90500,89500,93000,87500,261888,91400
한국타이어앤테크놀로지,21400,21050,21750,20800,609991,21500
DB손해보험,37700,37800,38600,37700,386762,37600
한국금융지주,49100,46200,50400,46000,653702,47650
현대제철,19750,19500,19950,19500,709692,19850
한국가스공사,26900,26800,27100,26750,293995,27400
삼성증권,28850,27950,29250,27900,1074012,28250
BGF리테일,151000,145500,153500,145500,32017,145500
쌍용양회,4980,5130,5130,4955,2201946,4990
신세계,252500,245000,260000,241000,203705,255000
NH투자증권,9110,8800,9250,8740,2874935,8920
롯데쇼핑,86600,86200,91000,85500,234681,88500
두산밥캣,22450,21750,22550,21700,800163,24900
GS리테일,31850,31300,32500,31300,261263,31750
한화솔루션,14400,14100,14800,14000,1419595,14500
한국항공우주,22600,22400,22950,22400,573096,23600
현대차2우B,63300,63700,64900,63200,85421,62000
삼성엔지니어링,11450,11300,11650,11200,2733593,11250
현대해상,24550,23900,25100,23900,252409,24550
CJ,72200,71500,73500,71500,85785,72000
금호석유,66200,66400,68100,66000,156869,67900
하이트진로,29050,29250,29650,29000,289980,29100
휠라홀딩스,33300,32650,35100,32500,994044,33250
KODEX 200선물인버스2X,6770,6930,6955,6660,255490612,6940
제일기획,16950,16750,17250,16600,1316529,17100
오뚜기,536000,531000,541000,531000,6796,536000
GS건설,23700,23950,24400,23700,623699,23950
SKC,50200,48000,52700,48000,740973,50800
일진머티리얼즈,40650,39850,41650,39700,1571123,40750
메리츠증권,3015,2905,3070,2900,4135667,2970
부광약품,27650,28600,28800,26800,10363610,28250
현대엘리베이,63600,64600,64800,63100,488333,66000
대우조선해양,16600,16700,16900,16500,343373,16500
팬오션,3260,3130,3325,3130,2416583,3300
농심,288500,292000,295000,288000,39859,288500
F&F,111500,108500,115000,107000,143740,113000
녹십자,148500,154000,155500,147000,198899,148500
동서,16650,16300,16800,16300,155319,17050
포스코인터내셔널,13250,13150,13400,13050,408309,13400
키움증권,74700,74100,76400,73900,113967,74200
KG동부제철,13200,12050,13200,11650,144378,16000
한샘,63800,62500,64100,62300,113219,67500
현대백화점,65900,65000,68700,64800,204728,67700
메리츠화재,13750,13800,14100,13750,97059,13750
KODEX 단기채권,102190,102185,102190,102180,38970,102190
BNK금융지주,4800,4685,4890,4685,1523225,4780
한화생명,1815,1660,1955,1660,81940044,1775
TIGER 단기통안채,100435,100430,100435,100420,394231,100435
신세계인터내셔날,206000,201500,209500,200000,126693,206500
LG생활건강우,675000,654000,682000,652000,4920,696000
파미셀,18500,20500,20750,18500,30002599,24050
현대로템,13950,14200,14450,13750,1861482,16950
한전KPS,31800,31300,32300,31300,176732,31950
NHN,73900,75500,75500,73300,141007,73200
현대차우,60100,60200,60500,59800,133346,58600
대우건설,3355,3330,3470,3330,1648975,3360
KBSTAR 200,25855,25575,26090,25575,1112950,25565
효성,66800,66800,67500,66800,91903,66100
메리츠금융지주,9790,9930,9980,9780,91528,9610
한화,18350,18000,18600,18000,235137,17950
대웅제약,104500,109000,113000,102500,170725,113500
한올바이오파마,25150,26500,27000,24900,1022569,25000
LG화학우,173000,165000,178000,165000,42921,169000
KODEX 코스닥150 레버리지,7490,7490,7545,7310,37750458,7435
KCC,144000,145000,148500,144000,62576,143000
HDC현대산업개발,18850,18650,19200,18550,742411,19100
SK네트웍스,5000,4925,5060,4925,1702172,5060
이노션,62000,58500,62000,57900,95728,61900
현대미포조선,30750,31150,31350,30500,198488,30550
KODEX 종합채권(AA-이상)액티브,109785,109790,109820,109650,52927,109755
만도,25300,24700,25500,24600,608439,25300
HMM,3655,3725,3985,3635,5098510,3750
한화에어로스페이스,23150,22950,23450,22750,301275,23400
LS ELECTRIC,38650,37950,39850,37950,96454,38950
LS,34450,33750,35100,33750,108902,34750
태영건설,13850,13600,14000,13500,233871,14100
지누스,71600,71500,74200,70800,197140,74200
DB하이텍,24050,24850,25150,23850,1628924,23700
두산솔루스,32300,32050,33300,30150,2258773,33900
두산중공업,3820,3755,3850,3740,2350066,4090
KODEX 200TR,8160,8060,8215,8060,1064159,8055
신풍제약,16250,17750,18400,15950,16303341,18950
녹십자홀딩스,21250,21350,21500,21000,131665,21350
종근당,90900,92100,92900,90600,43900,92100
한국콜마,43200,42250,43400,42250,326192,43000
코리안리,7960,7800,8900,7790,1366844,8100
더블유게임즈,52500,53300,53500,51100,398510,53300
KODEX 삼성그룹,6440,6330,6525,6330,430670,6385
TRUE 코스피 양매도 5% OTM ETN,9695,9720,9720,9685,4509,9735
한솔케미칼,87700,82700,87700,82600,96912,85200
KODEX 인버스,6890,6980,6985,6835,54980478,6975
GKL,15500,15800,16000,15450,463300,15350
OCI,39550,39050,40450,39050,181434,39750
두산인프라코어,4225,4345,4365,4220,5305975,4525
영풍,508000,499000,511000,499000,2181,508000
SK케미칼,79300,80700,80900,78300,371841,79200
현대위아,35150,35500,36000,35000,196066,34100
금호타이어,3295,3095,3310,3095,824931,3225
영진약품,5010,4960,5100,4910,1520196,5030
HANARO 200,26300,25605,26300,25560,218801,25580
한국테크놀로지그룹,9740,9650,10050,9650,141976,9760
KODEX MSCI Korea TR,8200,8135,8255,8015,563161,8065
아시아나항공,3950,3855,4030,3810,7606369,4030
한화시스템,7710,7790,7820,7670,409280,8160
롯데리츠,5190,5010,5200,5000,736575,5210
JB금융지주,4410,4390,4465,4370,334583,4440
오리온홀딩스,14350,14350,14600,14300,121430,13800
롯데정밀화학,33600,33200,33950,33150,91910,33500
코스맥스,85400,86800,87100,84600,208586,86000
대웅,13600,14300,14350,13100,749506,14600
태광산업,756000,750000,761000,750000,835,760000
DGB금융지주,4950,4835,4950,4810,1246640,4955
현대오토에버,38450,38800,38850,38000,71181,39000
쿠쿠홈시스,35400,35100,36550,35050,51577,35650
코오롱인더,30300,30550,30950,30250,613723,29600
현대홈쇼핑,63900,60900,64500,60800,55485,66400
롯데칠성,99700,99000,101000,98600,58242,98800
롯데관광개발,11100,10900,11500,10800,433849,11200
롯데제과,121000,122500,123500,119500,9065,120000
대한유화,107000,112000,112000,106500,76275,117000
화승엔터프라이즈,12300,11650,12300,11550,703189,12450
동아에스티,87700,84300,87700,84300,33422,88800
KODEX 단기채권PLUS,102265,102230,102270,102230,8940,102270
삼양식품,101000,103000,103000,99900,49692,98900
아이에스동서,24200,23900,24600,23900,90353,23950
현대그린푸드,7400,7270,7440,7270,402199,7480
다우기술,16200,15750,16300,15650,235771,15950
애경산업,26850,26650,27400,26500,205956,26750
아주캐피탈,12200,12150,12900,12050,86036,12050
동원F&B,180000,177000,180500,176500,9556,179500
SK가스,74000,73500,74600,73200,24053,75700
아모레퍼시픽우,64100,62500,64500,62400,43333,65100
휴켐스,16850,15850,16850,15850,150518,16800
미래에셋생명,3685,3590,3730,3590,212859,3765
대상,19450,19750,19900,19350,272399,19200
일양약품,34350,35850,36250,34250,641749,34800
한전기술,16800,17200,17200,16700,192392,16850
에스엘,13650,13500,13950,13500,90013,13350
JW중외제약,29450,30450,30700,29250,324470,30750
후성,6950,6760,7040,6730,2236321,6900
두산,38100,37500,38650,37400,176324,38650
대덕전자,8150,8120,8280,8110,654104,8000
QV 코스피 변동성 매칭형 양매도 ETN,8875,8875,8875,8875,0,8895
SPC삼립,72700,72600,73800,72400,16121,72100
KODEX WTI원유선물(H),7055,7110,7155,7035,33661392,6340
쿠쿠홀딩스,88300,86800,90900,86800,6725,86900
락앤락,11600,11450,11800,11450,206307,11400
ARIRANG 200,26015,25780,26245,25760,118514,25725
하나투어,40800,41500,42000,40300,198120,41750
넥센타이어,6060,6000,6110,5990,449675,5950
한섬,22650,22050,22900,22050,97549,23500
TIGER MSCI Korea TR,10305,10180,10355,10180,89401,10170
KINDEX 200,26095,25815,26310,25805,793217,25785
종근당홀딩스,114000,118000,119000,113000,40272,114000
풍산,19450,19100,20100,19100,315350,20100
제이콘텐트리,35100,36000,36150,34400,200375,34200
보령제약,12800,12900,13250,12650,1010126,12600
대한전선,645,662,670,640,2510572,648
동원시스템즈,21700,21750,22350,21700,23711,21600
한진,48650,45950,57200,43950,3989099,45900
동아쏘시오홀딩스,89900,88900,90400,88600,13392,89500
KODEX 코스닥 150,10050,10100,10100,9910,4886883,10020
빙그레,54200,53400,54700,53200,58880,55500
HDC,8900,8930,9030,8880,388130,9070
한일현대시멘트,30000,29800,31550,29550,132824,32200
제주항공,19600,19850,19900,19000,355868,20150
KOSEF 200,26220,25930,26435,25890,83900,25925
씨에스윈드,30100,29550,30300,29150,53918,30250
롯데하이마트,21900,21850,22400,21500,128582,22100
S&T모티브,35050,32750,35450,32750,77145,35400
필룩스,6050,5780,6400,5680,19109371,6010
효성티앤씨,119000,120000,122000,118500,11831,119000
삼화콘덴서,49550,48950,51900,48850,750428,49200
롯데정보통신,31600,31650,31950,31100,52272,31950
남선알미늄,4545,4530,4645,4225,39227259,4455
LG상사,12800,12800,13100,12750,311160,12600
SK디스커버리,26050,25900,26850,25850,264250,25350
영원무역홀딩스,35450,35950,36500,35350,10187,35300
동양생명,2955,2850,3090,2830,441140,2965
유안타증권,2395,2365,2455,2365,391635,2385
KODEX Top5PlusTR,11945,11935,12090,11760,17273,11695
서흥,40850,41000,41500,39250,90935,40950
진원생명과학,14100,15700,16150,14000,8510298,14300
대신증권,9410,9180,9550,9150,280467,9250
경동나비엔,35750,33400,36600,33400,142197,36750
삼성 코스피 양매도 5% OTM ETN,9295,9310,9310,9295,3810,9305
현대에이치씨엔,4075,4065,4135,4035,476360,4060
롯데손해보험,1490,1475,1505,1465,560078,1470
KODEX 코스닥150선물인버스,7280,7250,7400,7250,43589276,7330
SK디앤디,24200,24800,24900,23700,129472,23850
한국토지신탁,1745,1730,1760,1725,828946,1780
두산퓨얼셀,7930,7940,8210,7760,2340153,8070
삼양홀딩스,50900,48850,51300,48550,20614,51600
한세실업,10850,10700,11000,10650,194126,11000
대한해운,18300,18650,19600,17900,356777,17950
KODEX 코스피,19615,19325,19695,19325,521347,19470
신영증권,46250,45850,46500,45600,8321,46400
삼성화재우,135500,135000,136500,133000,11114,135000
화승인더,7930,7580,7990,7560,1996753,7770
덴티움,37750,37450,38800,37400,121420,37900
지역난방공사,34750,34200,34950,33400,12808,35950
미래에셋대우2우B,2955,2885,3000,2880,762100,2950
BGF,4335,4345,4385,4320,256319,4285
이월드,4285,4175,4290,3860,5264119,4290
대교,4850,4805,4860,4785,294800,4805
한미반도체,7800,7530,7910,7450,511129,7890
풀무원,10500,10600,10650,10300,229089,10650
남해화학,7890,8030,8040,7820,353156,8140
한국콜마홀딩스,22250,21450,22400,21100,141453,22350
롯데푸드,358000,356000,362500,356000,2483,352500
동국제강,4080,4050,4140,4010,293985,4150
미원에스씨,75600,76800,77000,75600,4853,75000
세방전지,28150,27750,28700,27750,38313,28150
제일약품,26550,25800,26700,25550,46007,26600
맵스리얼티1,4100,4090,4180,4025,236586,4130
KINDEX 단기통안채,100550,100550,100550,100545,548,100555
SMART 200TR,8485,8465,8550,8405,321982,8370
삼양사,36200,35850,36700,35850,27573,36300
우리종금,555,526,559,520,3186771,550
LF,12700,12400,13400,12400,212180,12650
하나제약,23200,22400,23500,22150,205839,22750
현대건설기계,17700,17300,17950,17200,284439,18300
LG전자우,20950,20700,21200,20500,96096,20950
TIGER 단기채권액티브,50245,50250,50255,50245,503,50250
LG하우시스,39500,39250,39750,39200,53274,40000
에이프로젠 KIC,2335,2395,2415,2305,5836694,2315
아이마켓코리아,9900,9760,9940,9620,49305,9930
웅진씽크빅,2615,2610,2630,2580,873027,2660
한일시멘트,82100,84900,87000,81500,15743,85500
KOSEF 200TR,29590,29235,29855,29235,37839,29270
SBS,19750,19200,19750,18900,233784,19200
케이씨텍,17800,17650,18150,17450,202001,17650
서울가스,69000,70900,74100,69000,303,69800
유니드,39600,38500,40300,38500,32702,39250
일진다이아,23400,23800,26450,23150,1322994,24500
스카이라이프,7200,7350,7410,7150,231399,7230
TIGER 200 IT,21420,20900,21930,20900,272074,21085
KODEX 선진국MSCI World,13440,13330,13515,13330,25750,13365
디피씨,8370,8820,8960,8290,12012157,8220
LG헬로비전,4260,4250,4280,4170,393611,4415
이리츠코크렙,5160,4990,5190,4990,122975,5390
한화투자증권,1610,1580,1625,1560,1439420,1590
HANARO 단기통안채,102475,102475,102475,102475,0,102470
삼진제약,23850,24000,24350,23800,87764,24450
농심홀딩스,73700,74000,78700,73300,4184,73100
드림텍,5230,5210,5300,5150,434375,5360
JW홀딩스,5010,5090,5150,4980,194795,5020
율촌화학,13500,13600,13950,13300,86658,13450
에이프로젠제약,1635,1690,1745,1615,12761967,1380
효성첨단소재,73300,70300,73900,70000,53549,74400
진에어,11000,10700,11750,10550,1369457,11100
잇츠한불,15250,15250,15300,14800,77041,15150
한국쉘석유,257500,253000,260000,253000,2923,255500
TIGER 코스닥150,10085,10020,10115,9950,1865445,10040
세아베스틸,9030,8940,9180,8940,112230,9180
퍼시스,28300,27800,28500,27800,7911,28250
신영증권우,45750,45450,45900,45450,2468,45800
광동제약,6010,6040,6100,6000,300362,6090
한솔제지,13650,13350,13850,13250,166242,13400
효성화학,94900,96400,96700,94800,21020,99900
신한알파리츠,6650,6630,6660,6550,129989,6660
도화엔지니어링,8880,9010,9210,8500,627207,9350
미원상사,61000,60300,61600,60300,22953,61600
일동제약,12950,12850,13200,12700,102391,13050
한독,22500,22900,22900,22350,45282,22500
한라홀딩스,30200,29150,30500,29150,38429,29550
대원제약,15150,15300,15450,15000,136228,15200
한국단자,29400,29250,29950,29250,37332,29450
진흥기업,2105,2040,2295,2000,1255766,2100
삼호,20350,19700,20750,19000,56122,19800
동성제약,11350,11200,11850,11100,351843,11500
조선내화,74300,72600,76300,72600,11606,74400
동양,1195,1205,1220,1180,1189418,1240
AK홀딩스,21400,21000,22100,21000,69682,22200
SK증권,619,596,624,595,6689391,622
한일홀딩스,38900,38150,40000,38150,5562,40100
용평리조트,4740,4880,4955,4670,683428,4990
E1,35000,34600,35250,34600,14779,34900
남양유업,332500,325000,335000,325000,1507,332000
TIGER 원유선물Enhanced(H),1745,1755,1760,1735,17377038,1695
한화3우B,10750,10700,10800,10600,56533,10600
KPX케미칼,49600,49700,49700,48300,2774,48700
삼성출판사,22800,22900,23800,22550,669950,23200
광주신세계,142500,142500,148500,142000,891,144500
S&T홀딩스,13550,13400,13600,13350,9784,14150
삼영무역,13150,13200,13350,13000,23988,12900
IHQ,1560,1525,1565,1500,2855039,1545
넥스트사이언스,7220,7350,7350,7190,727488,7120
동화약품,7720,7650,7730,7540,138489,8050
현대차증권,7650,7450,7770,7410,158826,7650
제일파마홀딩스,14100,14400,14650,13850,139710,14000
애경유화,6900,7060,7060,6780,272357,6950
풍산홀딩스,27900,27950,28900,27900,7791,28400
대상홀딩스,6160,6350,6370,6130,146636,6130
삼양패키징,15500,15500,15800,15350,20942,15600
신대양제지,55900,56000,57200,55200,22523,55000
삼성 레버리지 WTI원유 선물 ETN,2085,1895,2120,1895,10580322,2085
하나 코스피 변동성추세 추종 양매도 ETN,8665,8665,8665,8665,0,8750
삼익THK,10350,10300,10500,10250,27904,10400
CJ4우(전환),50900,50200,51000,49900,13954,51200
LS전선아시아,6930,6880,7010,6840,126340,7010
코스모화학,8230,8380,8510,8140,1084973,8120
케이씨씨글라스,24850,24700,25900,24550,143035,25200
토니모리,11800,11250,12350,11100,763207,11900
대한제분,125500,125500,126500,122500,6397,124000
대신증권우,8090,8020,8160,8000,153441,8050
TIGER 차이나CSI300레버리지(합성),18325,18500,18670,18310,158668,18195
이연제약,12400,12200,12400,12100,66169,12400
나노메딕스,5610,5260,5990,5130,9001790,5560
신세계푸드,52800,53200,53200,52100,24078,53400
무림P&P,3290,3240,3340,3230,198718,3300
일신석재,2390,2415,2495,2305,13702030,2650
삼성 인버스 2X 천연가스 선물 ETN,21120,20980,21575,20970,9078,20430
해태제과식품,6770,6680,6840,6680,60924,7010
한국주철관,8960,8930,9060,8880,60908,8900
예스코홀딩스,32550,33000,33250,32350,1392,33700
에어부산,3705,3590,3790,3590,987963,3875
현대상사,13800,13750,14100,13450,108330,15250
현대리바트,9440,9310,9630,9300,198738,9720
한세예스24홀딩스,4880,4720,4940,4720,14538,4895
동아지질,15850,15900,16350,15500,388779,16800
KOSEF 국고채10년,126125,126215,126215,125900,10173,126165
ARIRANG 고배당주,8790,8705,8855,8685,57677,8785
TIGER 미국나스닥100,48505,48555,48920,48400,154148,48005
유진투자증권,1980,1925,2000,1925,497669,1980
코리아써키트,8160,7820,8250,7820,624907,8070
TIGER 차이나CSI300,8805,8790,8900,8765,450078,8760
성신양회,7000,7010,7140,6830,598314,7700
KINDEX 중국본토CSI300,23005,22915,23285,22915,4803,23260
케이씨,14050,13900,14200,13700,56235,13900
일진홀딩스,3885,3900,3975,3830,538961,3810
대원강업,2950,2945,3010,2940,59409,3030
신한 인버스 2X 천연가스 선물 ETN(H),9710,9550,9920,9550,77275,9385
KISCO홀딩스,9930,9990,10100,9930,6952,10150
QV 코스피 양매도 5% OTM ETN,9250,9250,9250,9250,0,9275
KPX홀딩스,44050,43800,45050,43800,1164,43800
티웨이항공,3735,3595,3810,3560,920195,3910
휴비스,5180,5150,5200,5110,242805,5310
경보제약,7600,7610,7850,7520,49919,7660
S&T중공업,5430,5400,5500,5380,36330,5470
ARIRANG 단기유동성,111675,111680,111680,111675,1200,111685
아세아,82500,84400,86900,82300,5968,82600
효성ITX,15750,16250,16350,15750,90360,15650
한국금융지주우,30900,30150,31400,30150,60982,30850
부국증권,17200,17200,17600,16900,3745,17350
한국철강,3805,3750,3825,3725,72100,3885
한솔테크닉스,5610,5500,5710,5470,775046,5550
세화아이엠씨,2990,0,0,0,0,2990
KINDEX 베트남VN30(합성),11455,11200,11570,11200,121950,11515
무학,6040,5880,6080,5880,119368,6090
동부건설,7870,7700,7880,7690,50975,7950
선진,7280,7260,7400,7190,37175,7210
세방,8780,8560,8820,8560,24602,8830
종근당바이오,30900,31300,31700,30600,78981,30950
KBSTAR 코스닥150,9935,9795,9940,9790,64994,9890
세원셀론텍,2755,2660,2925,2585,1905261,2745
유니퀘스트,5900,5690,5920,5630,263679,6120
KG케미칼,13000,13150,13300,12750,265971,12800
한국화장품제조,37100,37000,39400,36100,482474,36650
AJ네트웍스,3480,3405,3550,3405,95828,3545
TIGER 중국소비테마,6280,6220,6295,6200,60126,6190
KSS해운,7120,7130,7270,7100,42326,7030
부산산업,143000,144500,151000,139000,160474,154000
효성중공업,16500,16100,16800,15800,125846,17400
아시아나IDT,14650,14300,15200,14150,630332,14600
동성코퍼레이션,3555,3590,3590,3500,62268,3555
SIMPAC,2435,2415,2460,2370,74675,2435
신성이엔지,914,906,924,901,1181142,905
대성홀딩스,9600,9680,9690,9330,80850,9750
HANARO 200TR,29640,29210,29835,29210,219,29295
한국패러랠,1950,1940,1950,1925,58578,1950
S-Oil우,39000,38150,39200,38150,19828,38750
흥국화재,2400,2415,2480,2365,66739,2420
신성통상,1105,1085,1170,1070,7400863,1080
동아타이어,11200,10750,11200,10750,3864,11250
LS네트웍스,1800,1800,1850,1785,94368,1960
대한제당,17100,17100,17250,16900,12727,17000
이수화학,10300,10050,10450,9880,1064118,9950
삼양통상,50800,50500,51400,50400,2995,50600
신라교역,9500,9290,9620,9260,32484,9480
삼성전기우,52200,50300,52900,50300,56645,51700
팜스코,4075,4025,4130,4015,124126,4070
KODEX 골드선물(H),12090,12225,12250,12020,683012,11945
DI동일,62500,65200,65200,61300,16301,61600
신원,1650,1680,1685,1620,3261287,1740
TIGER 글로벌4차산업혁신기술(합성 H),11740,11500,11780,11500,101191,11730
대한제강,5880,5920,5950,5870,82328,5980
삼영전자,7160,7130,7250,7110,44976,7290
알루코,1840,1800,1885,1800,294974,1955
대성산업,3165,3165,3195,3130,121337,3210
TIGER 헬스케어,31675,32020,32100,31210,162318,31950
한신공영,12300,12200,12750,12200,80022,12500
CJ씨푸드,3990,4065,4200,3975,6183327,4020
코스맥스비티아이,15050,14800,15150,14750,31966,15000
한솔홀딩스,3000,2980,3035,2850,110108,3035
DB,705,680,711,680,910998,710
노루페인트,7070,6900,7160,6860,220961,7140
현대차3우B,59700,59900,60300,59600,13446,58700
사조산업,28150,28100,28350,27250,21128,28350
TIGER 경기방어,9860,9825,9895,9760,12739,9930
LG우,42500,41950,42900,41750,14873,42400
미래에셋 코스피 양매도 5% OTM ETN,9295,9285,9295,9270,12,9320
쌍방울,989,991,1000,975,2993582,993
계룡건설,15650,15750,15750,15300,17930,15450
신한 인버스 2X WTI원유 선물 ETN(H),9340,9230,9340,8985,507080,11480
신한 레버리지 WTI원유 선물 ETN(H),1480,1430,1600,1430,7219903,1480
현대약품,4255,4300,4320,4220,287398,4295
큐로,858,815,865,804,1834422,865
깨끗한나라,3680,3640,3720,3530,1039569,3680
SG세계물산,678,671,690,668,1231902,677
아모레G우,21150,20450,21600,20400,34486,21200
신한 레버리지 천연가스 선물 ETN(H),3260,3255,3295,3160,1254298,3330
DB금융투자,3260,3220,3335,3215,269086,3210
국제약품,7050,7240,7240,6990,1049222,7380
KTB투자증권,2270,2230,2345,2215,477260,2250
GS글로벌,1605,1550,1645,1550,575848,1640
삼익악기,1490,1485,1505,1470,499177,1495
HDC아이콘트롤스,8120,8040,8150,7940,36164,8220
핸즈코퍼레이션,5950,5870,6150,5870,14313,6180
자화전자,7370,7450,7530,7300,176015,7520
명문제약,5630,5660,5680,5370,1870553,5460
CJ제일제당 우,102500,102000,105500,101000,4220,101000
비티원,3420,3565,3575,3350,620958,3380
텔코웨어,14450,14600,15000,14150,78525,13800
태경산업,4445,4320,4460,4300,73034,4575
사조동아원,947,955,978,937,2228585,947
백산,5080,4955,5160,4940,372698,5470
HANARO MSCI Korea TR,10320,10210,10395,10210,73,10180
동양물산,1000,1000,1025,986,2721368,1050
TIGER 미국S&P500선물(H),33360,33335,33560,33300,108946,33270
신일산업,1845,1835,1875,1820,3314846,1855
마니커,827,824,833,819,3874394,831
한창제지,2090,2100,2135,2060,6952648,2205
동양철관,1010,1015,1020,990,2021530,1105
샘표식품,28550,28550,28700,28400,11062,28600
한국공항,34000,31150,35800,31050,120106,41250
일신방직,54800,54400,55300,54400,1752,54400
유화증권,2300,2280,2310,2280,17744,2300
삼광글라스,26950,26850,27050,26500,18617,26850
KBSTAR 코스닥150선물레버리지,7400,7385,7475,7220,149291,7325
진양홀딩스,2305,2275,2315,2255,83458,2305
크라운해태홀딩스,8400,8380,8470,8300,35668,8660
STX엔진,5330,5130,5470,5130,13165,5570
두산우,32450,32250,32600,32000,25820,32000
고려개발,8150,7870,8230,7870,26943,8400
아남전자,1620,1625,1640,1600,1242230,1655
대림산업우,32500,31200,33000,31200,47936,33550
대성에너지,4610,4565,4640,4565,36062,4625
NPC,3300,3280,3340,3235,143795,3400
대영포장,1170,1165,1200,1155,6531004,1150
이수페타시스,2990,3030,3095,2975,797965,3005
이아이디,217,212,222,209,10121368,226
코오롱플라스틱,3305,3255,3340,3235,374451,3260
노루홀딩스,9250,9050,9450,9050,9115,9300
백광산업,2760,2705,2800,2695,2501087,2750
KODEX 배당가치,8600,8595,8630,8550,1203,8515
디씨엠,10600,10400,10600,10400,25469,10550
사조대림,13450,13600,13750,13250,24273,13450
카프로,2995,3080,3080,2955,602055,3080
STX,6150,5760,6190,5700,54206,6150
BYC,193000,191500,195000,191500,833,193500
인디에프,1990,2070,2100,1955,3579242,2050
한국ANKOR유전,1730,1725,1730,1715,7075,1720
삼성물산우B,73600,73100,73800,72000,10552,73300
동일산업,48950,47800,49700,47800,1526,49000
HDC현대EP,3480,3150,3515,3105,283284,3720
삼일제약,17450,17600,17700,17300,28264,18200
서원,2475,2425,2490,2290,4475415,2480
대신 골드 커버드콜 타겟 5%인컴 ETN(H),11820,11990,11990,11820,490,11680
보해양조,872,851,893,848,5076813,915
KODEX 단기변동금리부채권액티브,101970,101970,101970,101970,0,101945
자이에스앤디,4340,4300,4350,4220,154895,4320
세아제강,40300,40200,41000,39850,9169,40400
상상인증권,1175,1160,1215,1145,555855,1185
세진중공업,2970,2935,3000,2930,76581,2955
대우부품,2295,2190,2585,2180,48050880,2375
대동공업,4525,4415,4545,4410,199444,4655
한라,2665,2625,2710,2615,138031,2830
코오롱머티리얼,1655,1625,1690,1600,1609659,1595
삼호개발,4245,4280,4350,4225,289784,4380
TIGER 200선물레버리지,7615,7450,7740,7440,1927014,7430
화성산업,8620,8580,8680,8490,39041,8750
강남제비스코,16300,15950,16500,15750,20574,16750
인천도시가스,24000,23700,24400,23700,2756,24800
TIGER 코스피,19545,19320,19670,19320,104123,19370
보락,1775,1790,1800,1760,494718,1810
극동유화,3065,3095,3095,3030,453400,3085
써니전자,3400,3270,3435,3150,6220117,3150
HSD엔진,3100,3150,3150,3040,398428,3220
남광토건,9450,10000,10000,9370,95940,10750
TIGER 코스닥150 레버리지,7960,7845,8015,7745,769749,7900
대한화섬,80000,79300,83900,74600,2211,79000
디와이,3915,3795,3925,3795,126710,3980
화승알앤에이,1610,1605,1640,1565,101689,1615
삼부토건,691,662,705,658,1902015,757
현대비앤지스틸,6790,6940,6980,6780,33465,6900
두산솔루스1우,14150,14200,14750,13500,193198,14100
삼성 KTOP30 ETN,10430,10415,10545,10365,135081,10320
대한방직,19400,19300,19700,19150,11317,19350
백광소재,3630,3630,3700,3600,625341,3700
벽산,1485,1430,1570,1400,1256630,1485
한전산업,3110,3065,3110,3065,54685,3120
제이에스코퍼레이션,7320,7150,7560,7150,61115,7600
미창석유,56500,53800,57100,53800,2522,58200
경동도시가스,17100,16600,17300,16600,15903,17150
동남합성,27500,27350,28000,27350,3059,27900
광전자,1730,1730,1750,1710,87389,1735
TIGER 미국S&P500레버리지(합성 H),14810,14720,14935,14680,281108,14730
제이준코스메틱,3220,3050,3285,3035,1048330,3265
삼화전기,15100,14000,16600,13850,674734,15050
조선선재,79100,78200,79800,78200,709,79100
대창,1100,1065,1105,1055,1887817,1090
SH에너지화학,893,889,895,880,2031482,892
성창기업지주,1435,1390,1460,1385,282709,1420
금양,2190,2180,2240,2140,231259,2235
제주은행,2970,2955,2980,2805,50974,3045
유니켐,1455,1430,1470,1415,472567,1445
KINDEX 200TR,15200,15145,15320,15060,169804,15010
신세계건설,25400,26200,27000,24800,89778,24350
크라운제과,7590,7540,7600,7460,62155,7700
세아특수강,11300,10650,11350,10650,11905,11250
디아이,2960,2995,3005,2930,189052,3060
YG PLUS,1595,1530,1615,1495,3054766,1655
신한 S&P500 VIX S/T 선물 ETN B,31510,31380,31835,31060,11531,32090
비상교육,7330,7230,7360,7160,136194,7380
티웨이홀딩스,1165,1145,1235,1140,777233,1250
우성사료,3090,3165,3185,3030,2377197,3080
조비,17650,18000,18050,17350,170221,18300
미원화학,43200,44400,44400,43150,1167,43200
세이브존I&C,2295,2240,2330,2235,72772,2310
한진중공업홀딩스,3200,3110,3295,3095,55922,3205
일동홀딩스,8220,8290,8600,8110,6922,8200
우리들휴브레인,2510,2510,2530,2440,1369054,2620
TIGER 200선물인버스2X,6960,7135,7150,6845,4552375,7145
세종공업,4020,3990,4225,3910,361355,4145
다스코,5400,5290,5430,5270,108113,6010
KODEX 은선물(H),3330,3415,3430,3310,1378103,3325
윌비스,1465,1315,1610,1295,57643276,1455
호전실업,11450,11700,11700,11450,10856,11400
금호에이치티,3430,3380,3560,3345,43967,3535
SK이노베이션우,70900,70000,71200,70000,14911,72500
NH프라임리츠,4800,4765,4805,4695,58093,4850
광명전기,2020,2050,2060,1990,788909,2085
신흥,9480,9530,9530,9320,3065,9400
태평양물산,1780,1740,1830,1715,1137016,1800
현대코퍼레이션홀딩스,9350,9100,9500,9100,51430,9850
한창,2500,2535,2585,2455,6864561,2575
KEC,764,750,776,745,1462815,767
서연이화,3325,3205,3360,3205,146022,3300
웰바이오텍,2025,1985,2070,1975,618786,2070
콤텍시스템,1300,1340,1345,1295,2108184,1310
기신정기,3050,2980,3060,2970,134568,3040
ARIRANG 코스피50,18060,17845,18215,17765,21143,17830
디와이파워,7580,7420,7600,7330,100625,7980
일진전기,2270,2300,2300,2235,135514,2365
KB 코스피 마운틴 ETN,8710,8710,8710,8710,0,8730
무림페이퍼,2085,2055,2110,2055,174675,2090
삼화왕관,40100,39450,40450,39400,278,40350
지엠비코리아,4445,4320,4655,4220,600637,4545
우리들제약,6510,6580,6620,6450,324631,6640
한미글로벌,7520,7420,7610,7360,86582,7870
CJ우,37500,37000,37900,36900,5140,38150
KODEX Fn성장,11255,11175,11295,11125,7367,11140
영흥,981,971,994,969,853012,993
웅진,1070,1050,1070,1040,558728,1070
KC그린홀딩스,3650,3515,3665,3515,196643,3780
동성화학,15500,15600,16000,15400,28306,15850
일진디스플,3000,2940,3060,2930,402510,2985
지투알,5040,5000,5130,4950,14645,5090
테이팩스,18000,17850,18700,17100,104490,17750
퍼스텍,1730,1700,1755,1685,305524,1790
KODEX 국고채3년,57730,57700,57740,57695,17611,57695
SK우,145000,138000,153500,138000,43380,146500
삼원강재,2045,2055,2060,2010,77439,2070
동방아그로,5830,5800,5860,5800,14839,6080
황금에스티,5490,5650,5650,5480,77529,5910
수산중공업,1485,1470,1575,1415,2750797,1510
키다리스튜디오,4980,5200,5260,4755,204798,4805
조흥,131000,129500,135500,129500,360,135500
대림씨엔에스,6140,6050,6200,6050,42177,6370
세원정공,8090,0,0,0,0,8090
한국내화,3380,3440,3460,3345,473513,3535
대현,1765,1725,1780,1725,102029,1820
천일고속,56200,56600,57000,55000,498,56200
대유에이텍,746,760,760,726,348488,749
남성,2245,2120,2290,2090,1255685,2210
DRB동일,4040,3955,4090,3955,40605,3990
성보화학,3960,3970,3975,3915,22892,3950
금호석유우,25400,25400,25550,25250,12683,26100
한양증권,6000,5860,6100,5830,60654,6170
KODEX 미국S&P500선물(H),13700,13675,13790,13655,111950,13680
우진,3555,3480,3635,3420,190069,3855
동양고속,26700,26700,26950,25350,9015,26850
오리엔트바이오,764,777,779,732,2266596,762
그린케미칼,3200,3175,3230,3130,12030,3215
대호에이엘,2270,2300,2320,2240,902480,2830
대신증권2우B,7710,7690,7780,7660,39537,7650
ARIRANG 코스피TR,9395,9315,9455,9315,77906,9310
부국철강,3570,3645,3645,3490,436623,3815
휴니드,5330,5140,5370,5140,61796,5350
시디즈,39100,34250,43000,34200,48952,37400
두올,2760,2640,2825,2640,657952,2755
유유제약,11750,11800,12000,11550,149243,11700
TIGER 부동산인프라고배당,4440,4410,4450,4375,75423,4470
화신,2145,2110,2205,2110,267538,2130
서연,3200,3200,3265,3050,458506,3160
유니온머티리얼,1775,1755,1810,1745,476649,1760
KTcs,1730,1720,1745,1715,530511,1725
동방,2185,2285,2330,2170,7733640,2190
방림,1725,1725,1735,1695,36995,1720
사조오양,7660,7640,7720,7500,146459,7720
KBSTAR 단기국공채액티브,100845,100850,100850,100830,22080,100845
수출포장,17950,18000,18250,17700,9073,18150
엔케이,913,850,931,850,1120837,907
쎌마테라퓨틱스,7350,6710,7380,6600,964819,7180
KBSTAR 국고채3년선물인버스,99565,99535,99565,99490,7,99475
남영비비안,1065,1060,1105,1050,3433311,1050
금강공업,2940,2875,2960,2850,69967,2935
유양디앤유,1220,0,0,0,0,1220
신영와코루,79900,78200,80600,77900,387,79000
영풍제지,3165,3170,3190,3125,59503,3200
TIGER 2차전지테마,7225,7080,7390,7080,801269,7160
참엔지니어링,1280,1290,1310,1260,266124,1315
TIGER 차이나HSCEI,12515,12545,12700,12515,1158,12405
KODEX 미국달러선물,10730,10810,10810,10725,123761,10755
포스코강판,11700,11550,11850,11550,35305,11700
KCTC,2345,2350,2385,2290,323665,2335
미래산업,84,77,110,77,699734847,83
조광페인트,5350,5300,5350,5220,33897,5460
대유플러스,646,639,656,639,307258,652
대원전선,969,969,987,950,738268,1020
범양건영,2780,2755,2840,2715,653099,2775
신풍제약우,26150,27400,30100,25950,803048,31200
MH에탄올,9300,9260,9330,9070,231708,9290
사조씨푸드,3935,3940,3975,3910,157495,3970
한국제지,13550,13300,13600,13300,40212,13600
새론오토모티브,3540,3410,3995,3360,79867,3535
유성기업,2530,2475,2550,2475,47245,2615
화천기공,30550,30050,30750,29900,4237,30650
KBSTAR 200IT,9650,9535,9740,9535,1242,9475
한농화성,4210,4200,4350,4195,54696,4260
경동인베스트,27000,26800,27600,26050,6818,27900
한국석유,96100,97300,97300,94900,5074,99400
영화금속,1445,1435,1465,1395,1374982,1420
평화산업,1130,1120,1255,1110,3710484,1175
KBSTAR 국채선물10년,57320,57295,57320,57195,545,57275
KBSTAR 금융채액티브,101635,101645,101645,101620,6,101590
이건산업,5650,5260,5900,5260,319017,5820
대창단조,21550,20850,21850,20850,18115,22250
우신시스템,3485,3500,3540,3410,111828,3470
KODEX 2차전지산업,7535,7500,7775,7440,437971,7470
고려산업,2585,2600,2660,2545,747315,2540
KBSTAR 중기우량회사채,104570,104550,104600,104515,40220,104565
가온전선,14800,14550,15400,14550,8521,15000
STX중공업,2170,2285,2285,2065,98464,2200
에넥스,894,860,918,860,896657,1040
화천기계,2940,2815,2940,2700,3534035,2830
대림통상,4050,4080,4125,4005,8757,4085
인지컨트롤스,4045,3750,4360,3750,1796071,4100
동일고무벨트,4620,4510,4960,4510,93618,4605
KTis,1770,1745,1775,1680,135310,1760
KC코트렐,4540,4480,4640,4430,331068,4690
세하,2035,2000,2090,1930,151692,2055
엔케이물산,722,706,734,703,1340183,720
KODEX MSCI Korea,12450,12145,12450,12145,2637,12255
서울식품,176,178,179,174,17151262,177
DSR,3630,3580,3700,3565,62427,3700
모나미,3140,3045,3285,3000,4849998,3120
삼성 인버스 2X WTI원유 선물 ETN,9560,9475,9560,9255,1300777,11765
제일연마,5710,5860,5860,5650,12537,5820
삼정펄프,22700,22700,22800,22700,2605,23200
상신브레이크,2715,2630,2735,2630,44278,2695
한익스프레스,4675,4625,4740,4540,409484,4820
주연테크,537,0,0,0,0,537
태경케미컬,4920,4905,4940,4860,109275,4935
KODEX 중국본토 A50,17295,17170,17340,17170,8242,17330
대구백화점,5180,5170,5220,5080,4507,5280
KB Wise 분할매매 ETN,9610,9550,9610,9550,3,9495
일성건설,1005,1010,1030,982,729649,1050
혜인,4315,4310,4335,4205,214263,4455
대림B&Co,3430,3455,3500,3400,22907,3390
화인베스틸,1920,1880,1975,1805,645468,1905
국동,1820,1680,1900,1675,5968518,1860
SG충방,1195,1135,1275,1135,589745,1240
유한양행우,47250,50000,50900,46650,16461,47200
세우글로벌,2030,1965,2065,1850,7530228,1940
만호제강,13000,12150,13700,12150,11124,13400
까뮤이앤씨,1165,1130,1170,1125,1374964,1230
SMART KRX300,12075,12020,12130,11955,9068,11955
대양금속,2445,2445,2480,2385,719087,2460
디아이씨,1390,1335,1425,1335,253463,1405
TIGER 미국MSCI리츠(합성 H),11060,10760,11060,10720,32790,10920
KBSTAR KRX300,12115,11845,12150,11845,5005,11985
GS우,30000,29750,30150,29700,6346,30050
휴스틸,6750,6660,6980,6550,29656,7020
체시스,2190,2150,2190,2135,631160,2220
영보화학,2565,2470,2580,2455,69735,2655
DSR제강,3625,3630,3630,3550,52951,3675
CS홀딩스,45500,45450,46150,44800,1337,45700
ARIRANG 코스피,19790,19500,19875,19500,20954,19630
TIGER 미국채10년선물,12940,13030,13030,12890,67168,13000
금비,50100,48800,50700,48800,768,51900
KOSEF 통안채1년,101745,101760,101760,101735,131478,101760
KODEX 은행,5100,5070,5160,5070,240807,5040
메타랩스,970,979,989,946,239528,987
선도전기,2730,2800,2930,2700,611085,2830
한국프랜지,1680,1630,1785,1610,1844368,1670
파워 200,26330,26065,26575,26065,45591,26025
두산솔루스2우B,30100,28000,31500,26500,357358,30700
대원화성,1150,1140,1160,1135,106575,1225
KODEX 고배당,6770,6685,6790,6685,50285,6730
우진아이엔에스,6610,6410,6690,6350,47072,6600
한국특수형강,1430,1385,1435,1305,555950,1550
삼성공조,6180,6100,6300,6100,11789,6160
NI스틸,1725,1760,1760,1720,31560,1750
미래아이앤지,381,396,400,379,2964798,386
대교우B,2565,2565,2595,2540,318493,2565
TIGER 중장기국채,53675,53570,53690,53550,535,53665
KB KTOP30 ETN,9555,9555,9555,9555,0,9780
동양피스톤,3745,3610,3875,3590,230749,3700
폴루스바이오팜,1225,0,0,0,0,1225
부국증권우,16000,15950,16150,15950,1526,15950
유엔젤,3610,3405,3690,3355,450666,3625
인터지스,1585,1615,1615,1545,51106,1605
KB KQ 우량주30 ETN,9645,9680,9710,9645,76,9535
한신기계,1435,1425,1465,1415,383544,1455
KODEX 중국본토CSI300,10295,10305,10400,10215,15160,10260
티에이치엔,2610,2510,2630,2480,195128,2620
롯데지주우,46850,46200,47650,45300,7688,47700
QV Big Vol ETN,9390,9390,9390,9390,11,9390
ARIRANG 200동일가중,6810,6745,6845,6730,58272,6840
두산퓨얼셀1우,3485,3235,3565,3235,186507,3505
평화홀딩스,3120,3040,3325,3000,269308,3180
유화증권우,2625,2570,2625,2570,11077,2660
삼성 코스피 풋매도 ETN,9315,9315,9315,9315,3,9295
미래에셋대우우,3330,3220,3400,3220,70668,3290
페이퍼코리아,1285,1285,1340,1270,394347,1305
KB 코스피 양매도 5% OTM ETN,9090,9110,9110,9090,9,9120
신풍제지,1270,1270,1300,1220,348717,1300
KODEX 미디어&엔터테인먼트,12270,12085,12325,12085,31060,12265
삼성 레버리지 천연가스 선물 ETN,3550,3550,3575,3435,901718,3625
문배철강,2120,2130,2155,2070,145018,2205
TRUE 코스피 양매도 ATM ETN,9045,9045,9045,9045,1,9030
KODEX IT,12725,12485,12960,12485,46031,12515
유니온,2830,2785,2895,2760,176780,2885
한국종합기술,4095,4075,4145,4055,77570,4095
TRUE 코스피 양매도 3% OTM ETN,8870,8895,8895,8870,3666,8900
TIGER 국채3년,111500,111490,111535,111465,97,111545
이구산업,1270,1190,1280,1175,446302,1300
KODEX 200exTOP,8775,8715,8775,8715,39,8690
덕성,2775,2750,2830,2710,226217,2740
KODEX 반도체,22830,22775,23150,22640,111598,22510
SK케미칼우,28900,28900,29050,28400,33069,29250
코오롱인더우,15450,15600,15800,15350,84984,15300
신송홀딩스,3645,3550,3950,3520,108580,3530
TIGER 차이나CSI300인버스(합성),10755,10780,10800,10660,425427,10790
동원수산,8530,8630,8690,8470,118907,8780
TIGER 레버리지,9525,9225,9665,9225,1317139,9270
TCC스틸,1700,1655,1770,1655,79837,1770
태양금속,1050,1035,1070,1020,383745,1105
KOSEF 단기자금,101420,101430,101430,101415,30991,101420
선창산업,3160,3055,3160,3055,45500,3190
삼아알미늄,3610,3560,3665,3560,57842,3650
KODEX 증권,5090,4925,5140,4910,618653,5000
국보,1620,1625,1690,1555,664245,1635
케이비아이동국실업,604,604,613,600,115197,603
KOSEF Fn중소형,14790,14810,14870,14735,1670,14830
SJM,2445,2410,2540,2410,27545,2525
바다로19호,2580,2560,2585,2560,16445,2585
조일알미늄,559,556,579,543,278791,560
KR모터스,803,801,827,798,475264,826
대동전자,3660,3630,3790,3630,108618,3715
롯데칠성우,49800,50500,50600,49500,4692,50100
진양산업,2990,3010,3070,2985,496657,2985
호텔신라우,50200,49950,51300,49950,11041,51600
형지엘리트,1180,1130,1190,1105,491869,1245
QV WISE 배당 ETN,7710,7730,7750,7710,1863,7705
ARIRANG 신흥국MSCI(합성 H),8990,8650,9140,8650,15986,8825
TIGER 소프트웨어,9280,9130,9315,9125,261135,9280
한세엠케이,2960,2920,3000,2920,13318,2960
신한 인버스 WTI원유 선물 ETN(H),17145,17075,17150,16880,3697,19045
SJM홀딩스,2515,2520,2580,2510,18278,2530
KBSTAR 국고채3년,113635,113695,113695,113590,645,113645
케이탑리츠,808,794,809,793,311184,810
TIGER 코스피중형주,9815,9805,9870,9775,25879,9930
한솔로지스틱스,1350,1355,1365,1320,661859,1355
갤럭시아에스엠,1300,1295,1310,1210,222176,1340
KBSTAR 200선물인버스2X,6780,6890,6945,6650,1506213,6955
이화산업,13000,12900,13200,12700,1653,13100
대신 철광석 선물 ETN(H),18035,17900,18265,17805,397,18240
코아스,1115,1090,1145,1075,1037157,1165
금호전기,3460,3485,3540,3370,139156,3460
KINDEX 중장기국공채액티브,103350,103360,103360,103320,23,103360
삼영화학,1010,1005,1030,990,224655,1030
KBSTAR 200선물레버리지,9195,8905,9335,8905,113011,8970
하이스틸,16800,16350,16800,16200,8322,17450
원림,16400,16250,16900,15950,960,15850
KODEX 국채선물10년인버스,45390,45390,45390,45390,2,45305
신한,4945,0,0,0,0,4945
KODEX 미국달러선물레버리지,10750,10865,10865,10710,218556,10790
신한 레버리지 다우존스지수 선물 ETN(H),17425,17400,17635,17355,91301,17265
신한 레버리지 금 선물 ETN,17560,18100,18105,17380,92771,17190
QV 하드웨어 TOP5 ETN,16320,16320,16320,16320,0,17135
TRUE 레버리지 나스닥 100 ETN,11585,11820,11890,11585,190911,11335
TIGER 200IT레버리지,21800,21400,22650,20965,259700,21220
KOSEF 국고채3년,113080,113105,113105,113080,38,113090
미래에셋 전기전자 Core5 ETN,16870,16870,16870,16870,2,16870
KODEX 미국S&P고배당커버드콜(합성 H),8080,8140,8145,7940,63468,8030
TRUE 레버리지 S&P500 선물 ETN(H),11265,11285,11395,11205,16615,11175
삼성 레버리지 China A50 선물 ETN(H),32980,32435,33540,32040,27076,33375
미래에셋 레버리지 S&P500 ETN(H),16695,16875,16875,16695,1318,16605
KODEX China H,20660,20510,20870,20510,6641,20700
진양화학,2775,2790,2835,2755,648746,2735
신한 인버스 옥수수 선물 ETN(H),16310,16410,16410,16310,296,16385
성문전자,1600,1535,1625,1535,435617,1675
KBSTAR 미국S&P원유생산기업(합성 H),1830,1850,1860,1790,3175716,1915
신한 인버스 천연가스 선물 ETN(H),16495,16550,16630,16370,736,16225
신한 레버리지 은 선물 ETN(H),5425,5695,5760,5370,517462,5405
KODEX 200가치저변동,7075,6940,7085,6940,31538,7010
HANARO 코스닥150,9920,9680,9950,9680,58129,9885
TBH글로벌,1520,1490,1530,1465,119333,1545
QV S&P500 VIX S/T 선물 ETN B,31625,33230,33230,31150,850,32005
KODEX China H 레버리지(H),5970,5930,6075,5880,95323,5920
TIGER 반도체,23340,23145,23650,23145,109110,23095
WISCOM,2075,2020,2095,2020,45938,2070
에쓰씨엔지니어링,1250,1280,1285,1200,83350,1265
티탑스,5400,5960,5990,4835,526512,5310
미래에셋 레버리지 원유선물혼합 ETN(H),3145,3060,3480,3055,5956547,2855
KBSTAR 중장기국공채액티브,102895,102935,102935,102895,835,102920
인팩,3000,2985,3060,2950,34151,3110
KBSTAR 중국본토대형주CSI100,16175,16025,16255,16025,6582,16165
진도,2355,2295,2385,2275,62455,2435
삼성 레버리지 금 선물 ETN(H),30830,31530,31715,30150,78221,30180
KOSEF 코스닥150,4970,4940,4970,4910,3628,4960
덕양산업,902,899,935,886,158164,925
흥아해운,258,0,0,0,0,258
미래에셋 미국 대형주 ETN(H),14970,14970,14970,14970,16,14865
키위미디어그룹,150,0,0,0,0,150
QV 소프트웨어 TOP5 ETN,14450,14450,14450,14450,5,14755
두산2우B,33100,33700,33700,32250,754,32750
하이골드12호,2265,2345,2345,2250,32759,2230
미래에셋 미국 항공우주 ETN(H),14240,14190,14240,14190,4166,14525
동일제강,1835,1845,1870,1830,75697,1925
ARIRANG KS모멘텀가중TR,9920,9735,9955,9735,51,9770
우진플라임,2870,2735,2920,2735,23307,2875
KODEX 필수소비재,7975,7855,8005,7855,9752,7985
삼성 미국 대형 성장주 ETN,14145,13995,14195,13995,1389,14370
신한 다우존스지수 선물 ETN(H),14410,14325,14410,14325,3179,14280
ARIRANG 코스피중형주,7170,7185,7185,7130,14825,7290
TRUE 인버스 2X 천연가스 선물 ETN(H),29355,29340,29980,29270,4160,28360
웅진에너지,914,0,0,0,0,914
한솔PNS,1400,1385,1440,1370,189681,1380
이스타코,649,646,668,645,165141,653
TIGER 농산물선물Enhanced(H),4060,4050,4080,4035,53539,4090
삼성 China A50 선물 ETN(H),13720,13720,13720,13720,0,13890
동원금속,586,560,587,552,297314,593
ARIRANG KS퀄리티가중TR,10355,10265,10410,10265,50,10255
KOSEF 미국달러선물,12950,13010,13010,12925,60907,12975
삼화전자,2600,2435,2780,2435,454071,2640
하이골드8호,1820,1845,1845,1820,188626,1835
한성기업,4325,4335,4335,4250,54059,4395
삼성 미국 대형 성장주 ETN(H),13355,13140,13405,13130,1183,13580
KODEX 삼성그룹밸류,6540,6410,6605,6410,14873,6435
두산퓨얼셀2우B,9180,8890,9450,8800,97334,9030
KINDEX 삼성그룹섹터가중,10045,9910,10145,9910,2710,9970
신한 금 선물 ETN(H),13540,13750,13775,13540,5788,13425
TIGER 미국다우존스30,14970,14930,15105,14920,55933,14860
KINDEX 일본TOPIX인버스(합성 H),6275,6230,6340,6230,292353,6330
경인전자,17400,17600,17600,17150,1152,16900
KINDEX 코스피,19640,19495,19640,19485,523,19545
TIGER 일본TOPIX(합성 H),11980,11965,12010,11860,1948,11885
TIGER 코스닥150선물인버스,7415,7380,7515,7380,1269404,7440
성안,447,415,447,414,299134,456
ARIRANG 미국장기우량회사채,107490,108020,108020,106715,492,107750
진양폴리,2555,2580,2610,2500,363791,2580
태원물산,3265,3200,3270,3200,15246,3370
QV 바이오 TOP5 ETN,12540,12320,12540,11485,363,12745
신한 레버리지 미국달러 선물 ETN,12635,12775,12775,12625,804,12695
ARIRANG 단기채권액티브,105025,105030,105030,105025,143,105020
미래에셋 중국 심천 100 ETN,12620,12595,12660,12595,34,12620
한진칼우,55500,45000,57600,44450,1017255,46550
한국전자홀딩스,529,517,540,517,126064,529
미래에셋 미국 중형주 ETN(H),11855,11855,11855,11855,0,12195
ARIRANG 단기우량채권,52845,52835,52845,52835,811,52845
미래에셋 일본 대형주 ETN(H),11960,11960,11960,11960,0,12100
미래에셋 인버스 원유선물혼합 ETN(H),21740,22700,22700,21480,683,24000
삼성 바이오 테마주 ETN,11830,12060,12060,11750,459,11990
미래에셋 미디어엔터 Core5 ETN,11800,11800,11800,11800,0,11985
미래에셋 미국 고배당주 ETN(H),11945,11945,11945,11945,31,11870
HANARO 200선물레버리지,11005,10680,11160,10680,9459,10735
삼성 KRX 금현물 ETN,11845,12450,12450,11805,21608,11770
ARIRANG 미국단기우량회사채,102135,102575,102645,102075,158,102345
QV 레버리지 S&P500 ETN,11860,13000,13000,11835,5000,11760
유안타증권우,1830,1780,1845,1780,25701,1820
신화실업,20200,20950,21000,20100,2586,19200
QV 스마트리밸런싱 260/4 ETN,11580,11580,11580,11580,200,11545
KODEX 미국나스닥100선물(H),11385,11445,11465,11365,121972,11255
KOSEF 미국달러선물레버리지,10290,10395,10395,10260,32344,10330
TIGER 미국달러단기채권액티브,10440,10490,10490,10420,106433,10475
ARIRANG KS로우볼가중TR,9275,9175,9320,9175,51,9195
삼성 S&P500 VIX S/T 선물 ETN(H) B,29375,29095,29475,29015,11856,29875
KODEX 배당성장,9905,9700,9995,9700,42087,9930
TIGER 200TR,13280,13205,13390,13205,3657,13115
미래에셋 미국 시니어론 100 ETN,11145,11145,11145,11145,0,11115
TIGER 코스피대형주,9650,9605,9695,9580,4689,9515
미래에셋 유럽 대형주 ETN(H),10955,10955,10955,10955,14,10910
신한 인버스 구리 선물 ETN(H),10920,10885,10920,10885,103,10875
SK디스커버리우,16300,16450,16950,16100,27433,16000
신한 인버스 2X 다우존스지수 선물 ETN(H),5400,5365,5450,5310,366838,5430
미래에셋 호주 ASX200 ETN(H),11145,11110,11145,11110,252,10860
TIGER 가격조정,18335,18215,18400,18215,1216,18340
TIGER 로우볼,9145,9095,9150,9080,957,9170
미래에셋 일본 중형주 ETN(H),10715,10715,10715,10715,0,10730
KODEX TRF3070,10075,10230,10230,10040,3925,10195
KINDEX 레버리지,3975,3835,4050,3835,441044,3890
TRUE 빅5 동일가중 ETN,10315,10315,10315,10315,0,10665
QV 인버스 레버리지 WTI원유 선물 ETN(H),8495,8405,8545,8100,20702,10620
신한 구리 선물 ETN(H),10545,10450,10590,10450,4269,10595
모두투어리츠,2700,2700,2715,2550,18293,2705
신한 인버스 2X 은 선물 ETN(H),10515,10015,10600,9945,10323,10565
미래에셋 에너지화학 Core5 ETN,10185,10185,10185,10185,0,10560
미래에셋 유럽 중형주 ETN(H),10270,10270,10270,10270,0,10505
삼성 화학 테마주 ETN,9880,9880,9880,9880,0,10495
에이엔피,252,248,254,244,372992,252
세기상사,50300,50100,51700,48400,932,51000
QV KTOP30 ETN,10025,10025,10025,10025,0,10355
에이리츠,5450,5390,5480,5350,9101,5450
미래에셋 미국 시니어론 100 ETN(H),10190,10190,10190,10190,0,10225
전방,12350,12000,13400,12000,2191,12100
LG하우시스우,19500,19350,19600,18850,2872,19550
ARIRANG 미국S&P500(H),11875,11720,11910,11700,56875,11850
미래에셋 원자재 선물 ETN(H),6710,6710,6710,6695,50,6715
삼성 미국 중소형 성장주 ETN,9645,9645,9645,9645,0,10060
대한항공우,19000,16750,21350,16750,907062,18050
KODEX 국채선물10년,72170,72105,72170,72010,2015,72110
하이골드3호,1235,1250,1265,1235,4938,1230
지코,306,0,0,0,0,306
ARIRANG KS밸류가중TR,9420,9355,9485,9355,50,9355
KOSEF 미국달러선물인버스2X,7605,7535,7635,7535,52050,7580
신한 코스피 콘도르 6/10% ETN,9650,9665,9665,9635,7,9700
KINDEX 중기국고채,107635,107635,107635,107635,1,107615
태영건설우,7510,7410,7510,7370,25267,7570
대덕전자1우,5850,5800,5890,5710,8037,5850
청호컴넷,2190,2160,2245,2100,238520,2250
세방우,5220,5430,5430,5180,251,5220
TIGER 우량가치,8175,8145,8255,8115,5663,8205
KINDEX 중국본토CSI300레버리지(합성),3310,3280,3400,3280,30410,3310
신한 코스피 월별 양매도 5% OTM ETN,9625,9625,9625,9625,0,9595
삼성 미국 중소형 성장주 ETN(H),9340,9340,9390,9340,277,9455
신한 코스피 월별 양매도 3% OTM ETN,9415,9415,9415,9415,0,9435
TIGER 200 금융,4940,4955,5015,4915,33553,4915
마이다스 200커버드콜5%OTM,11375,11375,11375,11375,0,11665
삼성 미국 대형 가치주 ETN,9035,9085,9085,9035,1727,9305
삼성 코스피 풋매도 4% OTM ETN,9300,9300,9300,9300,1,9300
ARIRANG 고배당저변동50,8045,7980,8065,7980,11133,8045
KODEX 배당성장채권혼합,10240,10175,10250,10175,3561,10245
대신 WTI원유 선물 ETN(H),4080,4195,4260,4070,258371,3675
HANARO KRX300,11880,11730,11985,11730,102,11830
신한 인버스 은 선물 ETN(H),9115,9100,9115,9100,65,9100
대신 2X 니켈선물 ETN(H),8480,8395,8500,8275,77698,9100
신한 USD K200 선물 바이셀 ETN,8880,8955,8955,8880,900,9045
ARIRANG 200선물인버스2X,13570,13895,13930,13335,392984,13915
TREX 200,26120,26160,26340,26055,52,25835
신한 코스피 콘도르 4/10% ETN,9005,9005,9005,9005,0,8955
FOCUS KRX300,12065,12090,12185,12065,5,11940
미래에셋 글로벌 리츠 ETN(H),8850,8850,8930,8850,57,8850
KODEX 자동차,11100,10970,11170,10970,37185,11020
신한 은 선물 ETN(H),8815,9060,9070,8785,6938,8810
미래에셋 미국 리츠 ETN(H),8765,8765,8870,8765,12,8795
삼성 미국 대형 가치주 ETN(H),8580,8580,8580,8560,272,8795
신한 레버리지 천연가스 선물 ETN,11230,11400,11410,11040,111052,11670
남양유업우,104000,103000,105000,102500,702,105000
신한 레버리지 S&P500 선물 ETN,8745,8860,9255,8745,49834,8740
미래에셋 Q150 Core5 ETN,8700,8700,8700,8700,2,8700
신한 인버스 2X S&P500 선물 ETN,8570,8600,8635,8425,85512,8630
TIGER 미국달러선물인버스2X,8630,8550,8660,8550,3206,8620
QV 롱숏 K150 매수 로우볼 매도 ETN,8670,8670,8670,8670,1,8580
하이트진로2우B,15150,14900,15150,14700,2417,15100
HANARO 고배당,7275,7285,7355,7270,338,7285
신한 K200 USD 선물 바이셀 ETN,8045,8045,8045,8045,0,8340
TRUE 인버스 2X 유로스탁스50 ETN(H),8430,8470,8505,8260,49703,8320
QV 인버스 레버리지 10년 국채선물 ETN,16435,16435,16435,16435,0,16535
TIGER 200 헬스케어,20605,20760,20765,20100,35614,20615
TIGER 모멘텀,16200,16035,16220,16035,808,16115
QV 화학 TOP5 ETN,8180,8130,8180,8090,30,8180
TRUE 코리아프리미어 ETN,7920,7920,7920,7920,0,8130
부산주공,369,357,378,341,768319,382
KBSTAR 글로벌4차산업IT(합성 H),13695,13100,13695,13100,5193,13490
KODEX Fn멀티팩터,9085,9055,9135,9010,166233,8990
대상우,11900,11900,12100,11800,4185,11800
씨아이테크,814,828,830,803,88778,890
QV 에너지 TOP5 ETN,7810,7820,7820,7810,6,7890
QV 자동차 TOP5 ETN,7920,7870,7920,7870,961,7875
KODEX KTOP30,13130,12990,13355,12990,6335,13020
TIGER 단기선진하이일드(합성 H),10970,10865,11020,10865,1773,10985
KINDEX 골드선물 레버리지(합성 H),17280,17500,17675,17140,45892,17030
QV 의료 TOP5 ETN,7445,7475,8165,7370,560,7650
한국주강,1315,1290,1330,1290,5766,1350
QV 조선 TOP5 ETN,7630,7630,7630,7630,0,7630
미래에셋 인버스 에너지화학 Core5 ETN,7675,7635,7675,7635,21,7580
KODEX 바이오,9385,9575,9575,9340,53674,9470
넥센타이어1우B,2340,2280,2340,2280,30902,2330
TIGER S&P글로벌헬스케어(합성),15005,14390,15005,14390,13078,15005
삼성 미국 중소형 가치주 ETN,7365,7395,7395,7360,689,7495
KINDEX S&P아시아TOP50,11070,11030,11235,11015,4239,11095
KODEX 코스피100,20195,19800,20350,19800,23682,19925
KBSTAR 중소형고배당,7585,7425,7615,7425,1199,7640
TIGER 코스피고배당,9350,9270,9385,9270,2860,9340
KODEX 200 중소형,7280,7285,7320,7225,4339,7395
KINDEX 모닝스타싱가포르리츠채권혼합,9750,9750,9750,9750,1,9835
컨버즈,4100,0,0,0,0,4100
KODEX 미국FANG플러스(H),14370,14500,14500,14330,185722,14015
쌍용양회우,9540,9480,9540,9210,9215,9520
TRUE 섹터탑픽 ETN,7290,7250,7290,7250,3,7290
KODEX 건설,2145,2120,2165,2120,156180,2165
미래에셋 인버스 미디어엔터 Core5 ETN,14765,14765,14765,14765,0,14430
KODEX 글로벌4차산업로보틱스(합성),10615,10500,10650,10405,1997,10665
신한 인버스 2X 천연가스 선물 ETN,14725,14735,15105,14685,21363,14310
신한 인버스 금 선물 ETN(H),7060,6985,7085,6970,3756,7140
신한 인버스 2X 미국달러 선물 ETN,7165,7115,7180,7115,10343,7135
ARIRANG KRX300,12020,11925,12080,11900,482,11890
삼성 미국 중소형 가치주 ETN(H),6970,6970,6970,6970,11,7075
KODEX 미국채울트라30년선물(H),14220,14095,14220,14055,49082,14090
삼성 온라인쇼핑 테마주 ETN,7060,6860,7060,6860,118,7035
삼성 Alerian 에너지인프라 MLP ETN,4455,4430,4455,4430,1467,4665
QV CHINEXT ETN(H),6950,6930,7045,6930,5000,6950
하이트론,2440,2385,2440,2325,17167,2495
녹십자홀딩스2우,16450,16450,16450,16300,2406,16200
QV 내수소비 TOP5 ETN,6805,6780,6820,6780,190,6805
KODEX 미국달러선물인버스2X,8640,8565,8660,8555,40043,8610
신한 콩 선물 ETN(H),6845,6870,6875,6845,50,6790
KBSTAR 모멘텀로우볼,10110,9910,10160,9910,25086,9985
ARIRANG 미국나스닥기술주,15010,15995,15995,14975,20142,14930
FOCUS ESG리더스,6705,6705,6705,6705,3,6690
신한 인버스 브렌트원유 선물 ETN(H),12865,12725,12900,12725,12814,13300
KBSTAR 채권혼합,55120,54980,55185,54980,316,54925
삼성 Cushing 에너지인프라 MLP ETN,4185,4200,4200,4160,4528,4365
삼성 증권 테마주 ETN,6540,6395,6585,6395,547,6510
KODEX 최소변동성,8720,8575,8755,8575,20394,8680
TIGER 우선주,8760,8515,8835,8515,4111,8725
KINDEX 미국WideMoat가치주,11675,11560,11730,11560,8028,11710
KODEX 미국S&P바이오(합성),24215,23000,24230,22980,4202,25430
삼성 미디어 테마주 ETN,6400,6400,6400,6400,0,6400
QV 건설 TOP5 ETN,6405,6405,6405,6405,1015,6360
TRUE 인버스 2X 나스닥 100 ETN,6155,6075,6190,6060,394182,6305
TIGER 배당성장,12365,12335,12435,12295,918,12350
SMART 선진국MSCI World(합성 H),12585,12610,12610,12380,11,12585
QV 레버리지 10년 국채선물 ETN,25045,25045,25045,25045,1,25045
미래에셋 인버스 S&P500 ETN(H),6210,6200,6210,6200,286,6225
신한 WTI원유 선물 ETN(H),3355,3420,3440,3335,236203,3100
신한 인버스 2X 구리 선물 ETN,12440,12495,12495,12410,248,12395
KODEX WTI원유선물인버스(H),23595,23540,23630,23200,62998,26070
삼성 인버스 2X 구리 선물 ETN(H),12520,12660,12660,12360,1904,12380
현대건설우,113000,111500,121500,111500,3085,125000
QV 운송 TOP5 ETN,5955,5955,5955,5955,0,6145
신한 인버스 다우존스지수 선물 ETN(H),6100,6065,6100,6040,7785,6120
삼성 인버스 China A50 선물 ETN(H),12195,12250,12250,12105,185,12165
QV 미국 IT TOP5 ETN(H),17665,16175,17720,16175,6276,17295
TIGER 200 에너지화학,9920,9750,10045,9750,7236,9865
TIGER 일본TOPIX헬스케어(합성),12150,12155,12165,12070,1099,11985
NPC우,2235,2245,2245,2230,7184,2240
TIGER 코스닥150IT,11395,11215,11460,11215,7854,11360
QV 인버스 레버리지 S&P500 ETN,5815,5770,5845,5695,4016,5905
KOSEF 인도Nifty50(합성),10115,10090,10310,9920,58455,10270
KODEX 200미국채혼합,11370,11285,11380,11285,21755,11335
삼성 인버스 2X 금 선물 ETN(H),11325,11065,11415,11010,116137,11590
KBSTAR 고배당,8320,8180,8365,8180,17817,8230
TRUE 레버리지 엔선물 ETN B,11445,11445,11445,11445,18,11445
ARIRANG 고배당주채권혼합,9545,9535,9565,9535,10574,9535
삼성 음식료 테마주 ETN,5680,5725,5725,5680,3,5680
TRUE 인버스 2X S&P500 선물 ETN(H),5640,5630,5660,5560,235935,5670
일정실업,9540,9500,9590,9400,13421,9400
KODEX 헬스케어,13930,14125,14125,13700,115101,14085
TIGER 경기방어채권혼합,9355,9340,9355,9320,789,9370
신한 달러인덱스 선물 ETN(H),11195,11190,11195,11190,380,11200
TIGER 200 중공업,1935,1945,1960,1935,115388,1995
코오롱우,10600,12100,12100,10500,106619,10350
KOSEF 200 선물,11445,11340,11515,11340,59,11300
TRUE 코스피 커버드풋 ETN B,10920,10920,10920,10920,19,10935
TRUE 인버스 HSCEI ETN(H) B,10910,10910,10910,10910,400,10910
TIGER 미국S&P500선물인버스(H),6180,6195,6200,6130,120060,6215
TIGER 화장품,2990,2905,3020,2905,90985,2985
TRUE 엔선물 ETN B,10820,10820,10820,10820,1,10820
삼양홀딩스우,35650,35950,35950,34650,286,35400
ARIRANG 우량회사채50 1년,107490,107500,107505,107485,104,107485
TIGER 200커버드콜ATM,8955,8920,8955,8905,3,8910
TIGER 미국나스닥바이오,17325,17550,17550,17230,28053,17725
신한 옥수수 선물 ETN(H),5345,5315,5360,5305,21309,5315
신한 천연가스 선물 ETN(H),3460,3440,3470,3415,49474,3505
파워 코스피100,20145,19950,20380,19950,104,19930
KINDEX 싱가포르리츠,10320,10000,10450,9770,7426,10295
TRUE 유로선물 ETN B,10105,10120,10120,10105,36,10155
KODEX TRF5050,10120,10080,10135,10070,1738,10095
미래에셋 인버스 전기전자 Core5 ETN,5005,5025,5025,4850,329,5035
KINDEX 미국4차산업인터넷(합성 H),12570,12130,12585,12130,2887,12545
KODEX TRF7030,9990,9995,10090,9990,5232,10010
삼성 레저 테마주 ETN,5000,4905,5005,4905,251,5000
신한 코스피 콘도르 6/10% 콜 2204-01 ETN,10030,10030,10030,10030,0,9975
한화솔루션우,8640,8350,8650,8350,21139,8860
TIGER 인도니프티50레버리지(합성),8250,8050,8485,8050,146026,8285
넥센우,2730,2700,2780,2690,168,2735
남선알미우,32650,31450,33500,29950,40150,31900
ARIRANG KS로우사이즈가중TR,9850,9715,9880,9715,52,9785
TIGER 200커뮤니케이션서비스,17410,17375,17410,17265,1238,17450
TRUE 인버스 유로선물 ETN B,9805,9805,9805,9805,30,9770
SK증권우,2500,2430,2580,2385,54323,2495
QV 인버스 레버리지 MSCI 선진국 ETN,13755,13885,13885,13715,250,13895
KODEX S&P글로벌인프라(합성),9805,9940,9940,9530,3070,9850
신한 코스피 월별 양매도 5% 콜 2206-1 ETN,9715,9715,9715,9715,0,9685
KINDEX 인도네시아MSCI(합성),6795,6530,7025,6480,14356,6900
KINDEX 밸류대형,6100,6045,6110,6030,45,6035
계양전기우,6680,6500,6900,6430,76333,6890
QV 제약 TOP5 ETN,4725,4805,4805,4720,37,4810
KODEX 모멘텀Plus,8705,8675,8730,8575,29258,8665
신한 코스피 월별 양매도 3% 콜 2206-1 ETN,9475,9475,9475,9475,0,9470
TRUE 인버스 유로스탁스50 ETN(H) B,9430,9475,9495,9400,1811,9435
신한 코스피 콘도르 4/10% 콜 2204-01 ETN,9370,9370,9370,9370,1,9435
미래에셋 원유선물혼합 ETN(H),10155,10050,10280,10050,38443,9430
덕성우,6880,6740,6990,6670,185501,6730
한화우,19900,19900,20500,19200,34530,19500
삼양사우,24950,25950,25950,24800,4139,25250
KOSEF 블루칩,6690,6640,6735,6640,1011,6655
KOSEF 200선물인버스2X,6755,6910,6915,6605,234190,6900
KTOP 코스피50,18365,18265,18625,18265,193,18105
대신 인버스 아연선물 ETN(H),13180,13205,13205,13180,6,13110
TIGER 일본니케이225,13275,13110,13345,13110,2431,13100
TRUE 인버스 엔선물 ETN B,9095,9095,9095,9095,10,9095
유유제약1우,7890,7870,8080,7790,21892,8000
코리아써우,3055,2975,3080,2975,7850,3055
신한 인버스 달러인덱스 선물 ETN(H),9065,9065,9065,9065,0,9055
TRUE 인버스 2X HSCEI ETN(H),9070,8780,9070,8780,5966,9040
TIGER 일본엔선물,11115,11305,11305,11115,1567,11195
삼성 레버리지 은 선물 ETN(H),8990,9435,9535,8890,150059,8935
KINDEX 스마트로우볼,11175,11070,11175,11070,21,11075
KODEX 미국채10년선물,12585,12655,12655,12565,16211,12645
KBSTAR 차이나HSCEI(H),10995,10800,11090,10800,3316,11010
TIGER 글로벌자원생산기업(합성 H),8570,8530,8570,8520,10454,8785
일양약품우,19550,19900,19950,19500,5700,19700
QV 인버스 MSCI 선진국 ETN,12590,12590,12590,12590,63,12520
대신 인버스 철광석 선물 ETN(H),4410,4465,4465,4365,4758,4380
KODEX 미국러셀2000(H),8040,8035,8070,8025,15741,7945
KODEX MSCI밸류,7970,7900,7970,7900,53,7925
KBSTAR 5대그룹주,4880,4795,4945,4795,707,4840
HANARO KAP초장기국고채,50985,50910,51015,50765,123,51160
TIGER 미국달러선물레버리지,10815,10890,10890,10795,965,10850
KBSTAR 헬스케어채권혼합,10780,10820,10820,10745,2154,10805
KODEX KRX300레버리지,8085,7675,8165,7650,79888,7835
TIGER 원유선물인버스(H),17315,17200,17315,17050,12732,19105
TRUE 코스피 커버드콜 ETN B,8580,8575,8580,8575,117,8565
KBSTAR 미국장기국채선물레버리지(합성 H),15540,15500,15540,15385,5246,15515
KBSTAR IT플러스,11980,11905,12115,11905,454,11830
TRUE 인버스 나스닥 100 ETN,8345,8450,8450,8340,12736,8505
KODEX 턴어라운드투자,8530,8495,8545,8495,179,8500
KODEX 보험,5005,4935,5070,4935,126633,4970
KOSEF 미국달러선물인버스,9940,9900,9940,9890,375,9925
KODEX 게임산업,9425,9290,9450,9290,4498,9355
KOSEF 고배당,6240,6160,6280,6160,3379,6185
KODEX MSCI퀄리티,9410,9310,9465,9300,5214,9275
TIGER 일본엔선물레버리지,11840,11555,11890,11555,1367,11845
TIGER 유로스탁스레버리지(합성 H),5220,5110,5260,5035,71658,5180
대신 니켈선물 ETN(H),11400,11280,11410,11270,1838,11795
대신 2X 아연선물 ETN(H),4085,4025,4100,4025,5302,4105
KODEX 미국달러선물인버스,9515,9460,9530,9460,2591,9515
SK네트웍스우,71800,71200,73700,71200,342,71800
ARIRANG 중형주저변동50,7370,7355,7375,7340,96,7415
TIGER KTOP30,6525,6365,6570,6365,2549,6465
금호산업우,27200,27000,27450,26750,6517,27600
ARIRANG 200선물레버리지,18270,17885,18525,17855,67847,17795
마이티 코스피100,19960,19765,19960,19765,129,19960
동북아13호,5030,5030,5030,5030,4500,5030
삼성 모멘텀 탑픽 ETN,4015,3975,4015,3975,1339,3975
TIGER 국채선물3년인버스,49650,49650,49650,49650,0,49660
동북아12호,4915,4915,4915,4915,1,5000
KBSTAR KRX300레버리지,8065,7800,8150,7800,7219,7880
TIGER 대만TAIEX선물(H),13235,13235,13355,13235,107,13130
KOSEF 배당바이백Plus,11210,11145,11250,11145,105,11175
KBSTAR 주식혼합,31550,31355,31600,31355,5,31285
삼성 화장품 테마주 ETN,3880,3840,3885,3830,3683,3890
TRUE 코스피 타겟볼20 ETN,7650,7650,7650,7650,0,7780
KINDEX 스마트모멘텀,11205,11130,11285,11080,5164,11110
KBSTAR 팔라듐선물(H),12905,12820,12920,12800,149378,12925
KINDEX 일본Nikkei225(H),12970,12730,12975,12730,250,12900
한화투자증권우,1605,1530,1620,1530,23373,1610
KODEX 일본TOPIX100,12940,12775,12995,12775,1929,12810
TIGER 중장기국채선물인버스,47965,47965,47965,47965,0,48010
신한 레버리지 구리 선물 ETN,7615,7550,7690,7535,15905,7680
TIGER 삼성그룹펀더멘털,8210,8150,8355,8150,1115,8145
파워 중기국고채,103105,103105,103105,103105,1,103105
KODEX 200동일가중,7620,7620,7650,7555,8,7655
동원시스템즈우,23600,23600,23700,22800,365,22950
마이티 200커버드콜ATM레버리지,6800,6845,6850,6800,521,6760
KBSTAR KRX국채선물3년10년스티프너2X,50625,50630,50650,50620,6,50585
KBSTAR V&S셀렉트밸류채권혼합,10090,10065,10130,10065,217,10105
TIGER 유로스탁스배당30,8655,8610,8800,8560,30917,8645
KBSTAR KRX국채선물3년10년스티프너,50445,50450,50455,50445,6,50410
ARIRANG 국채선물10년,58160,58150,58160,58035,1101,58145
삼성중공우,51000,50600,53000,49500,1407,52400
KBSTAR KRX국채선물3년10년플래트너,50015,50005,50015,50005,6,49980
KBSTAR KRX국채선물3년10년플래트너2X,49790,49775,49790,49745,6,49800
TIGER KRX300선물인버스,9995,10285,10285,9870,354,9945
KBSTAR 200생활소비재,7320,7155,7320,7155,350,7270
KODEX 3대농산물선물(H),7090,7050,7115,7050,41624,7095
TIGER 200 건설,1800,1800,1830,1800,81015,1835
성문전자우,9630,9670,10200,9600,39938,9890
하이트진로홀딩스우,12550,12950,12950,12350,7502,12600
ARIRANG 스마트베타Quality채권혼합,9830,9815,9830,9815,110,9845
KBSTAR 중국MSCI China선물(H),10625,10400,10640,10400,473,10690
KODEX FnKorea50,7255,7115,7320,7115,460,7270
ARIRANG S&P글로벌인프라,9400,9360,9405,9315,21729,9655
KINDEX 일본TOPIX레버리지(H),11780,11430,11900,11430,10712,11560
KODEX 콩선물(H),7255,7290,7290,7230,6917,7210
KBSTAR 코스닥150선물인버스,7640,7635,7725,7610,49225,7685
TIGER 200커버드콜5%OTM,11565,11530,11565,11530,11,11480
TIGER MSCI KOREA ESG유니버설,7730,7670,7785,7655,57,7650
KODEX 미국S&P에너지(합성),4645,4565,4660,4565,201598,4800
KBSTAR ESG사회책임투자,8255,8175,8295,8175,5,8155
HANARO 코스닥150선물레버리지,6420,6365,6450,6235,37473,6335
파워 고배당저변동성,21000,20835,21170,20835,50,21025
KODEX 기계장비,3155,3130,3170,3125,143104,3220
KODEX 한국대만IT프리미어,11315,11055,11510,11055,23280,11315
TIGER 베타플러스,10775,10815,10815,10775,190,10775
대신 인버스 니켈선물 ETN(H),8265,8305,8340,8260,235,7975
하나니켈1호,255,258,278,251,5406000,245
ARIRANG 미국다우존스고배당주(합성 H),10640,10155,10650,10100,22854,10500
KINDEX 코스닥(합성),9165,9055,9165,9055,92,9240
TIGER 코스닥150로우볼,10845,10825,10845,10815,366,11070
대신 아연선물 ETN(H),7805,7770,7810,7770,467,7820
TIGER 금은선물(H),9210,9135,9330,9135,11157,9100
코오롱글로벌우,17250,17200,17250,16700,28385,17350
TIGER KRX300레버리지,7940,7450,8120,7445,3410,7720
KBSTAR 200선물인버스,8905,9085,9085,8810,8326,9005
TIGER 일본엔선물인버스2X,7695,7580,7700,7580,592,7690
TIGER 대형성장,8260,8075,8305,8075,183,8170
TIGER 미디어컨텐츠,4825,4775,4870,4760,30263,4750
TIGER 중소형성장,7390,7365,7390,7315,307,7505
노루페인트우,10900,10600,11050,10600,12405,11150
KODEX 경기소비재,8600,8460,8700,8460,1571,8555
TIGER 지주회사,9850,9855,9855,9850,3,9325
TIGER 이머징마켓MSCI레버리지(합성 H),7255,7295,7310,7130,5714,7305
KINDEX 인버스,8365,8575,8575,8305,160688,8475
QV 레버리지 MSCI 선진국 ETN,7190,7140,11285,7140,15145,7260
KODEX 국채선물3년인버스,49660,49660,49660,49660,100,49660
KBSTAR 200고배당커버드콜ATM,7180,7170,7190,7170,37,7215
KINDEX 멕시코MSCI(합성),6345,6210,6375,6210,11579,6280
삼성 건축자재 테마주 ETN,2485,2440,2485,2440,292,2505
TIGER MSCI KOREA ESG리더스,6905,6905,6905,6905,0,7255
KODEX 구리선물(H),4515,4470,4545,4460,19449,4530
KINDEX 배당성장,24875,24725,24905,24725,44,24835
KINDEX 국채선물3년인버스,99105,99105,99105,99105,0,99175
KODEX MSCI모멘텀,8185,8090,8185,8090,603,8095
KINDEX 스마트퀄리티,12200,12105,12200,12105,20,12110
크라운제과우,6220,6130,6380,6100,4696,6250
마이티 코스피고배당,9455,9455,9455,9455,2,9455
대상홀딩스우,5260,5250,5290,5230,2100,5270
금강공업우,8100,7960,8200,7960,7911,8130
KINDEX 필리핀MSCI(합성),12050,11720,12050,11720,131,11970
KBSTAR 우량업종,7980,7860,8000,7860,23,7975
KODEX 가치투자,7930,7930,7960,7920,1356,7965
TIGER 200 경기소비재,10945,10880,11035,10880,974,10855
TIGER 방송통신,7350,7280,7360,7255,6035,7455
HANARO 농업융복합산업,7885,7855,7920,7840,6735,7925
KODEX China H선물인버스(H),11610,11810,11810,11500,1778,11600
DB하이텍1우,41000,41950,41950,41000,1107,41250
KINDEX 국채선물10년인버스,91680,91680,91680,91680,0,91870
KODEX 멀티에셋하이인컴(H),9090,9365,9365,8980,3777,9180
파워 스마트밸류,10285,10195,10360,10195,60,10200
동부건설우,19500,19700,19750,19450,1238,20300
TIGER S&P글로벌인프라(합성),9110,9100,9110,9010,86,9150
KBSTAR 미국장기국채선물인버스(H),7570,7605,7605,7570,92,7545
KBSTAR 200커뮤니케이션서비스,10760,10730,10760,10650,106,10775
JW중외제약우,26200,26900,27000,25800,3809,26150
KINDEX 한류,5570,5575,5575,5510,31,5595
ARIRANG 코스닥150,9980,9930,9980,9815,688,9910
하나니켈2호,1345,1290,1415,1245,1041462,1345
TIGER LG그룹+펀더멘털,6150,6110,6230,6105,682,6070
TIGER 중소형,7125,7125,7125,7125,0,7270
ARIRANG KRX300헬스케어,9800,9950,9950,9675,388,9910
KBSTAR 수출주,7350,7140,7380,7140,11,7240
흥국 S&P코리아로우볼,7825,7825,7825,7825,0,8020
TIGER 200동일가중,7700,7700,7700,7700,12,7835
TIGER 현대차그룹+펀더멘털,12665,12700,12735,12660,5306,12625
진흥기업우B,5090,4940,5200,4810,31195,4935
TIGER 여행레저,4190,4130,4215,4035,52671,4135
진흥기업2우B,14050,13950,14600,13650,19504,14000
KODEX 미국채울트라30년선물인버스(H),6700,6750,6755,6700,2225,6740
ARIRANG 심천차이넥스트(합성),8765,8750,8895,8750,1879,8770
TIGER 중소형가치,7150,7205,7205,7150,218,7250
KBSTAR 게임테마,8645,8650,8650,8565,502,8715
KODEX 골드선물인버스(H),7685,7600,7715,7565,24162,7755
ARIRANG KRX300산업재,8450,8245,8475,8245,20,8310
JW중외제약2우B,40950,40350,41400,39200,1069,41950
한양증권우,7280,7260,7290,7110,3033,7220
흥국화재우,4915,4830,5000,4810,42278,4910
KG동부제철우,74200,76000,76000,70100,405,70400
KBSTAR 국채선물10년인버스,45850,45840,45890,45840,8,45805
KBSTAR KQ모멘텀로우볼,8275,8300,8320,8215,8,8315
KOSEF 코스닥150선물,6375,6340,6375,6340,16,6335
TIGER 증권,2995,2880,3000,2880,5808,2930
TIGER 200 생활소비재,9690,9455,9695,9455,1913,9670
신원우,35950,35300,37350,35000,1924,39950
TIGER 200 철강소재,5440,5430,5495,5405,2986,5475
KODEX 밸류Plus,5965,6025,6025,5965,291,5995
TIGER 라틴35,2385,2450,2470,2335,85471,2370
KBSTAR 200경기소비재,6780,6740,6800,6740,1406,6715
코리아써키트2우B,4510,4510,4660,4420,1331,4445
KBSTAR KQ모멘텀밸류,7715,7680,7730,7620,9,7715
TIGER 대형가치,7705,7540,7705,7540,120,7605
KBSTAR 200산업재,6885,6805,6900,6805,25,6805
KBSTAR 200건설,7300,7300,7370,7295,107,7350
TIGER 은행,5215,5200,5270,5190,6287,5160
노루홀딩스우,17100,17600,18250,16550,18199,17750
KODEX MSCI EM선물(H),7260,7230,7285,7230,782,7195
KBSTAR 중소형모멘텀밸류,7860,7810,7875,7810,10,7845
KBSTAR 팔라듐선물인버스(H),6260,6265,6325,6210,10528,6235
TIGER K게임,7755,7685,7755,7580,757,7725
흥국화재2우B,20650,19250,21450,19250,37884,20000
KBSTAR 미국장기국채선물인버스2X(합성 H),5525,5545,5555,5505,1258,5525
TIGER 200 산업재,3775,3755,3795,3755,88,3775
동양우,4940,4900,4995,4875,1709,4860
ARIRANG 스마트베타 Quality,7425,7390,7455,7345,313,7455
유유제약2우B,17650,17500,17900,17500,922,17700
ARIRANG 스마트베타 Value,6840,6870,6880,6835,30,6865
ARIRANG 선진국MSCI(합성 H),8470,8215,8510,8215,1205,8565
TREX 중소형가치,6015,5975,6030,5970,1865,6040
KBSTAR 200철강소재,5195,5225,5225,5190,8,5195
동양2우B,8460,8320,8580,8310,221,8500
KBSTAR 중소형모멘텀로우볼,7425,7400,7435,7400,11,7430
KBSTAR 200중공업,6030,5955,6045,5955,7,6190
ARIRANG 스마트베타 LowVOL,7410,7405,7430,7375,379,7410
KODEX 운송,3310,2980,3375,2980,221655,3200
KBSTAR 200금융,6100,6085,6130,6075,142,6025
동양3우B,27050,27000,27050,27000,1038,27400
ARIRANG ESG우수기업,6670,6585,6695,6585,52,6660
ARIRANG KRX300IT,11595,11415,11830,11415,184,11415
KBSTAR 200에너지화학,6560,6525,6590,6520,288,6530
ARIRANG KRX300금융,7030,6950,7100,6950,287,6970
ARIRANG 스마트베타 Momentum,6850,6800,6855,6800,30,6830
ARIRANG KRX300자유소비재,9070,9000,9130,9000,14,8995
TIGER 골드선물(H),12885,13035,13055,12820,20288,12735
ARIRANG 주도업종,6925,6755,6960,6755,1117,6885
KODEX 성장투자,8400,8220,8410,8220,17,8400
KOSEF KRX100,4230,4200,4255,4185,187,4185
대한제당우,11550,11700,11700,11500,355,11600
KBSTAR 헬스케어,10650,10800,10800,10500,835,10740
QV 레버리지 WTI원유 선물 ETN(H),1250,1240,1760,1240,3636259,1250
KOSEF 코스닥150선물레버리지,3150,3135,3180,3075,57550,3140
TIGER 국채선물10년인버스,46465,46465,46465,46465,0,46545
TIGER 의료기기,11950,11925,12010,11855,5717,12395
KOSEF 코스닥150선물인버스,13135,13140,13270,13065,12836,13210
TIGER 200에너지화학레버리지,5470,5210,5625,5210,67309,5450
TIGER 구리실물,5925,6050,6050,5910,8804,6000
SMART 중국본토 중소형 CSI500(합성 H),4035,4150,4150,4035,514,4070
TIGER 차이나항셍25,16155,16065,16300,16065,376,16180
서울식품우,3225,3180,3230,3165,60410,3270
KBSTAR 모멘텀밸류,9185,9020,9220,9020,6464,9070
대원전선우,2620,2615,2660,2560,32729,2765
삼성 인버스 2X 은 선물 ETN(H),7235,6855,7315,6835,17990,7245
KOSEF 코스피100,20200,20000,20330,20000,1113,19955
KINDEX 삼성그룹동일가중,12050,11925,12120,11925,1098,11965
KODEX 미국S&P산업재(합성),13190,13010,13200,13010,28834,13430
HANARO e커머스,9540,9470,9665,9400,3457,9555
KODEX KRX300선물인버스,10135,10485,10485,10035,2477,10195
KBSTAR KRX300선물인버스,10095,10200,10200,10005,342,10175
KINDEX 스마트하이베타,8960,8875,8960,8875,20,8895
KODEX 200ESG,8970,8845,9045,8845,356,8835
깨끗한나라우,19600,19300,19700,18650,8845,19300
KINDEX 미국다우존스리츠(합성 H),69410,64470,69465,64470,775,70300
KOSEF 200선물인버스,8895,8965,8965,8820,6539,9005
KBSTAR KRX300미국달러선물혼합,10145,10015,10165,10015,51,10025
KINDEX 러시아MSCI(합성),23395,24180,24180,23345,4132,23260
KBSTAR 내수주플러스,8260,8225,8265,8225,16,8295
KBSTAR V&S셀렉트밸류,9815,9735,9865,9710,55,9805
KOSEF 저PBR가중,9695,9620,9770,9620,113,9715
삼성 레버리지 구리 선물 ETN(H),6660,6570,6715,6535,50113,6725
KINDEX 스마트밸류,9660,9570,9660,9570,20,9585
KODEX 에너지화학,8700,8570,8835,8570,10788,8690
CJ씨푸드1우,32800,33000,33450,31500,5284,33150
신한 인버스 2X 금 선물 ETN,6445,6330,6485,6285,137552,6605
TIGER 코스닥150바이오테크,9280,9295,9420,9225,15585,9285
QV MSCI 선진국 ETN,9050,9175,9600,9050,3011,9170
ARIRANG 국채선물3년,53190,53190,53190,53190,0,53190
성신양회우,8140,8140,8270,7690,30129,8650
TIGER 중장기국채선물인버스2X,45190,45190,45190,45190,100,45190
TIGER 일본엔선물인버스,8980,8980,8980,8980,111,9000
KODEX 퀄리티Plus,7790,7665,7800,7665,168,7860
KBSTAR 차이나H선물인버스(H),11440,11480,11480,11285,977,11415
현대비앤지스틸우,49800,49950,52900,48100,1023,57000
유나이티드제약,17750,18000,18200,17550,199479,18100
삼천리,71700,71200,72400,71200,3416,72100
송원산업,11400,11200,11450,11200,169191,12100
경인양행,6750,6560,6900,6550,670797,7080
경농,12500,12800,12900,12100,631357,13150
경방,10600,9360,12000,9360,1780441,10400
조광피혁,41300,40900,42450,40900,2976,42300
하이트진로홀딩스,12050,12100,12350,12050,35892,11950
현대일렉트릭,7400,7270,7670,7260,342482,7690
한국자산신탁,2275,2265,2340,2265,595273,2235
에이블씨엔씨,10200,10300,10550,10050,190429,10200
아모레G3우(전환),39550,39300,40350,38800,9713,38750
인스코비,2890,2730,2940,2710,2731035,2820
환인제약,14500,14500,14600,14300,64815,14600
코스모신소재,9300,9320,9560,9140,900200,9250
센트랄모텍,31950,31700,32400,30800,1177864,31200
금호산업,7430,7550,7620,7430,151865,7450
태림포장,3810,3855,3860,3745,771583,3790
한국카본,6000,6040,6120,5950,755291,6100
세아홀딩스,66000,63600,67500,63600,1254,67000
SBS미디어홀딩스,1905,1840,1920,1840,122965,1905
모나리자,7260,7210,7410,6970,4264873,7180
KBSTAR 대형고배당10TR,10010,9965,10130,9965,8201,9810
신도리코,25900,25500,26450,25200,26547,26000
아세아제지,29600,29500,30000,29150,61222,29200
코오롱,21050,24200,24400,20950,1118346,20700
삼성제약,4365,4395,4440,4290,3489734,4245
아세아시멘트,63200,68800,68800,62200,23950,66800
코리아오토글라스,13000,13050,13200,12850,63940,12900
엔에스쇼핑,7730,7600,7920,7600,92662,7630
JW생명과학,16100,16250,16500,15950,99584,16150
엘브이엠씨홀딩스,4920,4905,4975,4870,265086,4945
삼성SDI우,156000,155500,163000,154000,86282,154000
해성디에스,14800,14900,15300,14700,153047,14550
넥센,4555,4590,4650,4550,47830,4600
모토닉,7290,7240,7630,7000,66794,7440
일성신약,91400,93000,95200,91400,2754,91600
한화손해보험,2095,2060,2155,2060,527057,2085
한국화장품,15400,15350,16100,15150,2155978,15100
국도화학,43200,42400,43400,42400,7062,41750
현대에너지솔루션,22200,20600,22550,20400,452466,21650
쌍용차,1520,1425,1650,1400,4285103,1615
디티알오토모티브,24100,23950,24500,23700,11227,24100
삼성전자,51400,50800,52000,50300,31742341,50100
SK하이닉스,84100,83600,85900,83200,6184003,82000
삼성바이오로직스,566000,553000,568000,531000,770049,566000
삼성전자우,44050,43200,44900,43100,2975263,43500
NAVER,179000,175500,180000,173500,868989,180000
셀트리온,211000,215500,216500,205500,1775506,212000
LG화학,362500,352500,376000,352000,750098,351500
현대차,100500,101000,103500,100000,1480217,97600
LG생활건강,1249000,1209000,1257000,1207000,62010,1262000
삼성SDI,286500,277500,305000,276500,2101278,283000
삼성물산,95900,95400,98100,95000,564532,95200
현대모비스,179500,175500,181500,175500,304742,179500
SK텔레콤,199000,197000,201500,197000,279107,203500
POSCO,176000,177500,180000,176000,544919,175500
카카오,172000,169000,172500,167500,944904,175000
엔씨소프트,649000,661000,664000,645000,138465,642000
한국전력,20600,20500,21100,20400,3022125,21350
신한지주,28500,28300,29050,28300,2372626,28200
KB금융,32350,32250,33000,32250,3020690,31900
SK,188500,183500,191000,183500,243828,188000
삼성에스디에스,164000,161000,168000,160500,282296,166000
기아차,29900,29550,30300,29500,1782092,29350
KT&G,78000,77200,78900,77200,615986,77900
LG,62100,60700,64300,60400,373801,60600
아모레퍼시픽,180500,176000,185000,175500,655355,177000
삼성생명,48550,48100,49700,48000,1093969,48500
SK이노베이션,97700,97300,98500,97100,871974,99000
삼성화재,191500,191000,196000,191000,133959,189000
LG전자,54500,54300,55900,53900,1398525,53800
삼성전기,114000,109500,116000,108500,2433606,111000
넷마블,96400,96900,97200,95700,325145,94300
고려아연,404000,402000,412000,402000,61834,399500
S-Oil,67200,66700,67500,66700,667961,66800
하나금융지주,24750,24500,25250,24500,2645309,24550
롯데케미칼,194000,194500,202500,193000,196758,200500
KT,22000,21700,22200,21650,1287664,23050
우리금융지주,8220,8150,8300,8120,2778527,8120
KODEX 200,25925,25675,26135,25650,10774901,25615
한국조선해양,82000,80200,82500,80200,286113,81000
LG유플러스,12150,12350,12400,12150,2157284,12400
강원랜드,24950,24300,25300,23950,1699592,24400
아모레G,62500,61000,63700,61000,231370,60600
한온시스템,9120,9010,9270,9010,1311339,9320
한진칼,109500,86300,110500,84900,13501367,81000
오리온,117500,119000,121000,116500,139693,114500
기업은행,7880,7790,7930,7780,2786234,7700
코웨이,61700,60100,62200,60100,294199,60100
LG디스플레이,11500,11250,11750,11250,3618810,11300
