삼성전자,49850,50200,50300,49500,17929296,49350
SK하이닉스,82600,85200,85200,82000,6387281,81400
삼성바이오로직스,601000,581000,608000,576000,1008171,591000
삼성전자우,43000,43300,43450,43000,1146294,42500
NAVER,190000,190000,196000,186500,1479149,192500
셀트리온,214000,215500,216500,212500,604146,211500
LG화학,361000,360000,361500,356500,333238,353500
LG생활건강,1444000,1368000,1444000,1330000,144772,1434000
현대차,92400,93700,95100,92100,3147821,90100
삼성SDI,284500,291000,291500,284000,595112,277000
삼성물산,98700,96300,99500,95800,540268,98700
SK텔레콤,215500,214500,220000,213000,316021,209500
현대모비스,177000,175500,180000,175000,271658,169000
카카오,185500,181500,186500,180500,1400594,183000
POSCO,171500,171000,174000,170000,331637,173000
한국전력,23200,22700,23200,22500,4322359,22550
엔씨소프트,661000,671000,680000,660000,102101,653000
신한지주,27500,27400,27750,27200,1912282,27150
KB금융,31300,31700,31950,31300,1577604,31100
SK,182500,181500,184000,179000,199459,175500
삼성에스디에스,163000,166000,167000,162500,246293,157000
기아차,28800,28700,29800,28650,1936916,27700
KT&G,80200,78600,80600,78200,556731,78900
LG,63300,61500,63300,61400,258981,62000
아모레퍼시픽,176500,174500,178500,171500,366722,171000
삼성생명,47650,47550,48200,47450,559137,46900
SK이노베이션,99400,98700,100000,97300,901869,97600
삼성화재,190000,183500,191500,183500,98947,184500
LG전자,53300,52700,53500,52500,675718,52600
삼성전기,110000,113500,114000,110000,858772,107500
S-Oil,71800,69500,72400,68700,1494222,70300
넷마블,92700,91500,92800,91100,246741,90900
고려아연,392500,393000,400000,392000,38038,390000
롯데케미칼,215500,203000,216500,198500,331064,212500
하나금융지주,23600,23650,23900,23500,1285415,23150
KT,23600,23250,24050,23200,1216940,23150
우리금융지주,7910,7940,7990,7840,2010988,7850
LG유플러스,12950,12700,13150,12700,2085988,12750
한진칼,85200,85000,86500,84200,1250405,93000
한국조선해양,77300,76700,78800,76400,534766,76400
KODEX 200,25800,25710,25950,25555,12777867,25415
강원랜드,24450,24750,25100,24450,738151,24150
오리온,124500,117500,125500,117000,228772,121500
아모레G,58500,58400,59400,58300,141567,57600
한온시스템,9010,9010,9140,8910,713543,8760
코웨이,60100,59300,60700,59300,202396,59400
기업은행,7320,7370,7410,7300,2606811,7200
맥쿼리인프라,11400,11450,11450,11350,576976,11350
CJ제일제당,250000,236500,252000,236000,103203,259000
현대중공업지주,229500,222000,230000,222000,42082,229000
현대글로비스,100500,100500,105500,98900,158114,98300
GS,38600,37400,38700,37400,399097,37500
미래에셋대우,5220,5250,5280,5190,2375108,5150
CJ대한통운,148000,147000,150000,145000,77721,146000
삼성카드,27950,27750,28400,27750,118347,27800
KODEX 레버리지,10030,9950,10130,9820,126797697,9715
에스원,83900,83600,84900,83300,56146,83400
포스코케미칼,53600,54700,55200,52800,473620,51800
유한양행,47600,47200,47600,46750,383737,46950
메리츠증권,2940,2955,2965,2910,1742760,2980
일진머티리얼즈,40450,41550,41600,40200,487589,39150
팬오션,3430,3205,3480,3205,2514536,3370
부광약품,28300,28500,29750,27550,8378236,27500
녹십자,150500,151000,151000,147000,107777,151000
KODEX 단기채권,102195,102195,102200,102195,19501,102215
F&F,114000,116000,116500,112000,47363,110000
현대엘리베이,63200,63800,64600,62100,376832,61700
만도,23700,23950,24100,23600,365344,22800
녹십자홀딩스,20900,20550,21100,20500,94738,21400
종근당,93800,92300,94000,92000,24852,92300
코리안리,8390,8330,8410,8260,387651,8340
KODEX 200TR,8145,8100,8160,8035,325583,8000
더블유게임즈,55500,54600,56300,54000,263120,54400
KODEX 인버스,6930,6960,7015,6900,48918163,7030
한화시스템,8250,8160,8380,8160,773057,8770
TRUE 코스피 양매도 5% OTM ETN,9735,9730,9745,9725,9648,9755
신풍제약,18750,18350,19400,18250,4380795,18200
TIGER TOP10,8305,8290,8370,8280,2073,8215
두산중공업,3910,4000,4005,3820,2304692,3750
한국콜마,42350,42350,42500,41700,151310,41250
한솔케미칼,83900,83700,84000,82200,34251,82500
아시아나항공,4295,4375,4415,4255,4659089,4160
두산솔루스,32400,33800,33900,32250,976154,30350
KODEX 삼성그룹,6425,6420,6445,6370,229598,6315
대한유화,136000,125500,137500,121500,183052,142500
영풍,506000,504000,507000,493000,1672,500000
GKL,15200,15050,15400,14900,261797,14800
HANARO 200,25785,25570,25905,25535,71992,25395
영진약품,5160,5240,5260,5100,1007187,4980
SK케미칼,77800,79200,79800,77800,193408,77300
OCI,39250,39200,39300,38750,127314,37800
롯데리츠,5360,5420,5470,5300,774036,5240
롯데정밀화학,35900,32800,36000,32700,168301,34850
KODEX WTI원유선물(H),4130,4010,4200,3755,45287408,4150
한국테크놀로지그룹,9650,9460,9670,9410,55753,9410
금호타이어,3075,3010,3110,2980,474574,3025
현대위아,32900,32850,33550,32550,127728,31700
JB금융지주,4410,4350,4425,4350,175991,4365
두산인프라코어,4260,4315,4335,4250,1761804,4110
코스맥스,85600,85100,85800,83400,130814,85100
오리온홀딩스,13700,13350,13750,13150,169354,13400
롯데칠성,100500,98400,101000,98400,44332,100500
동원산업,212000,206000,215500,203000,5942,218000
태광산업,730000,721000,735000,718000,1352,720000
KODEX 단기채권PLUS,102290,102210,102295,102210,24176,102305
현대홈쇼핑,67900,66700,67900,66000,24734,66500
DGB금융지주,4820,4830,4860,4785,547900,4700
현대오토에버,39250,40550,40550,38950,39541,37750
삼양식품,101500,104000,104000,100000,41987,104500
코오롱인더,29900,29350,30150,29150,314034,29000
쿠쿠홈시스,35500,34950,35550,34550,17965,34600
롯데제과,118000,116500,119500,116500,3980,117500
대상,20000,19100,20000,18950,238015,21350
동원F&B,183500,180500,184000,177000,8398,191000
NICE,19400,19100,19550,19100,18603,19400
동아에스티,86200,83500,86400,83500,21083,86000
현대그린푸드,7560,7310,7650,7260,472178,7430
애경산업,28200,27100,28200,26550,186307,27100
롯데관광개발,10600,10850,10900,10600,156192,10300
SK가스,75900,75700,76200,74300,8080,77300
화승엔터프라이즈,12200,12350,12450,11850,414869,11700
아주캐피탈,12000,12200,12400,11900,66139,12050
다우기술,15650,15300,15750,15200,181784,15400
아모레퍼시픽우,63700,64800,65600,63200,28254,62000
휴켐스,16150,15850,16200,15700,113431,15850
대덕전자,8320,7960,8320,7960,799173,8210
한전기술,16850,16550,16850,16450,89423,16600
미래에셋생명,3645,3650,3695,3625,39059,3580
일양약품,34100,33650,34800,33500,336650,33000
QV 코스피 변동성 매칭형 양매도 ETN,8910,8910,8910,8910,0,8920
풍산,20650,21300,21450,20650,429748,22000
JW중외제약,30400,31050,31100,29900,404837,29400
후성,6770,6790,6840,6700,725182,6590
두산,38150,37150,38500,36800,102456,36850
ARIRANG 200,25915,25700,26055,25650,121843,25515
SPC삼립,71200,69500,71900,68600,14804,70100
쿠쿠홀딩스,84600,82600,85000,82000,5568,84300
한진,50000,49400,50900,49300,240395,49100
빙그레,57200,56000,57200,55900,57201,59600
에스엘,12450,12350,12750,12300,104817,12000
락앤락,11000,10700,11050,10650,189696,10650
종근당홀딩스,113500,113000,114000,111000,17755,114000
TIGER MSCI Korea TR,10220,10195,10245,10150,49352,10080
LIG넥스원,23550,23250,23700,23150,159860,25650
KINDEX 200,25990,25930,26095,25725,283774,25575
하나투어,40950,41000,41200,40550,83991,40350
보령제약,13400,12450,13650,12250,1618732,12700
한섬,23450,22500,23700,22400,84035,22650
제이콘텐트리,34750,35250,35750,34750,255645,33750
대한전선,656,661,664,653,1483335,643
넥센타이어,5700,5660,5720,5540,309978,5570
한진중공업,6550,6860,7090,6450,2013320,6530
한일현대시멘트,34300,34600,35900,33650,300153,32300
효성티앤씨,124000,122500,126500,121000,7895,125000
동원시스템즈,21200,20900,21500,20800,29227,20950
동아쏘시오홀딩스,88600,86100,90900,85500,27001,86900
제주항공,20400,20750,20850,20200,230135,20050
HDC,9020,8910,9120,8860,375758,8810
서흥,43300,42800,44300,41900,69262,44650
롯데하이마트,22400,21300,22400,21200,100198,21800
S&T모티브,34550,33850,34650,33600,39514,34950
CJ CGV,24750,25050,25350,24500,289728,24100
씨에스윈드,28950,28600,29950,28500,45096,29500
KODEX 코스닥 150,10075,10065,10155,10005,3095804,9925
남선알미늄,4710,4755,4865,4700,12549163,4510
영원무역홀딩스,36300,35350,36500,35200,7533,36300
롯데정보통신,32350,31300,32350,30900,40207,32100
LG상사,12850,12300,13000,12250,385099,12500
풀무원,11750,11200,11800,11050,277229,12500
필룩스,5820,5840,5990,5790,2634931,5540
동양생명,2955,2960,3040,2930,82661,2945
SK디스커버리,25650,24400,25700,24300,187967,24750
KODEX 코스닥150선물인버스,7270,7275,7340,7220,28626720,7390
삼성 코스피 양매도 5% OTM ETN,9320,9320,9320,9320,0,9325
에이프로젠 KIC,2320,2300,2345,2275,3369048,3015
KODEX Top5PlusTR,11610,11800,11800,11520,28022,11435
유안타증권,2360,2390,2400,2340,270577,2320
대신증권,9150,9140,9190,9050,85150,9120
현대에이치씨엔,4170,4160,4220,4140,255061,4065
대한해운,18900,18150,18900,18000,123038,18350
경동나비엔,35900,35600,36100,35400,26446,35000
진원생명과학,13900,14450,14650,13850,3724343,13400
롯데손해보험,1440,1400,1445,1395,302711,1430
한국토지신탁,1760,1720,1770,1710,522501,1745
이월드,4375,4195,4600,4190,10310352,4470
한세실업,11150,10850,11200,10800,131468,10950
SK디앤디,23350,23300,23700,23000,40877,22900
LG하우시스,41800,39250,41800,39250,145390,48400
에이프로젠제약,1365,1365,1405,1345,9350824,1770
BGF,4305,4105,4320,4060,252206,4460
KODEX 코스피,19605,19490,19645,19385,107883,19365
신영증권,44950,44950,44950,44400,4562,44350
화승인더,7590,7740,7770,7500,932426,7500
삼양홀딩스,49350,48250,49500,48200,19582,48200
덴티움,37900,38000,38400,37400,47351,37150
부산가스,33850,33500,33850,33400,1481,37350
롯데푸드,363000,350000,363000,350000,3049,361000
두산퓨얼셀,7660,7830,7870,7650,696317,7330
삼성화재우,132500,131000,133000,130500,6282,127000
지역난방공사,35650,35850,36000,34800,16323,34900
대교,4880,4810,4940,4810,321665,4760
드림텍,5970,5940,6150,5820,1682827,6440
미원에스씨,76000,74400,76300,74300,3067,75700
한미반도체,7930,8000,8030,7840,155832,7700
미래에셋대우2우B,2835,2880,2880,2820,859293,2825
세방전지,27950,27000,28000,26950,32153,27650
한국콜마홀딩스,21950,21850,22050,21500,53162,21500
남해화학,7860,7950,7960,7620,269742,7660
동국제강,4025,3965,4045,3930,245391,3975
맵스리얼티1,4095,4030,4110,4025,172303,4085
제일약품,26400,26600,26750,25850,46313,25750
효성화학,111500,101000,115000,101000,51337,116500
스카이라이프,8000,7480,8000,7460,242292,7680
TIGER 단기채권액티브,50265,50255,50265,50255,2395,50265
아이마켓코리아,10050,9710,10050,9650,48066,10150
웅진씽크빅,2690,2595,2750,2595,2087372,2690
하나제약,22450,22850,22850,22300,42051,22250
삼진제약,24050,24100,24400,23850,48917,25500
우리종금,536,540,545,524,919706,525
LF,12400,11950,12400,11900,123564,12050
서울가스,68400,68100,70000,68000,120,70300
율촌화학,14050,14250,14300,13850,129657,14100
케이씨텍,17850,17750,17900,17350,92127,17600
디피씨,8380,8300,8630,8210,6743677,8370
KOSEF 200TR,29490,29340,29630,29220,39946,29050
유니드,39500,38000,39500,37650,19604,39200
송원산업,13950,13300,14000,13100,642828,14450
LG전자우,20550,20650,20700,20350,90668,20150
한일시멘트,86100,87900,88500,85300,22617,83200
현대건설기계,18100,18300,18500,18000,131528,17500
농심홀딩스,73000,72000,73100,71300,3059,74300
KODEX 선진국MSCI World,13200,13065,13200,13065,13197,13170
HANARO 단기통안채,102490,102490,102490,102490,10,102490
TIGER 코스닥150,10100,9935,10165,9935,1253284,9940
한국쉘석유,257000,252000,257000,250000,2382,257000
효성첨단소재,76100,73400,76100,73300,23910,74200
일진다이아,24150,24550,24850,23900,224399,23350
TIGER 200 IT,21150,21505,21505,21015,182299,20645
SBS,18550,18300,18800,18250,70313,18150
이리츠코크렙,5280,5320,5320,5150,120323,5230
LG헬로비전,4335,4400,4400,4300,253468,4255
JW홀딩스,5000,4930,5010,4910,113050,4935
한화투자증권,1545,1570,1570,1530,571037,1525
퍼시스,28300,28000,28300,27500,16400,28100
신영증권우,45150,44800,45200,44800,3491,44950
한솔제지,13500,13450,13500,13200,105447,13250
광동제약,6040,6050,6080,6000,156714,6000
진에어,10750,10900,11000,10650,136100,10450
미원상사,61700,61900,61900,61500,3936,61700
잇츠한불,14800,14800,14850,14450,24951,14200
도화엔지니어링,9230,9460,9550,9000,535758,9200
세아베스틸,8780,8500,8790,8420,102757,8600
진흥기업,2090,2100,2110,2070,92317,2090
해성디에스,14300,14250,14450,14100,73154,13850
쌍용차,1600,1610,1620,1570,1133110,1570
TIGER 원유선물Enhanced(H),1505,1475,1550,1430,94720951,1430
넥센,4440,4420,4455,4410,25082,4365
교보증권,6470,6420,6470,6300,142816,6440
E1,34000,33950,34200,33350,6650,33650
한국화장품,15100,14800,15200,14600,555220,14350
코오롱,19200,19150,20150,18850,250147,18200
신대양제지,56700,55000,56800,54000,27838,56900
삼성출판사,23300,22550,23600,22400,469697,22900
현대리바트,11050,10200,11250,10150,418666,11100
제일파마홀딩스,14200,13850,14200,13500,50532,14200
남양유업,320000,313000,320000,311500,2369,315000
삼양패키징,16350,16150,16400,16000,22212,15900
현대에너지솔루션,21200,21500,21500,20700,90523,20100
광주신세계,140000,141500,142000,140000,281,140000
대상홀딩스,6050,5970,6090,5830,174832,6180
S&T홀딩스,13700,13650,13850,13450,7351,13700
풍산홀딩스,28150,28100,28250,27750,4834,28450
용평리조트,4790,4945,4945,4735,253760,4630
애경유화,7160,6760,7220,6740,193885,6950
IHQ,1550,1545,1565,1535,789805,1520
삼익THK,11050,10200,12300,10200,594431,10550
넥스트사이언스,7200,7130,7330,7010,449048,6950
하나 코스피 변동성추세 추종 양매도 ETN,8780,8770,8780,8770,12,8780
삼성 레버리지 WTI원유 선물 ETN,2085,0,0,0,0,2085
CJ4우(전환),50400,50000,50600,49800,6846,50900
대한제분,125000,122500,125000,122500,3980,125000
대신증권우,8110,8090,8130,8020,47641,8040
LS전선아시아,7000,7000,7050,6950,101805,6820
신세계푸드,53700,53200,54000,53200,8178,53700
에어부산,4040,4100,4170,4005,514624,3960
케이씨씨글라스,24650,24950,24950,24150,94091,24650
이연제약,12450,12200,13700,12050,392998,12250
TIGER 차이나CSI300레버리지(합성),18300,18345,18500,18230,67107,17860
한국주철관,9070,9060,9150,8870,55976,8950
예스코홀딩스,33750,34000,34000,33400,836,34000
해태제과식품,7010,7140,7140,6950,39168,6970
KOSEF 국고채10년,125040,125025,125500,124775,23023,124995
무림P&P,3250,3175,3275,3160,132495,3200
코스모화학,7910,8070,8150,7820,377959,7640
토니모리,11800,12000,12100,11650,213985,11300
효성ITX,17400,16900,17850,16600,282068,17150
나노메딕스,5490,5560,5620,5470,475687,5250
동아지질,18150,18100,18950,17750,1085817,16950
유진투자증권,2025,2010,2030,2000,118081,2010
신세계 I&C,111000,108000,111500,107000,5761,112500
한세예스24홀딩스,4930,4840,4945,4725,13705,4820
선진,7760,7400,7760,7250,201571,8100
KBSTAR 단기통안채,103645,103640,103650,103640,282,103655
S-Oil우,39200,38300,39650,38100,25448,38500
대성홀딩스,9560,9730,9730,9510,14015,9590
흥국화재,2475,2455,2515,2420,60644,2400
효성중공업,16800,16250,17000,16100,72970,16450
대한제당,16900,16750,16900,16600,8788,17100
신성이엔지,896,876,903,876,617588,878
신성통상,1075,1070,1085,1060,1297741,1060
대한제강,6200,6100,6350,5880,262121,6150
신라교역,9530,9380,9540,9310,22930,9470
SIMPAC,2330,2390,2390,2330,33947,2310
삼양통상,51400,50200,51600,49800,7907,50300
LS네트웍스,1945,1930,1945,1880,83209,1895
DB,743,711,752,702,1216513,740
사조산업,29900,28300,30750,28200,44016,29750
동아타이어,10850,11000,11000,10850,160,10750
신한 레버리지 천연가스 선물 ETN(H),3885,3850,3920,3780,1055663,3565
삼성전기우,50700,52100,52100,50600,16109,50200
DI동일,60200,60800,63000,59400,22940,59100
노루페인트,7540,7580,7700,7310,426875,7280
TIGER 글로벌4차산업혁신기술(합성 H),11610,11605,11610,11485,51350,11550
한신공영,13050,13050,13600,12850,46600,12500
신원,1655,1680,1680,1605,2383390,1695
CJ씨푸드,4220,3890,4220,3855,11287694,4010
TIGER 경기방어,10310,10130,10310,10100,7596,10160
CJ제일제당 우,103000,98700,103500,98700,6093,107500
삼영전자,7210,7150,7250,7150,11476,7070
LG우,42750,42500,42950,42500,2281,42650
TIGER 헬스케어,32540,32375,32620,32140,118085,32040
미래에셋 코스피 양매도 5% OTM ETN,9330,9325,9330,9325,2,9350
한솔홀딩스,2980,2970,3015,2935,76971,2970
계룡건설,16100,16100,16150,15800,15672,15500
알루코,1880,1910,1925,1880,188737,1850
코스맥스비티아이,14850,15150,15200,14600,9607,14350
이수페타시스,3435,3405,3545,3385,1393122,3330
현대차3우B,57400,57800,58100,56900,4938,56200
대성산업,3050,2990,3095,2980,147451,3010
깨끗한나라,3540,3540,3620,3495,605537,3650
현대약품,4360,4345,4390,4300,257370,4245
한국공항,45200,44500,48000,44250,121813,42750
텔코웨어,14250,14300,14450,14000,29891,13950
아모레G우,21200,20900,21300,20750,8139,21000
삼광글라스,27700,27550,28400,26950,23038,27800
NPC,3330,3370,3390,3200,52815,3645
HANARO 200TR,29515,29525,29660,29230,157,29070
HDC아이콘트롤스,8140,8110,8220,8040,45460,8120
KTB투자증권,2240,2255,2275,2215,105900,2210
삼화페인트,5150,5230,5250,5040,107412,5010
비티원,3320,3130,3360,3095,336512,3335
DB금융투자,3170,3115,3170,3100,105373,3110
NH투자증권우,7020,7020,7070,6970,59026,6990
국제약품,7310,7250,7450,7200,1311529,7130
HANARO MSCI Korea TR,10225,10155,10270,10155,61,10085
쌍방울,970,952,977,949,2005800,937
SG세계물산,650,650,660,642,873568,645
샘표식품,28650,27850,28700,27850,17302,28450
태경산업,4530,4520,4540,4490,27452,4430
마니커,833,827,839,816,8114314,815
큐로,833,833,853,820,838229,814
대성에너지,4625,4590,4645,4575,17848,4695
고려개발,8450,8750,8750,8450,28650,8480
유화증권,2290,2320,2320,2290,18406,2275
사조동아원,920,908,920,900,861385,910
TIGER 미국S&P500선물(H),32555,32350,32570,32265,17731,32200
GS글로벌,1600,1600,1610,1565,237706,1550
한창제지,2230,2275,2280,2220,2547779,2140
크라운해태홀딩스,8850,8640,8860,8500,53384,8600
핸즈코퍼레이션,5890,6000,6000,5890,17040,5840
자화전자,7210,7300,7300,7160,76709,7130
명문제약,5400,5370,5470,5310,773105,5180
일신방직,53000,52100,53200,51900,1739,53000
진양홀딩스,2305,2290,2315,2280,21215,2270
신일전자,1825,1810,1835,1800,1443453,1780
대림산업우,33700,33950,34200,33150,8078,33150
KBSTAR 코스닥150선물레버리지,7475,7440,7560,7320,75485,7205
남광토건,13750,14000,14500,13500,873534,12750
백산,5370,5220,5390,5170,248237,5160
사조대림,13650,13300,13700,13250,40451,13550
삼호개발,5200,5300,5490,5160,1919158,4960
인디에프,1920,1935,2010,1900,1724190,2095
아남전자,1625,1655,1680,1625,428679,1600
동양물산,1005,1010,1015,996,1230766,979
동양철관,1070,1085,1105,1055,2103791,1030
HDC현대EP,3840,3995,3995,3790,189210,3835
대신 골드 커버드콜 타겟 5%인컴 ETN(H),12150,12150,12150,12145,16,12220
코오롱플라스틱,3300,3235,3350,3160,241304,3205
KODEX 배당가치,8510,8485,8535,8445,287,8390
서원,2605,2530,2645,2500,3142471,2560
대영포장,1170,1140,1170,1120,4075794,1120
한국ANKOR유전,1725,1725,1725,1715,13872,1725
백광산업,2760,2705,2790,2695,2207843,2685
노루홀딩스,9230,9330,9480,9150,17198,9070
디씨엠,10550,10550,10600,10350,11429,10250
자이에스앤디,4255,4175,4260,4175,158476,4460
동일산업,49150,50800,50800,49000,2396,49150
삼성물산우B,73100,73800,74000,72600,14920,73100
한라,3175,3180,3445,3050,793680,3040
삼일제약,18000,17950,18200,17750,67996,18000
KODEX 단기변동금리부채권액티브,101950,101950,101950,101950,0,101960
두산우,29800,29550,30350,29550,22915,28900
대우부품,2495,2490,2610,2420,16280988,2400
세아제강지주,28000,27950,28500,27500,7864,27600
이아이디,214,218,220,212,3758581,206
세진중공업,2965,2825,2995,2825,116596,2910
신한 인버스 2X WTI원유 선물 ETN(H),12550,14295,25915,11750,6487147,9225
신한 S&P500 VIX S/T 선물 ETN B,35780,36285,36585,35600,16167,36835
강남제비스코,17500,17200,17750,17200,23469,16950
미원홀딩스,42300,42300,42700,42150,1525,42250
태경비케이,3710,3715,3715,3645,498271,3570
샘표,34900,33350,35000,33200,18364,34000
동일고무벨트,6050,4675,6050,4625,885394,7110
제주은행,3095,3030,3125,3015,22451,3020
SH에너지화학,895,884,905,871,4762991,871
대창,1065,1075,1080,1055,862533,1060
TIGER 200선물인버스2X,7040,7080,7205,6970,2706931,7260
제이에스코퍼레이션,7280,7280,7330,7180,52206,7100
대호에이엘,3220,3140,3440,3050,5898999,3140
KEC,750,755,757,745,551174,730
현대코퍼레이션홀딩스,9430,9380,9450,9180,24527,9360
삼화왕관,39400,39850,39850,39350,429,39450
계양전기,2655,2535,2890,2535,2228500,2600
디와이파워,7820,7610,7900,7590,63101,7670
CJ우,37150,38100,38100,37000,2957,37400
금호석유우,26850,26000,27200,25900,21681,27750
수출포장,18000,17450,18000,17450,5046,18000
유유제약,11550,11500,11550,11150,174710,11300
조광페인트,5850,5900,5930,5810,43697,5610
방림,1700,1680,1730,1665,28115,1695
영풍제지,3225,3210,3290,3195,77995,3225
유양디앤유,1220,0,0,0,0,1220
동방,2115,2095,2185,2065,3424453,2125
한농화성,4670,4540,4765,4470,217778,4545
세하,1995,1950,1995,1910,31925,2010
TIGER 유로스탁스50(합성 H),9535,9415,9535,9415,10473,9410
인지컨트롤스,3975,4085,4085,3950,97891,3890
DSR,3740,3660,3745,3605,44532,3665
KBSTAR 중기우량회사채,104520,104465,104525,104435,3145,104550
KC코트렐,4580,4450,4585,4430,150949,4480
제일연마,5810,5700,5840,5700,5423,5750
KODEX 중국본토 A50,17490,17450,17630,17400,3450,17400
NI스틸,1750,1720,1810,1690,69727,1750
금비,51200,49900,51200,49900,634,50000
미래아이앤지,383,382,385,377,1156667,386
ARIRANG 코스피,19795,19715,19855,19595,1495,19525
우진아이엔에스,6600,6780,6780,6480,16179,6490
선도전기,2835,2855,2905,2800,221641,2745
KB KTOP30 ETN,9745,9745,9745,9745,0,9870
대교우B,2495,2465,2510,2445,138387,2530
삼성 레버리지 천연가스 선물 ETN,4245,4215,4290,4150,650137,3920
TIGER 중장기국채,53420,53395,53540,53380,364,53235
삼성 인버스 2X WTI원유 선물 ETN,13045,14870,26500,12350,29520420,9790
인터지스,1590,1565,1600,1500,72701,1645
대원화성,1195,1185,1205,1180,112215,1185
폴루스바이오팜,1225,0,0,0,0,1225
유화증권우,2690,2680,2695,2680,16979,2725
삼성공조,5950,5880,6000,5850,9856,5860
한국특수형강,1525,1530,1595,1490,199816,1470
QV Big Vol ETN,9335,9335,9335,9335,0,9485
부국증권우,15800,16200,16200,15800,2413,15800
KB KQ 우량주30 ETN,9235,9235,9235,9235,0,9465
한국프랜지,1625,1640,1660,1590,525270,1545
KODEX 중국본토CSI300,10345,10290,10390,10250,6026,10225
동양피스톤,3685,3585,3700,3525,79193,3555
롯데지주우,48250,47950,48300,47000,2847,47350
유니온,3090,3135,3150,3035,497029,2980
KODEX 미디어&엔터테인먼트,12660,12585,12785,12545,8674,12565
삼성 코스피 풋매도 ETN,9310,9300,9310,9300,24,9265
신풍제지,1295,1270,1370,1260,279428,1320
ARIRANG 200동일가중,6865,6780,6880,6780,30551,6785
선창산업,3560,3500,3560,3420,64000,3640
미래에셋대우우,3240,3240,3330,3150,26145,3250
한국종합기술,4180,4190,4225,4100,58529,4170
KB 코스피 양매도 5% OTM ETN,9120,9120,9120,9120,0,9130
TRUE 코스피 양매도 ATM ETN,9065,9065,9065,9065,0,9065
메타랩스,891,939,939,890,479174,866
페이퍼코리아,1235,1240,1305,1220,178019,1285
TRUE 코스피 양매도 3% OTM ETN,8920,8910,8920,8910,218,8935
TRUE 레버리지 천연가스 선물 ETN(H),12310,12105,12310,11940,77599,11135
한신기계,1410,1420,1425,1395,243950,1365
KODEX IT,12495,12680,12680,12450,20197,12240
KODEX 200exTOP,8790,8720,8800,8720,699,8730
두산퓨얼셀1우,3395,3435,3435,3250,49244,3260
TIGER 국채3년,111470,111400,111480,111385,201,111435
KBSTAR 미국S&P원유생산기업(합성 H),2135,2030,2200,2020,5285448,2215
신송홀딩스,3610,3555,3650,3520,15574,3610
두산솔루스2우B,27500,29000,29000,27100,45235,25900
국보,1645,1605,1645,1600,342487,1730
티에이치엔,2470,2485,2520,2445,254112,2345
문배철강,2110,2095,2155,2060,152101,2055
덕성,2760,2725,2800,2695,141507,2665
코오롱인더우,15050,15000,15350,14800,32431,14950
SK케미칼우,28450,28950,29000,28200,24634,28350
TIGER 차이나CSI300인버스(합성),10685,10750,10750,10685,294812,10850
KODEX 반도체,22755,23010,23010,22595,30187,22255
베트남개발1,290,287,293,287,93638,297
삼영화학,1210,1165,1250,1135,489327,1195
KOSEF 단기자금,101440,101445,101445,101430,157479,101450
삼아알미늄,3645,3650,3675,3600,33588,3650
신한 인버스 WTI원유 선물 ETN(H),21815,26565,26830,20000,103031,19995
ARIRANG 신흥국MSCI(합성 H),8810,8755,8810,8630,11101,8740
동원수산,8850,8620,8900,8540,207332,8540
SJM,2505,2415,2560,2415,34602,2535
KOSEF Fn중소형,14995,14770,14995,14770,72,14745
TIGER 소프트웨어,9605,9470,9715,9470,56256,9530
바다로19호,2590,2585,2595,2585,2236,2590
TCC스틸,1720,1725,1755,1705,18848,1710
조일알미늄,559,565,570,555,66529,558
케이비아이동국실업,599,600,601,591,123568,592
롯데칠성우,50200,49500,50200,49500,3136,50100
KODEX 증권,4930,4950,4960,4900,83653,4875
대동전자,3680,3705,3745,3600,11264,3655
QV WISE 배당 ETN,7630,7630,7630,7630,12,7630
SJM홀딩스,2550,2470,2550,2470,2750,2550
한세엠케이,2935,2865,2950,2860,8698,2945
태양금속,1055,1080,1080,1055,206667,1035
진양산업,3015,2965,3020,2945,219639,2900
호텔신라우,50400,50700,55700,50300,24785,50000
KBSTAR 국고채3년,113500,113535,113560,113500,334,113555
KBSTAR 200선물인버스2X,6850,6910,7000,6775,655460,7060
TIGER 레버리지,9400,9260,9475,9190,646005,9110
신한 레버리지 금 선물 ETN,18300,18235,18385,18135,91892,18565
QV S&P500 VIX S/T 선물 ETN B,36000,36195,36525,35855,224,37085
케이탑리츠,808,813,813,797,123977,800
형지엘리트,1210,1180,1240,1170,266400,1180
TIGER 코스피중형주,10030,9770,10030,9770,60,9930
KR모터스,832,811,969,794,5930153,774
한솔로지스틱스,1345,1320,1350,1315,263969,1325
KODEX 미국달러선물레버리지,10945,11015,11075,10935,166966,11065
대신 철광석 선물 ETN(H),17825,17825,18075,17825,95,17805
원림,16100,16300,16950,15950,3319,16150
한일철강,1570,1560,1580,1545,19350,1565
신한,4945,0,0,0,0,4945
이화산업,13050,12900,13250,12600,818,12350
갤럭시아에스엠,1285,1225,1300,1225,244445,1255
코아스,1150,1120,1170,1110,566070,1115
KBSTAR 200선물레버리지,9085,9105,9165,8885,39208,8810
KOSEF 국고채3년,112965,112970,113035,112895,197,112970
QV 하드웨어 TOP5 ETN,16795,16795,16795,16795,0,16795
금호전기,3330,3310,3340,3205,58163,3250
KODEX China H,20650,20585,20690,20535,3902,20680
신한 인버스 옥수수 선물 ETN(H),16500,16525,16540,16490,341,16515
하이스틸,17150,16800,17500,16400,11977,16500
미래에셋 전기전자 Core5 ETN,16455,16455,16455,16455,0,16475
삼성 레버리지 China A50 선물 ETN(H),33170,33460,33485,32975,522,32750
KODEX 미국S&P고배당커버드콜(합성 H),7820,7800,7830,7800,21205,7735
에쓰씨엔지니어링,1295,1305,1345,1270,33209,1295
TRUE 레버리지 나스닥 100 ETN,11050,11040,11075,10905,97767,10795
신한 레버리지 다우존스지수 선물 ETN(H),16420,16175,16420,16120,71161,16140
한솔PNS,1400,1350,1400,1350,121906,1345
이스타코,661,641,666,641,126439,643
삼성 China A50 선물 ETN(H),13755,13755,13755,13755,1,13755
미래에셋 미국 항공우주 ETN(H),13745,13705,13850,13705,1867,13730
두산2우B,31000,30950,32350,30950,481,30100
미래에셋 미국 헬스케어 ETN(H),13225,13225,13225,13225,0,13400
KINDEX 일본TOPIX인버스(합성 H),6340,6370,6430,6335,92987,6375
한성기업,4370,4305,4380,4300,26602,4300
미래에셋 인버스 원유선물혼합 ETN(H),27155,29140,30890,26205,92155,26635
BYC우,105000,105000,105000,104000,129,104500
TIGER 코스피대형주,9615,9520,9645,9495,3123,9475
신한 인버스 구리 선물 ETN(H),11140,11140,11165,11140,11,11130
ARIRANG KS로우볼가중TR,9220,9170,9275,9155,3786,9080
미래에셋 미국 시니어론 100 ETN,11120,11120,11120,11120,0,11095
TIGER 200TR,13230,13080,13260,13080,1463,13035
TIGER 로우볼,9185,9200,9210,9110,16262,9075
TIGER 가격조정,18435,18395,18465,18230,503,18165
KODEX 국채선물10년인버스,45685,45765,45765,45685,73,45780
TRUE 빅5 동일가중 ETN,10520,10520,10520,10520,0,10710
모두투어리츠,2730,2770,2770,2670,46864,2735
미래에셋 일본 중형주 ETN(H),10575,10575,10575,10575,0,10690
미래에셋 유럽 대형주 ETN(H),10685,10685,10685,10685,100,10685
KODEX TRF3070,10110,10055,10120,10055,12388,10120
청호컴넷,2550,2480,2710,2360,580705,2470
미래에셋 호주 ASX200 ETN(H),10520,10600,10600,10520,48,10545
삼성 화학 테마주 ETN,10460,10500,10520,10460,113,10535
KINDEX 레버리지,3935,3910,3975,3855,184827,3830
미래에셋 에너지화학 Core5 ETN,10460,10460,10460,10460,10,10460
SK디스커버리우,15850,15500,15850,15450,4722,15400
에이리츠,5490,5450,5600,5450,12812,5490
KODEX 미국나스닥100선물(H),11075,11000,11075,10970,34759,10920
QV KTOP30 ETN,10225,10225,10225,10225,0,10355
미래에셋 유럽 중형주 ETN(H),10330,10330,10330,10330,0,10350
신한 구리 선물 ETN(H),10395,10270,10400,10270,718,10345
신한 인버스 2X 은 선물 ETN(H),10095,10455,10555,10010,29527,10310
하이골드3호,1275,1245,1290,1245,3292,1275
전방,12150,11900,12700,11900,9061,12100
세기상사,50500,49650,51000,49650,207,49800
미래에셋 미국 시니어론 100 ETN(H),10110,10110,10110,10110,3,10110
대한항공우,17850,18150,18300,17700,46506,18100
대덕전자1우,6030,5840,6040,5840,24192,6020
삼성 미국 중소형 성장주 ETN,9665,9665,9665,9665,0,9940
에이엔피,244,236,244,236,332775,240
태영건설우,7760,7890,7890,7600,17436,7750
지코,306,0,0,0,0,306
세방우,5250,5200,5250,5200,5230,5290
ARIRANG 미국S&P500(H),11540,11430,11680,11385,27649,11455
ARIRANG KS밸류가중TR,9385,9340,9430,9300,3841,9260
TIGER 우량가치,8355,8285,8365,8185,5386,8295
신한 코스피 콘도르 6/10% ETN,9675,9680,9680,9675,2,9675
KINDEX 중기국고채,107550,107500,107550,107500,2,107500
KODEX 국채선물10년,71515,71425,71685,71400,967,71475
신한 코스피 월별 양매도 5% OTM ETN,9630,9630,9630,9630,0,9630
KODEX MSCI KOREA ESG유니버설,7610,7610,7610,7610,0,7685
ARIRANG 200선물인버스2X,13695,13720,14025,13580,213028,14120
KINDEX 중국본토CSI300레버리지(합성),3315,3310,3335,3310,19875,3275
미래에셋 원자재 선물 ETN(H),6190,6190,6190,6150,1138,6210
신한 USD K200 선물 바이셀 ETN,9130,9130,9130,9130,200,9300
마이다스 200커버드콜5%OTM,11615,11615,11615,11615,1,11615
신한 레버리지 천연가스 선물 ETN,13510,13515,13650,13275,45968,12380
신한 인버스 2X S&P500 선물 ETN,9015,9160,9230,9015,55781,9270
삼성 코스피 풋매도 4% OTM ETN,9250,9250,9250,9250,0,9260
KODEX 배당성장채권혼합,10290,10225,10290,10225,659,10260
삼성 미국 중소형 성장주 ETN(H),8990,8990,8990,8990,0,9175
KOSEF 200선물레버리지,8925,8910,9020,8780,13010,8730
TIGER 200 금융,4855,4840,4855,4830,16301,4790
ARIRANG 고배당저변동50,8050,7950,8050,7940,737,7955
HANARO KRX300,11895,11910,11960,11810,110,11740
삼성 미국 대형 가치주 ETN,8990,8985,9040,8985,559,9070
신한 인버스 은 선물 ETN(H),8900,9065,9090,8900,931,9005
신한 코스피 콘도르 4/10% ETN,8980,8980,8980,8980,0,8975
TREX 200,26045,25775,26090,25775,144,25640
TIGER 200 헬스케어,21110,20790,21235,20705,15073,20795
TRUE 인버스 2X 유로스탁스50 ETN(H),8620,8750,8780,8615,30662,8930
FOCUS KRX300,12015,11975,12015,11975,2,11900
신한 은 선물 ETN(H),8975,8790,8975,8750,1956,8870
하이트진로2우B,15150,15150,15200,14800,879,15600
미래에셋 레버리지 원유선물혼합 ETN(H),1600,0,0,0,0,1600
대신 2X 니켈선물 ETN(H),8680,8745,8745,8320,84717,8790
KODEX 자동차,10685,10685,10800,10650,11330,10305
HANARO 200선물레버리지,10880,10700,10980,10650,6238,10535
QV 롱숏 K150 매수 로우볼 매도 ETN,8575,8575,8575,8575,0,8640
KODEX 미국FANG플러스(H),13980,13900,14000,13870,46328,13760
삼성 미국 대형 가치주 ETN(H),8430,8410,8430,8410,71,8505
QV 인버스 레버리지 WTI원유 선물 ETN(H),11660,13860,23000,11360,112382,8425
QV 인버스 레버리지 10년 국채선물 ETN,16775,16775,16775,16775,200,16845
남양유업우,102000,100000,102500,100000,218,100500
미래에셋 미국 리츠 ETN(H),8365,8365,8365,8365,68,8365
TIGER 미국달러선물인버스2X,8485,8430,8485,8380,1926,8360
대상우,11850,11650,11850,11600,2221,12200
미래에셋 글로벌 리츠 ETN(H),8490,8495,8495,8490,90,8305
TIGER 모멘텀,16385,16270,16400,16270,26,16240
HANARO 고배당,7310,7240,7340,7240,1534,7200
신한 레버리지 S&P500 선물 ETN,8425,8335,8425,8305,45030,8270
미래에셋 Q150 Core5 ETN,8265,8265,8265,8265,7,8265
신한 K200 USD 선물 바이셀 ETN,7985,7985,7985,7985,0,8255
QV 화학 TOP5 ETN,8345,8375,8375,8345,4,8155
TRUE 코리아프리미어 ETN,7910,7910,7910,7910,0,8110
KINDEX 골드선물 레버리지(합성 H),17700,17500,17700,17495,36580,17970
KODEX Fn멀티팩터,9040,9000,9075,8945,192065,8930
삼성 Alerian 에너지인프라 MLP ETN,5080,4830,5115,4830,1465,5355
KODEX WTI원유선물인버스(H),30000,31800,39670,27750,1818408,30400
KODEX 심천ChiNext(합성),8995,9095,9095,8915,17219,8860
KBSTAR 글로벌4차산업IT(합성 H),13240,13165,13350,13165,3643,13250
KODEX KTOP30,13150,13200,13270,13080,741,12960
신한 인버스 브렌트원유 선물 ETN(H),14920,16020,18740,13320,205616,15490
QV 에너지 TOP5 ETN,7880,7880,7880,7880,10,7715
삼성 Cushing 에너지인프라 MLP ETN,4835,4495,4870,4495,30203,5120
쌍용양회우,9840,9700,9900,9400,30218,9910
QV 자동차 TOP5 ETN,7710,7675,7710,7620,65,7555
TIGER 단기선진하이일드(합성 H),10800,10855,10855,10745,354,10735
미래에셋 인버스 에너지화학 Core5 ETN,7420,7670,7670,7420,740,7490
QV 의료 TOP5 ETN,7605,7630,8400,7490,1803,7475
한국주강,1340,1330,1370,1330,20889,1315
KODEX 미국달러선물인버스2X,8470,8430,8485,8375,44520,8375
KINDEX 미국WideMoat가치주,11590,11515,11590,11440,3130,11570
TIGER 배당성장,12545,12350,12555,12350,556,12390
신한 인버스 다우존스지수 선물 ETN(H),6240,6290,6300,6240,3549,6305
삼성 증권 테마주 ETN,6305,6295,6320,6275,34,6305
QV 인버스 레버리지 S&P500 ETN,6105,6850,6850,6015,3531,6255
KOSEF 국고채10년레버리지,138495,138400,139485,138365,459,138415
TIGER 일본TOPIX헬스케어(합성),12140,12115,12140,12105,508,12320
QV 레버리지 10년 국채선물 ETN,24615,24615,24615,24615,0,24530
삼성 인버스 China A50 선물 ETN(H),12130,12100,12210,12100,7957,12260
신한 코스피 콘도르 6/10% 콜 2204-01 ETN,10020,10015,10020,10015,110,10055
KODEX TRF5050,10025,10030,10030,9940,521,10020
KINDEX 싱가포르리츠,10030,9855,10225,9855,1186,9955
KODEX TRF7030,9955,9925,9955,9850,2174,9940
KINDEX 미국4차산업인터넷(합성 H),12590,12640,12645,12455,1365,12410
신한 FnGuide 5G 테마주 ETN,10245,10450,10530,10245,24219,9900
KODEX 헬스케어,14300,14290,14330,14100,21383,14130
TIGER 원유선물인버스(H),20025,21680,24525,19245,389691,21800
TRUE 인버스 유로스탁스50 ETN(H) B,9610,9630,9680,9610,2045,9790
신한 코스피 월별 양매도 5% 콜 2206-1 ETN,9710,9720,9725,9710,121,9755
ARIRANG KS로우사이즈가중TR,9845,9795,9860,9745,143441,9745
TRUE 인버스 유로선물 ETN B,9720,9710,9720,9710,675,9720
QV 인버스 레버리지 MSCI 선진국 ETN,13795,12555,14320,12555,500,13835
삼양사우,26350,24250,26500,24200,2481,26150
HANARO 200선물인버스,15845,15915,16020,15775,4374,16070
KINDEX 모닝스타싱가포르리츠채권혼합,9680,9515,9685,9515,12,9625
KODEX 모멘텀Plus,8840,8735,8875,8720,13323,8730
넥센우,2655,2675,2675,2655,371,2660
대신 인버스 아연선물 ETN(H),13580,13540,13580,13540,9,13635
신한 코스피 월별 양매도 3% 콜 2206-1 ETN,9475,9470,9480,9470,5037,9515
KINDEX 밸류대형,6035,6025,6035,6015,23,5940
KODEX S&P글로벌인프라(합성),9710,9705,9730,9690,136,9625
신한 코스피 콘도르 4/10% 콜 2204-01 ETN,9430,9425,9430,9425,110,9485
SK증권우,2435,2445,2470,2420,11832,2410
QV 제약 TOP5 ETN,4825,4800,5050,4800,101,4710
KOSEF 200선물인버스2X,6830,6860,6980,6765,140672,7020
남선알미우,30950,31500,32000,30850,11695,30300
계양전기우,6760,6850,7340,6670,135388,6660
TRUE 인버스 2X HSCEI ETN(H),9190,9300,9350,9120,429,9315
KOSEF 블루칩,6720,6670,6735,6645,288,6625
KINDEX 인도네시아MSCI(합성),6865,6845,6870,6715,6797,6605
덕성우,6700,6700,6940,6500,93000,6620
KTOP 코스피50,18280,18225,18355,18110,136,18060
TIGER 일본니케이225,13140,12935,13140,12935,2588,13120
대신 인버스 철광석 선물 ETN(H),4500,4465,4505,4395,8346,4520
TIGER 일본엔선물,11220,11370,11370,11220,806,11285
삼성 레버리지 은 선물 ETN(H),9200,8875,9250,8800,142296,9010
신한 인버스 달러인덱스 선물 ETN(H),9020,9020,9020,9020,10,9000
QV 인버스 MSCI 선진국 ETN,12690,12720,12720,12690,289,12855
KODEX 미국채10년선물,12730,12775,12815,12725,8486,12815
TRUE 인버스 엔선물 ETN B,8985,8985,8985,8985,0,8970
TIGER 미국달러선물레버리지,11065,11090,11175,11050,959,11210
코리아써우,2990,2985,2995,2930,1071,2995
TRUE 인버스 나스닥 100 ETN,8710,8730,8790,8700,2710,8855
KINDEX 스마트로우볼,11135,11080,11135,11070,53,10985
유유제약1우,7780,7840,7900,7700,10399,7740
KODEX 미국S&P에너지(합성),5040,4810,5040,4810,215468,5165
ARIRANG 200선물레버리지,18025,18140,18200,17670,67787,17485
KBSTAR 미국장기국채선물레버리지(합성 H),15600,15900,15900,15580,4320,15830
KBSTAR 헬스케어채권혼합,10855,10830,10860,10825,59,10835
KBSTAR 차이나HSCEI(H),10810,10660,10855,10660,44,10830
KODEX MSCI밸류,7920,7865,7920,7865,54,7835
태양금속우,2685,2690,2735,2610,51265,2610
KODEX 미국러셀2000(H),7865,7795,7875,7770,3194,7780
KBSTAR IT플러스,11990,12015,12135,11955,166,11865
HANARO KAP초장기국고채,50365,50225,50515,50225,271,50215
KODEX KRX300레버리지,7945,7860,8030,7520,66620,7755
TIGER 일본엔선물레버리지,12055,12060,12155,11985,10613,12185
SK네트웍스우,76500,73000,78900,73000,3333,75000
TRUE 코스피 커버드콜 ETN B,8550,8495,8550,8495,237,8495
KODEX MSCI퀄리티,9470,9495,9495,9330,480,9350
KODEX 턴어라운드투자,8510,8460,8510,8445,79,8400
KODEX 게임산업,9490,9405,9505,9395,3379,9330
TRUE 레버리지 HSCEI ETN(H),8520,8405,8565,8405,10190,8390
금호산업우,29100,29100,29550,28500,4607,28700
일양약품우,18800,19050,19050,18750,2979,18550
KOSEF 미국달러선물인버스,9840,9815,9840,9800,1240,9710
삼성 모멘텀 탑픽 ETN,4105,4145,4145,4095,434,4110
ARIRANG 중형주저변동50,7465,7340,7465,7310,134,7465
하나니켈1호,379,362,379,336,25759968,360
KODEX 미국달러선물인버스,9430,9405,9440,9375,46891,9380
KOSEF 고배당,6115,6085,6145,6070,5733,6045
대신 니켈선물 ETN(H),11560,11385,11560,11385,5912,11610
미래에셋 원유선물혼합 ETN(H),7605,6500,7765,6150,1177688,8065
동북아13호,5040,5040,5040,5040,0,5030
TIGER KTOP30,6520,6495,6520,6460,19,6375
TIGER 국채선물3년인버스,49715,49715,49715,49715,0,49720
동북아12호,5010,5000,5010,5000,3990,5010
TIGER 유로스탁스레버리지(합성 H),5055,4970,5065,4960,39775,4940
마이티 코스피100,19755,19755,19755,19755,6,19755
TIGER 골드선물(H),13110,13075,13130,13030,35400,13145
KBSTAR 주식혼합,31425,31330,31465,31315,5,31105
TRUE 코스피 타겟볼20 ETN,7710,7710,7710,7710,0,7750
KINDEX 스마트모멘텀,11175,11145,11175,11045,105,11030
KOSEF 코스닥150선물인버스,13080,13115,13160,13000,7225,13305
TIGER 중장기국채선물인버스,48210,48210,48210,48210,6,48210
KOSEF 배당바이백Plus,11135,11000,11185,11000,52,11010
삼성 화장품 테마주 ETN,3905,3845,3920,3845,8,3850
KBSTAR 미국장기국채선물(H),12755,12970,12970,12755,180,12820
KBSTAR KRX300레버리지,7985,7970,8045,7770,4767,7675
ARIRANG 주도업종,7040,7005,7065,6930,453,6975
KODEX 일본TOPIX100,12770,12670,12790,12670,282,12785
대신 2X 아연선물 ETN(H),3905,3865,3905,3830,6446,3810
KINDEX 일본Nikkei225(H),12650,12580,12690,12580,67,12650
KODEX 보험,5135,5015,5135,5015,9829,5055
TIGER 삼성그룹펀더멘털,8200,8165,8205,8165,145,8060
TIGER 국채선물10년인버스,46910,46910,46910,46910,0,46990
QV 레버리지 WTI원유 선물 ETN(H),1250,0,0,0,0,1250
대한제당우,11700,11500,11700,11500,786,11550
KODEX 성장투자,8385,8335,8400,8335,43,8285
신한 레버리지 구리 선물 ETN,7460,7310,7460,7290,23634,7395
HANARO e커머스,9885,9720,9940,9720,9718,9820
한화투자증권우,1550,1570,1575,1545,21738,1525
TIGER 의료기기,12460,12655,12655,12295,1588,12195
TIGER 구리실물,5965,5915,5970,5895,7930,5960
SMART 중국본토 중소형 CSI500(합성 H),4050,4040,4085,4040,26,4040
TIGER 차이나항셍25,16090,15900,16165,15900,38,16075
마이티 200커버드콜ATM레버리지,6840,6805,6840,6805,4,6795
성신양회우,8900,9020,9430,8630,175752,8300
KBSTAR KRX국채선물3년10년스티프너2X,50790,50805,50805,50730,12,50880
TIGER KRX300선물인버스,9950,9935,9950,9930,2011,10140
KODEX 200동일가중,7695,7615,7695,7575,3,7590
KBSTAR KRX국채선물3년10년스티프너,50500,50510,50510,50480,12,50570
크라운해태홀딩스우,10500,10350,10600,10250,3766,10050
KBSTAR V&S셀렉트밸류채권혼합,10095,10065,10095,10065,51,10055
하이트진로홀딩스우,12800,12600,12850,12600,2610,12800
삼성 건축자재 테마주 ETN,2600,2580,2600,2580,4,2600
노루페인트우,11700,12200,12300,11700,55167,11050
QV 레버리지 MSCI 선진국 ETN,7105,7120,7120,7105,57,7250
KODEX 국채선물3년인버스,49715,49715,49715,49715,0,49725
KODEX 기계장비,3165,3140,3180,3140,12890,3100
TIGER MSCI KOREA ESG리더스,7250,7255,7255,7250,13,7270
KODEX 경기소비재,8550,8525,8585,8445,505,8360
KBSTAR 200고배당커버드콜ATM,7155,7110,7185,7110,98,7165
KINDEX 배당성장,25230,24950,25230,24850,53,24975
KBSTAR 게임테마,8855,8715,8875,8715,387,8760
ARIRANG KRX300산업재,8400,8310,8430,8310,18,8335
TIGER 200 생활소비재,10090,9805,10090,9805,485,10085
한양증권우,7260,7090,7270,7040,2042,7240
KBSTAR 국채선물10년인버스,46215,46265,46265,46100,24,46255
KBSTAR KQ모멘텀로우볼,8400,8365,8450,8335,42,8375
KODEX 골드선물인버스(H),7525,7550,7575,7500,13406,7490
KOSEF 코스닥150선물,6390,6340,6430,6320,37,6285
TIGER 라틴35,2330,2325,2335,2275,27733,2315
JW중외제약2우B,40850,42350,42350,40650,554,40500
TIGER 200 철강소재,5355,5305,5360,5305,816,5305
KODEX 밸류Plus,6075,5990,6085,5985,94,6005
흥국화재우,4820,4850,5130,4630,41986,4670
KG동부제철우,65800,64900,67000,64900,753,66200
TIGER 증권,2890,2875,2890,2865,2487,2845
코리아써키트2우B,4425,4430,4440,4400,407,4450
신원우,37950,38250,38250,36200,1374,38300
KBSTAR KQ모멘텀밸류,7790,7725,7805,7700,41,7715
KBSTAR 200산업재,6860,6785,6940,6785,129,6915
KBSTAR 200경기소비재,6600,6565,6680,6555,124,6490
KBSTAR 200건설,7505,7430,7550,7430,91,7330
TIGER 대형가치,7560,7540,7560,7535,13,7480
KBSTAR 팔라듐선물인버스(H),6855,6945,6990,6800,11408,6600
노루홀딩스우,17250,17800,17800,17200,748,17550
KODEX MSCI EM선물(H),7105,7100,7140,7040,16,7070
TIGER 은행,5025,5020,5075,4995,1455,4965
KBSTAR 중소형모멘텀밸류,7850,7765,7860,7765,52,7850
TIGER K게임,7805,7660,7860,7660,515,7760
흥국화재2우B,20400,19250,22000,19200,40081,20100
TIGER 200 산업재,3770,3800,3805,3770,224,3810
KODEX 운송,3025,3015,3045,2995,32468,3045
파워 스마트밸류,10160,10090,10225,10070,85,9975
ARIRANG 스마트베타 Quality,7545,7485,7580,7485,19,7450
KBSTAR 미국장기국채선물인버스2X(합성 H),5455,5430,5475,5425,278,5415
동양우,4850,4895,4895,4815,2065,4800
유유제약2우B,17650,17400,17700,17300,161,17900
ARIRANG 스마트베타 Value,6870,6775,6915,6775,19,6800
TREX 중소형가치,6075,6010,6075,6010,12,6015
KBSTAR 200철강소재,5070,5055,5120,5040,67,5085
ARIRANG 선진국MSCI(합성 H),8295,8500,8500,8235,1145,8215
KBSTAR 중소형모멘텀로우볼,7465,7345,7480,7345,40,7505
동양2우B,8560,8780,8780,8500,623,8510
ARIRANG 스마트베타 LowVOL,7465,7370,7510,7370,21,7395
TIGER 대만TAIEX선물(H),12920,12840,12920,12840,130,12865
동양3우B,27800,27650,28100,27200,481,27800
KBSTAR 200금융,5915,5870,5955,5860,490,5860
TIGER 금속선물(H),4085,4060,4085,4055,3356,4090
ARIRANG KRX300IT,11450,11585,11585,11430,84,11240
KBSTAR 200에너지화학,6585,6460,6635,6445,887,6510
TIGER 코스닥150로우볼,10780,10780,10780,10780,0,10790
ARIRANG KRX300금융,6870,6825,6915,6820,87,6755
ARIRANG 스마트베타 Momentum,6925,6885,6970,6885,19,6885
ARIRANG KRX300자유소비재,8830,8805,8930,8795,50,8590
KBSTAR 일본TOPIX레버리지(H),11000,10780,11000,10780,777,11000
KINDEX 국채선물3년인버스,99340,99340,99340,99340,0,99340
TIGER 이머징마켓MSCI레버리지(합성 H),7120,7010,7120,7010,1086,7065
KODEX MSCI모멘텀,8215,8230,8230,8135,214,8215
HANARO 농업융복합산업,8070,7890,8115,7890,2984,8105
KODEX 구리선물(H),4450,4400,4450,4360,18582,4420
KODEX 가치투자,8005,8045,8090,8005,813,8080
KINDEX 멕시코MSCI(합성),6150,6200,6200,6115,578,6045
대상홀딩스우,5380,5180,5380,5180,6636,5290
KINDEX 스마트퀄리티,12240,12170,12240,12150,50,12075
크라운제과우,6190,6090,6200,6020,5446,6230
TIGER 방송통신,7640,7560,7640,7535,4571,7470
마이티 코스피고배당,9300,9300,9300,9300,0,9355
KODEX China H선물인버스(H),11745,11500,11840,11500,222,11790
KINDEX 필리핀MSCI(합성),12045,11515,12045,11515,75,11790
KBSTAR 우량업종,7935,7880,7965,7880,15,7830
KINDEX 국채선물10년인버스,92605,92605,92605,92605,0,92770
금강공업우,7900,7840,7910,7750,2320,7850
TIGER 200 경기소비재,10730,10720,10775,10660,733,10475
DB하이텍1우,41800,42000,42200,41500,1038,40900
동부건설우,20000,19900,20800,19700,977,20150
KODEX 멀티에셋하이인컴(H),9070,9070,9070,9030,1400,9090
KINDEX 한류,5690,5595,5690,5540,309,5640
KBSTAR 미국장기국채선물인버스(H),7520,7530,7530,7520,2,7490
TIGER S&P글로벌인프라(합성),8940,8900,8940,8835,204,8960
KBSTAR 200커뮤니케이션서비스,11220,11065,11360,11065,3813,11160
TIGER 중소형,7280,7280,7280,7280,0,7375
ARIRANG 코스닥150,9980,9965,10030,9905,724,9830
ARIRANG KRX300헬스케어,10080,10030,10135,9950,217,9950
TIGER LG그룹+펀더멘털,6140,6120,6140,6070,3576,6065
흥국 S&P코리아로우볼,8070,7980,8070,7980,2,8070
JW중외제약우,25550,25950,25950,25150,4398,25200
신한 브렌트원유 선물 ETN(H),3705,3350,3705,3070,1336385,4325
KBSTAR 수출주,7215,7170,7265,7170,211,7155
TIGER 200동일가중,7760,7755,7760,7755,2,7650
진흥기업우B,4900,4920,4920,4820,8413,4900
TIGER 여행레저,4130,4060,4145,4060,7140,4080
TIGER 지속배당,10560,10550,10560,10505,20,10400
TIGER 현대차그룹+펀더멘털,12260,12240,12440,12240,1003,11905
TIGER 중소형가치,7355,7355,7355,7355,1,7355
진흥기업2우B,13600,13450,13700,13250,3516,13600
TIGER 200 건설,1875,1850,1880,1845,83197,1830
KINDEX 인버스,8410,8435,8515,8365,29745,8565
KBSTAR KRX국채선물3년10년플래트너,49895,49890,49920,49890,12,49905
ARIRANG 국채선물10년,57675,57525,57800,57525,4900,57560
KODEX 3대농산물선물(H),7130,7085,7130,7050,32081,7110
동원시스템즈우,22150,22000,22200,21600,482,22450
KBSTAR KRX국채선물3년10년플래트너2X,49600,49565,49705,49565,12,49615
TIGER 유로스탁스배당30,8495,8535,8535,8465,7931,8480
ARIRANG 스마트베타Quality채권혼합,9880,9825,9880,9825,111,9830
현대비앤지스틸우,54000,55700,55800,52200,1344,53500
ARIRANG 코스닥150선물인버스,11430,11435,11520,11355,17278,11625
KODEX 콩선물(H),7250,7140,7320,7140,4661,7250
KBSTAR 200생활소비재,7610,7430,7620,7395,44,7625
KODEX FnKorea50,7365,7370,7390,7280,173,7220
KBSTAR 중국MSCI China선물(H),10615,10550,10645,10550,75,10470
TIGER 200커버드콜5%OTM,11310,11310,11310,11310,0,11410
KBSTAR ESG사회책임투자,8190,8130,8255,8100,68,8145
ARIRANG S&P글로벌인프라,9500,9325,9570,9325,486,9500
KINDEX 일본TOPIX레버리지(H),11375,11000,11390,11000,7143,11375
TIGER MSCI KOREA ESG유니버설,7650,7600,7655,7575,85,7565
대신 인버스 니켈선물 ETN(H),8140,8135,8185,8115,52,8090
TIGER 금은선물(H),9350,9160,9380,9160,23085,9380
KODEX 한국대만IT프리미어,11305,11270,11335,11200,13709,11255
파워 고배당저변동성,21135,20940,21215,20910,273,20710
KODEX 퀄리티Plus,7975,7775,7975,7775,22,7940
TIGER 베타플러스,10600,10600,10600,10600,0,10625
성문전자우,9440,9500,9580,9250,17504,9180
KINDEX 코스닥(합성),9230,9230,9230,9230,1,9160
TIGER KRX300레버리지,7850,7730,7945,7730,354,7775
KBSTAR 200선물인버스,8925,8950,9045,8900,6962,9050
하나니켈2호,2000,1790,2115,1790,10131406,1640
HANARO 코스닥150선물레버리지,6455,6385,6525,6345,25059,6245
TIGER 대형성장,8305,8235,8305,8235,13,8190
코오롱글로벌우,17000,16950,17300,16650,5610,17000
ARIRANG 미국다우존스고배당주(합성 H),10065,10085,10160,10000,5980,9990
TIGER 미디어컨텐츠,4715,4710,4750,4710,6350,4630
ARIRANG 글로벌MSCI(합성 H),11730,11580,11730,11560,380,11700
TIGER 일본엔선물인버스2X,7550,7515,7550,7515,159,7490
대신 아연선물 ETN(H),7560,7565,7565,7560,1005,7475
TIGER 지주회사,9240,9300,9325,9240,13,9480
KOSEF 코스닥150선물레버리지,3190,3190,3225,3125,46717,3075
KODEX KRX300선물인버스,10210,10140,10255,10105,2382,10255
KBSTAR 팔라듐선물(H),11590,11345,11635,11245,158943,11870
KOSEF 코스피100,20075,19975,20165,19925,318,19780
서울식품우,3225,3215,3300,3160,94315,3195
KODEX 미국S&P산업재(합성),13145,13045,13215,13045,344,13310
삼성 인버스 2X 은 선물 ETN(H),6950,7200,7255,6900,14709,7095
KINDEX 삼성그룹동일가중,12000,11915,12000,11915,156,11800
KINDEX 러시아MSCI(합성),22950,23410,23410,22195,6146,23600
KOSEF 200선물인버스,8920,8940,9010,8630,19746,9070
KBSTAR 내수주플러스,8500,8385,8510,8355,42,8410
KBSTAR KRX300미국달러선물혼합,10195,10075,10195,10075,140,10070
KINDEX 스마트하이베타,8920,8895,8920,8895,20,8790
대원전선우,2810,2790,2905,2740,59390,2680
KBSTAR 헬스케어,10910,10740,10920,10740,531,10800
KODEX 200ESG,8890,8895,8930,8810,50,8740
깨끗한나라우,19100,19100,20250,18100,9976,19050
KODEX 미국S&P바이오(합성),25485,25000,25730,25000,1430,25200
KBSTAR V&S셀렉트밸류,9830,9755,9870,9740,51,9690
TIGER 200에너지화학레버리지,5545,5375,5555,5280,45274,5425
KOSEF 저PBR가중,9740,9585,9765,9585,1740,9620
KINDEX 스마트밸류,9615,9570,9615,9570,20,9480
CJ씨푸드1우,33700,32150,33750,32050,15703,33100
TIGER 코스닥150바이오테크,9465,9385,9510,9385,4443,9430
KINDEX 미국다우존스리츠(합성 H),66285,65500,68880,65500,398,66000
ARIRANG 국채선물3년,53155,53100,53155,53100,2714,53150
KBSTAR 코스닥150선물인버스,7625,7630,7685,7565,25106,7735
QV MSCI 선진국 ETN,9135,9135,9135,9135,0,9140
TIGER 중장기국채선물인버스2X,45530,45530,45530,45530,2,45670
KBSTAR 차이나H선물인버스(H),11585,11645,11645,11495,60,11600
삼성 레버리지 구리 선물 ETN(H),6455,6305,6455,6285,64007,6365
신한 인버스 2X 금 선물 ETN,6270,6310,6340,6235,39880,6240
KBSTAR 모멘텀밸류,8980,8890,8980,8875,44,8840
파워 중기국고채,103095,103095,103095,103095,0,103085
KBSTAR KRX300선물인버스,10105,10125,10165,10035,1659,10275
TIGER 일본엔선물인버스,8890,8890,8890,8890,1,8760
TREX 펀더멘탈 200,24880,24880,24880,24880,1,24525
QV 운송 TOP5 ETN,6090,6090,6090,6085,3,6120
NPC우,2170,2195,2205,2170,5295,2290
TRUE 인버스 2X S&P500 선물 ETN(H),5880,5965,5990,5880,158618,6020
QV 미국 IT TOP5 ETN(H),17195,17120,17195,16950,661,17150
삼성 음식료 테마주 ETN,5795,5795,5795,5795,1,5990
KBSTAR 모멘텀로우볼,10095,9985,10095,9985,15,9970
KOSEF 인도Nifty50(합성),10450,10570,10575,10250,28774,10380
SMART 선진국MSCI World(합성 H),11990,11990,11990,11990,42,11930
현대건설우,121000,119000,130500,119000,3580,120500
TIGER 미국S&P500선물인버스(H),6310,6355,6390,6310,50477,6405
KODEX 200미국채혼합,11435,11415,11450,11365,10585,11350
TRUE 레버리지 엔선물 ETN B,11695,11695,11695,11695,5,11735
TIGER 코스닥150IT,11410,11280,11455,11280,903,11160
일정실업,9430,9120,9480,9120,1337,9430
TIGER 경기방어채권혼합,9470,9405,9470,9400,980,9420
신한 달러인덱스 선물 ETN(H),11250,11250,11250,11250,1,11280
TRUE 인버스 HSCEI ETN(H) B,11190,11190,11190,11190,0,11175
TRUE 코스피 커버드풋 ETN B,10985,10985,10985,10985,10,11125
KOSEF 200 선물,11380,11325,11430,11255,64,11210
TRUE 엔선물 ETN B,10970,10970,10970,10970,0,10925
신한 천연가스 선물 ETN(H),3775,3775,3815,3740,103989,3630
한화우,21100,21200,21650,20750,41900,22600
삼성 인버스 2X 금 선물 ETN(H),10920,10985,11025,10835,97213,10800
ARIRANG 우량회사채50 1년,107485,107480,107505,107475,153,107520
TIGER 200커버드콜ATM,8900,8900,8900,8900,1,8890
신한 옥수수 선물 ETN(H),5295,5265,5300,5255,27315,5290
삼양홀딩스우,34500,33950,34500,33950,14,34750
KBSTAR 고배당,8195,8160,8215,8130,2650,8100
TIGER 미국나스닥바이오,17700,17695,17700,17580,9416,17545
TIGER 화장품,3005,2990,3005,2950,51800,2960
TIGER 200 중공업,1960,1945,1970,1935,64961,1920
ARIRANG 고배당주채권혼합,9530,9470,9535,9470,2551,9480
미래에셋 인버스 전기전자 Core5 ETN,5125,5125,5125,5125,1,5190
파워 코스피100,20145,20115,20170,19975,193,19750
TRUE 유로선물 ETN B,10225,10225,10225,10225,500,10225
코오롱우,9660,9690,9830,9650,15296,9450
TIGER 인도니프티50레버리지(합성),8550,8315,8670,8150,74883,8450
삼성 레저 테마주 ETN,5040,5050,5050,5040,41,5045
TIGER S&P글로벌헬스케어(합성),14940,14750,14950,14700,2692,14820
KBSTAR 중소형고배당,7700,7510,7700,7510,65,7595
KINDEX S&P아시아TOP50,11035,10915,11065,10910,1371,10950
TRUE 섹터탑픽 ETN,7375,7375,7375,7375,1,7375
대신 WTI원유 선물 ETN(H),2455,2530,2530,2155,753356,2945
컨버즈,4100,0,0,0,0,4100
TIGER 코스피고배당,9350,9190,9350,9190,1570,9255
넥센타이어1우B,2270,2250,2290,2240,6359,2260
KODEX 200 중소형,7390,7340,7400,7315,2924,7310
삼성 미국 중소형 가치주 ETN,7290,7290,7290,7290,0,7290
QV 조선 TOP5 ETN,7500,7540,9515,7475,308,7270
KODEX 건설,2220,2230,2230,2195,106116,2160
KODEX 글로벌4차산업로보틱스(합성),10670,10645,10690,10600,3113,10675
KODEX 미국채울트라30년선물(H),14215,14230,14285,14195,33238,14370
미래에셋 인버스 미디어엔터 Core5 ETN,14450,14450,14450,14450,0,14325
삼성 온라인쇼핑 테마주 ETN,7130,7030,7140,7030,4,7130
KODEX 바이오,9585,9500,9585,9430,53443,9370
TRUE 레버리지 유로스탁스50 ETN(H),7325,7265,7325,7165,24865,7080
ARIRANG KRX300,11920,11935,11975,11790,173,11790
QV 내수소비 TOP5 ETN,7035,7030,7035,7030,2,7035
QV CHINEXT ETN(H),7030,7030,7030,7030,0,7030
신한 인버스 2X 미국달러 선물 ETN,7005,6970,7015,6930,839,6965
삼성 미국 중소형 가치주 ETN(H),6850,6850,6850,6830,187,6915
신한 인버스 금 선물 ETN(H),6920,6950,6965,6920,8238,6900
녹십자홀딩스2우,16100,15900,16100,15800,729,16250
신한 콩 선물 ETN(H),6905,6790,6905,6790,7246,6850
TRUE 인버스 2X 나스닥 100 ETN,6500,6535,6640,6495,143804,6715
FOCUS ESG리더스,6715,6715,6780,6715,16,6660
ARIRANG 미국나스닥기술주,14790,15400,15400,14745,7475,14635
KBSTAR 채권혼합,55010,54930,55035,54915,10,54775
신한 인버스 2X 구리 선물 ETN,12920,13225,13315,12920,1318,13115
신한 인버스 2X 천연가스 선물 ETN,12085,12105,12365,11965,63702,13110
KODEX 최소변동성,8820,8805,8860,8735,17800,8680
삼성 미디어 테마주 ETN,6480,6480,6480,6480,1,6480
삼성 인버스 2X 구리 선물 ETN(H),12825,13025,13160,12825,3354,12950
미래에셋 인버스 S&P500 ETN(H),6470,6490,6490,6390,19,6470
KODEX 코스피100,20130,19915,20205,19915,3398,19860
QV 건설 TOP5 ETN,6685,6685,6685,6685,1,6410
KODEX 삼성그룹밸류,6425,6455,6490,6400,24245,6330
경인전자,16750,16800,16800,16550,2319,16900
KINDEX 삼성그룹섹터가중,10070,10025,10075,9985,596,9825
진양폴리,2785,2630,2810,2580,294068,2650
삼성 미국 대형 성장주 ETN(H),13265,13215,13265,13215,20205,13210
ARIRANG 미국장기우량회사채,108310,108360,108990,108310,470,110010
동원금속,568,556,600,556,390453,564
KINDEX 코스피,19695,19595,19695,19375,167,19440
한진칼우,48700,49750,49950,48350,33539,48800
TIGER 미국다우존스30,14610,14435,14620,14435,8621,14545
삼화전자,2620,2630,2690,2615,52938,2500
QV 바이오 TOP5 ETN,13050,12895,14190,12665,3771,13040
신한 레버리지 미국달러 선물 ETN,12975,13000,13030,12935,1810,13020
씨아이테크,1140,1110,1170,1050,812102,1080
TIGER 일본TOPIX(합성 H),11795,11680,11795,11680,85,11725
TRUE 인버스 2X 천연가스 선물 ETN(H),23855,23865,24265,23575,22108,25755
태원물산,3400,3385,3430,3360,29817,3360
삼성 S&P500 VIX S/T 선물 ETN(H) B,32980,33385,33730,32500,17710,33810
ARIRANG 단기채권액티브,105035,105030,105035,105030,24,105035
미래에셋 중국 심천 100 ETN,12600,12600,12600,12600,0,12575
두산퓨얼셀2우B,8580,8640,8710,8450,18077,8400
삼성 KRX 금현물 ETN,12120,12100,12165,12090,49227,12265
ARIRANG 단기우량채권,52850,52870,52870,52840,345,52860
미래에셋 미디어엔터 Core5 ETN,12000,12000,12000,12000,0,12100
성안,450,456,470,442,145735,425
한국전자홀딩스,522,516,528,516,39536,515
삼성 바이오 테마주 ETN,12030,12050,12050,11945,15,11955
ARIRANG 미국단기우량회사채,103155,103485,103795,103155,95,103755
미래에셋 일본 대형주 ETN(H),11735,11735,11735,11735,0,11885
미래에셋 미국 중형주 ETN(H),11835,11835,11835,11835,0,11830
TIGER 코스닥150선물인버스,7365,7390,7450,7330,566478,7500
TIGER 미국달러단기채권액티브,10545,10580,10580,10525,25181,10595
KOSEF 미국달러선물레버리지,10485,10555,10610,10475,14459,10590
대신 인버스 2X 니켈선물 ETN(H),11775,12120,12120,11775,150,11660
유안타증권우,1790,1770,1820,1770,6592,1795
QV 스마트리밸런싱 260/4 ETN,11550,11550,11550,11550,40,11550
신한 인버스 2X 다우존스지수 선물 ETN(H),5670,5720,5770,5640,196955,5760
미래에셋 미국 고배당주 ETN(H),11470,11470,11470,11470,0,11435
신화실업,19650,19350,19700,19200,1795,18800
LG하우시스우,20150,19350,20300,19350,2588,22100
TIGER 200IT레버리지,21070,21700,21900,20880,76898,20120
삼성 레버리지 금 선물 ETN(H),31885,31690,32025,31480,35089,32145
HANARO 코스닥150,9960,9870,10000,9870,2721,9755
KODEX 200가치저변동,7015,7010,7050,6945,33664,6910
KODEX China H 레버리지(H),5825,5705,5900,5705,55135,5750
WISCOM,2075,2035,2125,2020,13139,2060
TRUE 레버리지 S&P500 선물 ETN(H),10670,10565,10670,10475,47229,10385
진양화학,2710,2740,2770,2675,280533,2595
KBSTAR 중장기국공채액티브,102750,102705,102765,102705,21,102690
신한 인버스 천연가스 선물 ETN(H),14950,14915,15055,14850,1026,15555
미래에셋 레버리지 S&P500 ETN(H),15930,15800,15930,15620,1013,15540
KBSTAR 중국본토대형주CSI100,16310,16300,16500,16140,14753,16245
성문전자,1620,1605,1625,1585,144055,1575
TIGER 반도체,23340,23535,23535,23085,27429,22780
TBH글로벌,1485,1460,1505,1460,39145,1460
KINDEX 중장기국공채액티브,103040,103055,103130,103040,20,103080
진도,2430,2400,2440,2360,49519,2425
흥아해운,258,0,0,0,0,258
인팩,2990,2985,3065,2980,7836,2990
KOSEF 코스닥150,4985,4955,5000,4925,16159,4890
KODEX 필수소비재,8335,8075,8335,8025,12338,8255
키위미디어그룹,150,0,0,0,0,150
QV 소프트웨어 TOP5 ETN,14945,15005,15005,14945,95,14785
하이골드12호,2260,2255,2260,2220,4681,2260
하이골드8호,1890,1835,1895,1835,40040,1940
ARIRANG KS모멘텀가중TR,9890,9860,9935,9815,4590,9800
미래에셋 미국 대형주 ETN(H),14390,14350,14390,14350,32,14345
우진플라임,2870,2830,2930,2760,23025,2850
덕양산업,888,880,909,880,104227,871
삼성 미국 대형 성장주 ETN,14155,14155,14155,14155,143,14160
웅진에너지,914,0,0,0,0,914
ARIRANG 코스피중형주,7300,7240,7300,7230,20729,7235
동일제강,1920,1880,2035,1875,143322,1875
TIGER 농산물선물Enhanced(H),4030,4045,4045,4005,77619,4065
KOSEF 미국달러선물,13080,13090,13145,13050,10990,13145
ARIRANG KS퀄리티가중TR,10425,10380,10450,10330,34565,10290
신한 금 선물 ETN(H),13825,13775,13860,13750,10058,13855
서울식품,174,171,175,169,13759633,170
주연테크,537,0,0,0,0,537
일성건설,1095,1110,1135,1085,1064992,1060
삼정펄프,23050,23400,23400,22850,5892,22900
체시스,2460,2335,2495,2300,2402340,2380
까뮤이앤씨,1315,1320,1355,1295,4024230,1265
엔케이물산,702,699,706,688,1062176,682
에넥스,996,967,1015,958,1075815,950
태경케미컬,4885,4940,4940,4880,28755,4875
KB Wise 분할매매 ETN,9580,9580,9580,9580,1,9420
한익스프레스,4845,4810,4885,4750,174650,4705
상신브레이크,2660,2600,2705,2555,13586,2610
모나미,3050,2980,3110,2970,1178621,2965
혜인,4410,4330,4500,4290,475123,4400
대구백화점,5300,5130,5370,5130,1528,5160
유한양행우,47000,47200,47900,46050,4033,46600
신한 레버리지 은 선물 ETN(H),5550,5365,5600,5325,350643,5455
SMART KRX300,12030,11990,12065,11920,1015,11845
TIGER 인버스,7590,7615,7675,7550,368242,7710
CS홀딩스,46200,45400,46250,45000,915,46200
영보화학,2680,2640,2725,2630,32664,2650
TIGER 미국채10년선물,13090,13180,13180,13090,49116,13165
SG충방,1210,1180,1215,1170,125014,1165
GS우,29400,29500,29700,29350,15775,29250
화인베스틸,1840,1850,1890,1830,110335,1765
KOSEF 통안채1년,101775,101770,101785,101765,352229,101810
디아이씨,1375,1360,1385,1340,42885,1335
만호제강,12650,12900,12900,12650,7795,12500
KBSTAR KRX300,11950,11920,12015,11860,4083,11895
신한 WTI원유 선물 ETN(H),2000,2065,2065,1700,1566749,2150
KODEX 코스피대형주,9155,9110,9200,9040,16068,9025
세우글로벌,1860,1910,1925,1850,1185839,1790
TIGER 미국MSCI리츠(합성 H),10380,10250,10595,10250,12538,10260
KODEX 고배당,6760,6700,6760,6675,25440,6695
DSR제강,3630,3555,3695,3550,44836,3515
평화홀딩스,3445,3320,3580,3205,446193,3455
유엔젤,3720,3670,4035,3570,2273952,3825
파워 200,26250,26145,26370,25975,134195,25830
대양금속,2320,2335,2400,2300,563371,2260
TIGER 2차전지테마,7170,7235,7240,7120,289233,6960
TIGER 차이나HSCEI,12490,12335,12555,12320,4605,12435
서연,3090,3145,3150,3060,117208,3015
범양건영,3065,3060,3195,3005,1819262,2850
한솔홈데코,889,879,893,875,336002,873
우진,3475,3520,3555,3425,182702,3470
금강공업,2930,2875,3070,2860,76865,2860
포스코강판,11750,11650,11750,11500,23023,11550
신영와코루,76600,77400,77400,76000,300,76800
남영비비안,1020,1065,1065,1015,1163851,1000
두올,2610,2590,2670,2575,269134,2530
쎌마테라퓨틱스,6770,6820,7000,6670,190320,6750
한국제지,13900,13250,14000,13250,39783,13600
MH에탄올,9250,9310,9540,9250,302720,9120
사조씨푸드,3980,3875,3995,3850,264863,3900
대원전선,1005,1020,1025,996,483982,985
KCTC,2305,2305,2305,2250,135242,2230
새론오토모티브,3475,3410,3500,3380,9972,3480
참엔지니어링,1240,1255,1295,1220,375179,1240
대유플러스,630,630,638,624,200795,621
화천기공,30600,29700,30600,29700,3131,30050
KBSTAR 200IT,9490,9695,9695,9420,2076,9310
경동인베스트,27350,28400,28400,27150,3560,27550
대림통상,4250,4170,4300,4140,9650,4240
KBSTAR 금융채액티브,101535,101490,101550,101490,12,101640
한국석유,99000,100500,100500,97000,10615,97700
유성기업,2540,2535,2590,2435,42641,2465
KBSTAR 국채선물10년,56765,56720,56915,56705,3973,56750
영화금속,1445,1475,1490,1410,2187193,1395
KTis,1840,1795,1860,1785,166471,1815
고려산업,2610,2530,2670,2500,664755,2525
화천기계,2775,2735,2845,2730,1460975,2850
KODEX 2차전지산업,7460,7570,7570,7435,165801,7285
미래산업,75,75,77,74,62006618,74
국동,1925,1875,1980,1855,4119094,2050
KBSTAR KQ고배당,10295,10150,10295,10150,9953,10125
가온전선,14900,15200,15200,14800,7229,14600
대창단조,21600,21150,21600,21150,6476,21200
대림B&Co,3695,3600,3775,3555,54850,3630
이건산업,5610,5850,5850,5400,71298,5490
지투알,5060,4955,5080,4950,6445,5060
다스코,5710,5770,5860,5650,189002,5400
동방아그로,6200,6060,6300,6050,13946,6100
KODEX 국고채3년,57650,57660,57685,57620,6780,57685
지엠비코리아,4470,4330,4650,4330,145889,4355
KODEX KRX300,11945,12070,12070,11850,14757,11850
조흥,136000,136500,139000,134000,421,138000
한미글로벌,7600,7600,7660,7500,39257,7460
삼원강재,2050,2060,2060,2020,8560,2040
세원정공,8090,0,0,0,0,8090
수산중공업,1510,1520,1555,1495,1427917,1490
SK우,144000,144000,145000,142500,6607,142000
대림씨엔에스,6380,6320,6400,6240,39917,6280
황금에스티,5780,5890,5900,5750,73812,5710
성보화학,3970,3930,3970,3895,10405,3990
남성,2280,2165,2320,2150,1363840,2200
천일고속,55700,56400,56400,55200,133,55400
동양고속,26900,26700,27000,26700,5586,27250
신풍제약우,35300,33250,36500,33050,302870,35700
KC그린홀딩스,3630,3540,3660,3540,41578,3500
일진디스플,2850,2880,2885,2825,109532,2750
한국내화,3485,3510,3570,3410,305718,3375
대현,1765,1760,1785,1750,66087,1725
대유에이텍,720,720,744,717,117016,712
한양증권,6010,5990,6020,5930,20784,5970
KODEX 미국S&P500선물(H),13350,13280,13360,13225,47699,13200
화신,2175,2145,2190,2095,212446,2160
대신증권2우B,7580,7550,7650,7540,14759,7530
유니온머티리얼,1795,1780,1815,1735,240422,1785
ARIRANG 코스피TR,9430,9350,9450,9345,32928,9310
오리엔트바이오,754,750,763,746,1071026,729
TIGER 부동산인프라고배당,4470,4485,4485,4450,29884,4435
STX중공업,2225,2170,2250,2155,82928,2600
사조오양,8060,7620,8080,7510,227144,7780
KBSTAR 단기국공채액티브,100860,100865,100875,100855,53361,100885
부국철강,3820,3925,3985,3730,567314,3655
평화산업,1365,1385,1425,1320,5402309,1325
시디즈,36600,35700,36800,35700,4447,36350
KBSTAR 국고채3년선물인버스,99585,99615,99615,99550,12,99630
KTcs,1745,1715,1750,1700,602037,1690
일동홀딩스,8250,8180,8300,8090,14030,8180
크라운제과,7580,7500,7600,7430,24068,7530
우리들휴브레인,2550,2490,2600,2435,1813472,2625
금호에이치티,3500,3640,3640,3500,30570,3660
제이준코스메틱,3005,2965,3015,2960,307453,2905
우성사료,3095,3015,3095,2950,1201974,3040
세아특수강,11150,10950,11200,10850,8593,10950
세이브존I&C,2300,2245,2315,2225,15878,2275
두산솔루스1우,13200,13500,13600,12950,64707,12650
유니켐,1405,1385,1405,1360,259177,1370
삼화전기,14450,15150,15200,14350,96014,14000
비상교육,7200,7030,7340,7030,93816,7100
KODEX 은선물(H),3380,3305,3390,3290,633474,3340
한진중공업홀딩스,3315,3470,3470,3270,943088,3110
콤텍시스템,1370,1400,1465,1365,7014273,1345
NH프라임리츠,4925,4870,4975,4860,91946,4875
윌비스,1515,1545,1605,1490,15610110,1440
웅진,1185,1045,1195,1040,2996561,1140
TIGER 미국S&P500레버리지(합성 H),13975,13935,14085,13800,89479,13705
세종공업,4030,4050,4100,3970,115773,4005
신흥,9310,9400,9400,9270,20518,9390
호전실업,11250,11100,11250,11100,3135,11200
키다리스튜디오,5610,4900,5670,4765,434017,5280
조비,18000,17800,18050,16500,145563,17150
SK이노베이션우,72300,72900,72900,71100,8858,71300
티웨이홀딩스,1215,1245,1245,1205,397125,1160
광명전기,2090,2070,2160,2035,1152250,2045
휴니드,5480,5400,5580,5390,397956,6220
KB 코스피 마운틴 ETN,8765,8760,8765,8760,2,8765
한창,2510,2545,2635,2505,4346038,2510
ARIRANG 코스피50,17945,17830,18040,17830,24779,17695
일진전기,2375,2400,2400,2340,114147,2345
테이팩스,18400,18700,18850,18100,35606,18400
그린케미칼,3565,3470,3650,3375,201436,3615
무림페이퍼,2115,2060,2125,2060,161803,2080
우리들제약,6750,6500,6810,6420,963971,6560
서연이화,3240,3195,3290,3155,73528,3190
기신정기,3000,2960,3015,2945,59686,2945
KODEX Fn성장,11280,11190,11280,11190,202,11140
웰바이오텍,2035,2040,2080,2020,480039,1990
S&TC,14550,14700,14850,14350,19165,14600
동남합성,30400,29850,30400,29850,7504,30200
보해양조,878,893,905,873,2406161,857
KINDEX 200TR,15090,14965,15200,14965,507,14915
세아제강,39200,39000,40000,38850,4986,38250
상상인증권,1140,1140,1145,1115,76956,1125
대동공업,4575,4570,4620,4510,136782,4540
TIGER 200선물레버리지,7535,7460,7600,7370,1485890,7290
코오롱머티리얼,1595,1560,1650,1555,524364,1550
TIGER 코스피,19580,19460,19600,19415,10180,19300
HSD엔진,3135,3195,3200,3100,159812,3220
극동유화,3115,3160,3200,3070,976242,3040
미창석유,60200,59500,60700,59500,4080,60900
현대비앤지스틸,7160,7070,7190,7040,32572,7010
인천도시가스,24550,24400,24600,24050,1220,24150
화성산업,8570,8560,8630,8450,32844,8480
삼부토건,787,821,821,783,2208675,767
성창기업지주,1510,1425,1520,1420,417481,1510
대한화섬,82000,82000,82900,80800,1546,79000
써니전자,3160,3030,3200,3020,2631104,3110
경동도시가스,17300,17200,17400,17000,9298,17650
보락,1790,1770,1815,1745,593816,1725
디아이,3370,3255,3395,3255,256324,3280
퍼스텍,1960,1930,2010,1880,1897385,2205
삼성 KTOP30 ETN,10430,10395,10430,10345,120449,10270
대한방직,19700,19300,19900,19200,4622,19350
YG PLUS,1680,1660,1690,1630,1132506,1760
광전자,1730,1715,1735,1700,87695,1765
디와이,3920,3880,3965,3850,90339,3860
한전산업,3170,3150,3180,3075,90830,3115
화승알앤에이,1595,1590,1615,1570,118798,1560
벽산,1550,1570,1620,1485,1099913,1460
태평양물산,2000,2185,2235,1985,12635199,1995
TIGER 코스닥150 레버리지,8010,7930,8105,7850,869222,7740
금양,2280,2240,2290,2225,148593,2250
DRB동일,4795,3970,5110,3830,3238160,4970
미원화학,44100,43200,44100,43200,870,44950
성신양회,8250,8440,8830,8230,3074532,7830
TIGER 미국나스닥100,47965,48100,48105,47550,44538,47620
신한 레버리지 WTI원유 선물 ETN(H),650,0,0,0,0,650
TIGER 차이나CSI300,8720,8735,8840,8720,904787,8640
삼성 인버스 2X 천연가스 선물 ETN,17280,17270,17635,16980,101056,18815
현대상사,14750,14750,15250,14400,97885,14200
코오롱글로벌,7500,7530,7720,7470,160996,7380
QV 코스피 양매도 5% OTM ETN,9295,9295,9295,9295,0,9300
KISCO홀딩스,10150,9990,10200,9920,4207,10000
일신석재,2430,2445,2615,2425,8785958,2385
KINDEX 중국본토CSI300,23100,23045,23280,22825,1510,22800
코리아써키트,8200,8250,8250,7950,598537,7790
ARIRANG 단기유동성,111705,111705,111705,111705,22,111715
KPX홀딩스,43550,42850,43750,42850,551,43100
케이씨,13700,13400,13800,13350,36688,13400
경보제약,7700,7460,7800,7410,47422,7570
한솔테크닉스,5620,5450,5720,5410,454526,5620
부국증권,17400,16950,17850,16950,2695,17400
티웨이항공,3930,4030,4040,3930,304264,3840
휴비스,5190,5160,5240,5130,159318,5210
동부건설,8270,8280,8290,7750,42074,8230
S&T중공업,5320,5350,5360,5280,24856,5390
대원강업,2920,2935,2940,2900,11991,2870
세화아이엠씨,2990,0,0,0,0,2990
아세아,81800,80900,82500,80200,7129,80900
일진홀딩스,3685,3670,3735,3610,179886,3570
KG케미칼,13850,13200,14200,13100,447370,13450
한국철강,3825,3830,3845,3755,69239,3775
한국금융지주우,29850,30000,30250,29750,12225,29650
동성코퍼레이션,3750,3700,3750,3635,69428,3800
아시아나IDT,16050,15850,17150,15200,725045,15500
신한 인버스 2X 천연가스 선물 ETN(H),7875,7845,8030,7780,215173,8520
KINDEX 베트남VN30(합성),11060,11090,11200,11010,38797,11090
유니퀘스트,6470,6450,6470,6300,176594,6220
종근당바이오,31100,31300,31300,30700,54026,30750
무학,6020,5910,6100,5900,94747,5910
세방,8870,8650,8940,8580,17471,8660
KBSTAR 코스닥150,9960,9825,10015,9825,28600,9780
AJ네트웍스,3540,3450,3575,3450,152748,3525
이수화학,10800,9600,12150,9600,5433219,10800
팜스코,4590,4085,4740,3995,1044557,4480
STX엔진,5480,5410,5500,5340,8486,7120
부산산업,154500,153000,173000,150500,443800,155000
TIGER 중국소비테마,6245,6100,6275,6100,25064,6185
한국화장품제조,37550,36400,38350,36050,205652,36050
KSS해운,7100,7010,7150,6940,27681,6900
유수홀딩스,6040,6020,6070,5970,7152,6090
한국패러랠,1960,1955,1960,1950,30784,1965
삼호,20200,20700,20800,19900,18221,20000
경방,11100,10900,11350,10800,296388,11000
AK홀딩스,22400,22100,22450,21850,42962,22750
한독,22500,22100,22800,21950,58486,21800
일동제약,12700,12750,13050,12550,101782,12600
SK렌터카,8380,8230,8400,8210,75452,8280
한라홀딩스,29350,28650,29350,28400,21957,28000
조선내화,73700,73900,74100,73100,1031,73300
SMART 200TR,8435,8385,8475,8355,8180,8310
대원제약,14850,14800,14900,14550,58170,14400
하이트진로홀딩스,12300,11750,12350,11600,41400,12500
삼천리,72000,71800,72400,70600,2629,71500
현대일렉트릭,8500,8280,8840,8210,305761,8040
동성제약,11200,11250,11350,11050,233723,10950
동화약품,10900,10800,11500,10600,2488327,10150
동양,1225,1225,1240,1210,1320817,1185
유나이티드제약,17500,17600,17650,17300,144886,17300
한국카본,6340,6320,6540,6270,1890459,6380
경인양행,6940,7000,7000,6830,286978,6840
고려제강,14050,14000,14250,13750,36460,13950
인스코비,2755,2715,2805,2705,601641,2865
SK증권,605,614,614,602,2144387,589
조광피혁,42450,41600,42450,41550,1836,41750
한국자산신탁,2245,2175,2250,2170,411344,2230
모나리자,7030,7130,7450,7020,5980612,7540
금호산업,7750,7660,7830,7580,167147,7650
경농,13150,12600,13250,12400,743947,12550
에이블씨엔씨,10200,10600,10600,10200,150790,9970
환인제약,14400,14500,14550,14300,20050,14450
신도리코,26550,26150,26800,26150,5989,26600
아세아제지,30050,28650,30250,28550,59388,29900
아모레G3우(전환),38250,38900,38900,37200,6274,37600
SBS미디어홀딩스,1860,1855,1905,1845,41464,1850
KBSTAR 대형고배당10TR,9745,9770,9820,9660,1803,9620
엔에스쇼핑,7720,7600,7780,7550,21761,7590
코스모신소재,9020,9290,9300,8960,328079,8720
태림포장,3760,3750,3795,3670,650630,3600
아세아시멘트,68200,69000,69100,66600,38018,65400
세아홀딩스,64200,64400,68000,63100,294,63300
엘브이엠씨홀딩스,4990,4790,5100,4775,504100,4950
코리아오토글라스,12600,12600,12700,12400,49750,12600
센트랄모텍,30350,30800,31000,30200,188670,29250
삼영무역,13700,13550,13750,13400,13859,13500
삼성제약,4115,4180,4180,4100,968999,4050
JW생명과학,15950,15900,16300,15750,77532,15600
디티알오토모티브,24400,23700,24450,23700,3529,24300
한화손해보험,2085,2075,2100,2040,290308,2075
한일홀딩스,41500,42500,42500,40800,3415,40400
국도화학,42250,40100,42800,39700,16651,41600
삼성SDI우,152500,155000,156500,152000,15119,149000
한화3우B,10650,10750,10750,10550,20863,10700
일성신약,93400,91500,93800,91000,2506,90300
모토닉,7250,7170,7600,7170,16587,7220
KPX케미칼,48500,48900,49600,47950,2696,49100
동서,16850,16400,16900,16300,82526,16650
한샘,71200,70000,71200,69500,90415,70100
포스코인터내셔널,13250,13150,13400,13000,299673,13350
LG생활건강우,761000,722000,794000,722000,9064,763000
현대백화점,69400,68200,70800,67700,149575,67500
키움증권,71400,72300,72400,71100,78522,71400
메리츠화재,13700,13800,13900,13600,147431,13600
TIGER 단기통안채,100440,100430,100445,100430,527899,100445
BNK금융지주,4665,4650,4750,4635,1318535,4635
NHN,75800,73700,77200,73400,159100,76500
현대로템,17600,17800,18200,17250,1365275,17300
한화생명,1740,1760,1815,1735,11435609,1685
신세계인터내셔날,210000,210000,211000,206000,45853,202500
효성,68600,66600,68700,66100,60002,68400
한전KPS,32300,31950,32350,31600,98908,32000
KG동부제철,14750,14750,15650,14500,97161,14100
한화,18450,17850,18500,17650,605386,18450
SK네트웍스,5590,5350,5690,5300,3758308,5540
KCC,157000,144500,158000,143500,108467,154500
대우건설,3420,3455,3460,3385,1304794,3300
현대차우,57100,57500,58300,57000,102348,55900
KBSTAR 200,25760,25535,25905,25525,453694,25365
대웅제약,113500,119000,119000,111500,282829,112500
한화에어로스페이스,24250,24150,24500,24000,495551,25700
메리츠금융지주,9450,9470,9530,9420,16134,9150
한올바이오파마,25200,25350,25350,24800,298177,24350
LG화학우,167000,168500,169000,165500,26876,163500
KODEX 종합채권(AA-이상)액티브,109310,109285,109450,109195,10971,109220
HMM,3680,3750,3780,3660,1911141,3710
KODEX 코스닥150 레버리지,7550,7500,7650,7440,32095003,7300
대웅,16950,20150,20550,16900,5919914,19950
DB하이텍,26250,26300,26550,25700,1500837,26100
현대미포조선,30250,29850,30650,29500,494962,29000
HDC현대산업개발,18600,18750,19300,18600,786835,17500
이노션,58100,56400,58800,55800,53978,57000
파미셀,22100,21900,22200,20850,7820053,19000
LS ELECTRIC,39000,37950,39000,37550,81113,37950
LS,35450,35500,35900,35000,135988,34750
지누스,76100,72600,76500,72300,172868,78700
태영건설,14650,14550,14850,14400,311184,14500
이마트,111500,110500,112000,109000,152840,108500
호텔신라,77800,77700,78900,77100,474636,76900
DB손해보험,43100,40900,43600,40900,345845,42500
한미약품,259500,256500,260000,256000,32555,254000
LG이노텍,128500,130000,131500,128500,188999,126000
TIGER 200,25840,25685,25960,25565,1284618,25445
대림산업,84200,84800,86700,83400,441418,81400
롯데지주,27450,26500,27500,26400,192775,26500
더존비즈온,92000,91200,93500,90100,230355,89500
삼성중공업,4240,4295,4445,4235,10160397,4170
쌍용양회,5200,5260,5300,5130,3161419,5210
BGF리테일,151500,146000,153000,145500,37359,148500
한국금융지주,47000,47400,47750,46700,203192,46000
한국타이어앤테크놀로지,20900,20800,21300,20700,332417,20650
현대제철,18900,19250,19300,18900,590996,18900
한국항공우주,24100,24100,24500,24000,677392,25450
NH투자증권,8760,8780,8860,8710,1096039,8680
삼성증권,27850,28000,28350,27750,363199,27300
한국가스공사,26750,26250,26750,26100,276826,26250
GS리테일,32000,31100,32100,31100,216926,31300
신세계,250500,252000,252500,248000,73751,243500
롯데쇼핑,86500,86800,87500,86000,99282,84700
현대해상,25400,24050,25700,23950,532573,25400
두산밥캣,24150,24650,24950,23750,552232,22600
한화솔루션,13900,14050,14150,13750,1071624,14000
하이트진로,29600,29450,29700,29250,253366,31150
금호석유,71500,67000,71500,66500,343758,70800
삼성엔지니어링,11250,11150,11400,11050,2223291,10900
현대차2우B,58900,59800,60700,58500,63250,57500
CJ,71900,71300,72500,70100,78646,71700
KODEX 200선물인버스2X,6830,6890,7000,6775,178064704,7055
휠라홀딩스,34300,33600,34600,33550,496074,33200
제일기획,17650,16750,17750,16600,1486008,17100
오뚜기,540000,532000,541000,525000,5680,539000
GS건설,24850,25150,25150,24400,445244,24100
대우조선해양,17700,17950,18650,17550,768973,17700
대한항공,19750,19900,20150,19500,1769537,19800
SKC,52100,53400,53900,51800,400580,49650
