삼성전자,49350,49650,49750,49000,15555003,49850
SK하이닉스,81400,82000,82500,80800,3182862,82600
삼성바이오로직스,591000,598000,603000,588000,397916,588000
삼성전자우,42500,42650,42950,42500,1565122,42750
NAVER,192500,189000,197500,189000,927247,197500
셀트리온,211500,213500,217000,210500,1069375,212500
LG화학,353500,358000,358500,350000,269394,353500
LG생활건강,1434000,1424000,1444000,1406000,73381,1395000
현대차,90100,91300,92300,90100,1850954,91600
삼성SDI,277000,280000,282000,275000,490747,279000
삼성물산,98700,101000,102500,98100,693466,99700
SK텔레콤,209500,211500,214500,209000,289610,213000
카카오,183000,184500,188500,182000,1071015,184000
현대모비스,169000,175500,175500,167500,439160,167500
한국전력,22550,23200,23550,22500,4063193,23850
POSCO,173000,169500,174500,169000,386947,174000
신한지주,27150,27200,27450,26900,1747959,30000
KB금융,31100,31100,31650,31000,1567763,34200
엔씨소프트,653000,656000,673000,648000,98322,630000
SK,175500,180500,181000,175000,198122,178500
삼성에스디에스,157000,160500,161500,156000,310243,159000
기아차,27700,28400,28900,27650,2190933,28600
KT&G,78900,80300,80400,78900,427144,80400
LG,62000,62200,63000,61700,207384,62300
아모레퍼시픽,171000,175500,176000,170000,333131,171500
삼성생명,46900,47150,47500,46700,393855,49300
삼성화재,184500,186000,190000,184500,105044,191500
SK이노베이션,97600,100500,101000,97500,617795,97600
LG전자,52600,52800,53200,52300,526785,53400
삼성전기,107500,109500,111000,107500,684030,111000
하나금융지주,23150,23350,23600,23150,1194240,27050
S-Oil,70300,72600,73200,69700,817829,71500
넷마블,90900,92400,92500,90500,238984,92400
롯데케미칼,212500,213000,221000,208500,245169,223500
고려아연,390000,391500,396500,390000,34226,395000
KT,23150,23350,23500,23050,862167,23600
우리금융지주,7850,7820,7890,7800,1583985,8330
LG유플러스,12750,12950,13050,12700,1605796,13200
한국조선해양,76400,77800,78500,75500,267952,77300
한진칼,93000,85800,102000,84600,9297165,90500
KODEX 200,25415,25650,25705,25300,5657673,25920
강원랜드,24150,24400,24450,24000,517482,24700
아모레G,57600,57700,58600,57100,146368,58200
오리온,121500,124500,126000,121000,94039,120500
한온시스템,8760,8960,8970,8700,943112,8880
코웨이,59400,60500,61000,59000,174836,59800
기업은행,7200,7300,7300,7190,2458426,7620
CJ제일제당,259000,251000,270000,245000,166193,274000
맥쿼리인프라,11350,11350,11400,11300,741249,11350
현대중공업지주,229000,227000,236000,227000,40821,232500
현대건설,33000,34250,34500,32600,1322506,33900
현대글로비스,98300,100000,100500,98100,109966,98300
미래에셋대우,5150,5160,5200,5120,1717600,5380
GS,37500,38750,39100,37350,299659,38100
CJ대한통운,146000,148000,148000,143500,42775,150000
삼성카드,27800,27950,28150,27700,89431,28900
이마트,108500,110500,111000,108000,134140,119500
KODEX 레버리지,9715,9895,9950,9645,105717649,10115
LG이노텍,126000,128500,130500,126000,151140,136000
DB손해보험,42500,43900,44350,42000,245201,45100
포스코케미칼,51800,52400,52800,51500,416623,52000
에스원,83400,83600,83600,82100,43819,83300
유한양행,46950,47000,47450,46550,305734,46750
호텔신라,76900,77200,77900,76000,475462,78200
한미약품,254000,258000,259500,252500,33147,255000
롯데지주,26500,27450,27450,26500,166408,28700
TIGER 200,25445,25770,25770,25315,615114,25950
대림산업,81400,83100,84200,81400,331688,81500
GS리테일,31300,31600,31900,31250,209359,36500
BGF리테일,148500,149000,151000,148000,17071,158500
롯데쇼핑,84700,86000,86000,84400,74482,96600
한국금융지주,46000,46900,46900,45900,194529,47500
더존비즈온,89500,90600,92600,89300,119259,88700
삼성중공업,4170,4290,4320,4125,5107566,4175
현대제철,18900,18800,19100,18550,757679,19500
한국타이어앤테크놀로지,20650,20750,20750,20350,340287,21000
쌍용양회,5210,5150,5220,5050,1844295,5160
삼성증권,27300,27600,27850,27300,293834,28350
NH투자증권,8680,8710,8750,8630,639451,8990
신세계,243500,248000,250000,243500,54664,255500
한국항공우주,25450,24650,26500,24500,3524920,25600
한국가스공사,26250,26650,26650,26100,278469,26950
CJ,71700,71800,73000,70400,105014,82300
한화솔루션,14000,13850,14250,13700,1069569,14500
금호석유,70800,74000,75400,70000,370963,76300
현대해상,25400,25200,26200,25100,403263,25950
두산밥캣,22600,23700,23800,22500,681453,22750
하이트진로,31150,29900,31200,29550,902156,31800
삼성엔지니어링,10900,11150,11200,10900,1147369,11100
현대차2우B,57500,58900,59700,57500,70151,58200
KODEX 200선물인버스2X,7055,6940,7125,6900,178348371,6750
휠라홀딩스,33200,33950,34200,33000,333746,33800
오뚜기,539000,540000,552000,532000,8262,552000
제일기획,17100,17650,17700,16900,921402,17200
GS건설,24100,24650,24700,23600,574794,24500
대한항공,19800,20100,20250,19550,1956065,19900
SKC,49650,50900,51500,49250,668945,50200
메리츠증권,2980,2925,2990,2890,2031735,3040
팬오션,3370,3990,4090,3360,16895421,3485
한미사이언스,27450,27950,28200,27100,133083,27900
일진머티리얼즈,39150,39550,40100,38950,584872,39650
녹십자,151000,151000,157500,149500,234405,151000
한샘,70100,70200,70700,68100,104823,73700
부광약품,27500,29250,29800,27500,5631739,26550
KODEX 단기채권,102215,102205,102215,102205,9585,102225
현대엘리베이,61700,62600,63800,61000,393610,62300
동서,16650,16650,16900,16400,73409,16950
F&F,110000,113500,114000,106500,66800,109500
포스코인터내셔널,13350,13300,13400,13050,309914,13650
현대백화점,67500,68900,69400,67400,71459,70600
키움증권,71400,70500,71500,70500,27326,72700
BNK금융지주,4635,4650,4670,4590,1232956,4875
메리츠화재,13600,13700,14400,13500,386182,13800
LG생활건강우,763000,766000,774000,761000,5670,736000
현대로템,17300,17950,17950,17200,1022329,17950
한화생명,1685,1700,1750,1685,5981214,1750
NHN,76500,76200,77500,75000,123378,77400
TIGER 단기통안채,100445,100440,100445,100435,540997,100440
효성,68400,68100,70000,67900,54930,70700
신세계인터내셔날,202500,207000,208500,201000,43975,208500
KCC,154500,157000,158500,150000,86083,166500
한전KPS,32000,32100,32150,31300,147203,32200
대우건설,3300,3400,3415,3270,1437107,3440
한화,18450,18350,19050,18200,497239,18950
SK네트웍스,5540,5590,5680,5540,2151504,5680
현대차우,55900,56400,56900,55800,119430,56400
KBSTAR 200,25365,25455,25645,25245,283025,25870
메리츠금융지주,9150,9450,9510,9130,68506,9490
한화에어로스페이스,25700,24650,27100,24600,2820852,26050
대웅제약,112500,114000,125000,111500,844649,112500
한올바이오파마,24350,25200,25350,24150,339489,24450
LG화학우,163500,166500,166500,163000,17633,165000
KG동부제철,14100,15500,15700,14000,96051,12250
KODEX 종합채권(AA-이상)액티브,109220,109335,109380,109160,15601,109270
KODEX 코스닥150 레버리지,7300,7460,7620,7250,39716653,7615
지누스,78700,75400,81000,75000,206865,83700
현대미포조선,29000,29900,30300,28800,305900,29450
DB하이텍,26100,25800,26900,25800,1105086,26300
LS ELECTRIC,37950,38650,38900,37500,112545,38800
HMM,3710,3880,3910,3585,5757914,3670
동아에스티,86000,85500,86400,84400,14651,87900
NICE,19400,19150,19450,19100,25975,19450
화승엔터프라이즈,11700,12100,12150,11600,344006,12050
애경산업,27100,27800,28200,26700,150687,27300
SK가스,77300,75900,77800,75200,26384,76500
다우기술,15400,15650,15750,15200,84001,15550
아주캐피탈,12050,12000,12100,11900,26533,12000
휴켐스,15850,16000,16050,15700,80376,16400
아모레퍼시픽우,62000,62600,63600,62000,25624,61900
한전기술,16600,16800,16950,16400,91110,16950
일양약품,33000,34100,34200,32500,275071,33900
대덕전자,8210,8300,8370,8170,577170,8210
미래에셋생명,3580,3715,3715,3520,43284,3560
빙그레,59600,57300,60000,56800,112487,63900
ARIRANG 200,25515,25775,25785,25385,92777,26020
QV 코스피 변동성 매칭형 양매도 ETN,8920,8920,8920,8920,0,8940
JW중외제약,29400,30000,30550,29200,310042,29800
후성,6590,6730,6730,6510,791291,6730
두산,36850,37600,37950,36700,100591,37600
쿠쿠홀딩스,84300,84600,85700,82300,6014,87000
SPC삼립,70100,70600,71300,69600,11203,71400
한섬,22650,23100,23200,22400,88413,24650
에이프로젠 KIC,3015,2320,3015,2250,8764123,3915
에스엘,12000,12250,12250,11900,140513,12500
풍산,22000,21000,23000,20850,1665843,21350
락앤락,10650,11100,11100,10600,174441,10950
종근당홀딩스,114000,113500,117000,112500,27824,116500
TIGER MSCI Korea TR,10080,10140,10165,10060,50370,10245
한진,49100,50100,52700,49000,472676,48200
KINDEX 200,25575,25825,25835,25470,789304,26095
제이콘텐트리,33750,34850,35000,33500,101572,35000
동원시스템즈,20950,21200,21250,20750,12580,22300
하나투어,40350,40750,40750,40200,66882,40800
보령제약,12700,13250,13650,12450,1143774,12850
LIG넥스원,25650,24000,26700,23950,939100,25700
롯데하이마트,21800,22400,23250,21800,143314,23850
한진중공업,6530,6670,7100,6310,1909426,6740
에이프로젠제약,1770,1340,1770,1310,98431451,2300
대한전선,643,656,659,643,1133052,646
넥센타이어,5570,5650,5650,5520,344589,5660
씨에스윈드,29500,29000,30550,28650,66822,31350
효성티앤씨,125000,123000,130000,123000,9006,125000
동아쏘시오홀딩스,86900,87300,88500,86400,12425,87800
한일현대시멘트,32300,34100,34600,32050,127314,31950
HDC,8810,9020,9020,8800,269989,8980
CJ CGV,24100,24300,24650,23900,195310,25300
제주항공,20050,20800,20850,19900,184440,20150
영원무역홀딩스,36300,36000,36650,35200,5327,38100
롯데정보통신,32100,32850,32850,31700,38652,33400
S&T모티브,34950,34150,34950,33700,34512,34900
KODEX 코스닥 150,9925,10035,10130,9870,3579292,10115
남선알미늄,4510,4660,4705,4460,9874457,4585
삼화콘덴서,47150,47500,48750,47050,116535,47950
LG상사,12500,12850,12850,12400,227555,12750
동양생명,2945,2940,2985,2900,72240,2975
풀무원,12500,11750,13200,11550,591909,12600
필룩스,5540,5750,5810,5450,3127317,5590
유안타증권,2320,2395,2395,2300,217942,2395
KODEX Top5PlusTR,11435,11415,11545,11415,4916,11735
한세실업,10950,11050,11050,10700,105521,11900
SK디스커버리,24750,25250,25650,24550,179100,25000
대신증권,9120,9150,9150,9060,70353,9280
삼성 코스피 양매도 5% OTM ETN,9325,9325,9325,9325,0,9340
현대에이치씨엔,4065,4175,4175,4050,231360,4060
대한해운,18350,20050,22050,15100,812147,18700
경동나비엔,35000,35750,35750,34800,34731,35700
KODEX 코스닥150선물인버스,7390,7325,7430,7245,51267309,7225
BGF,4460,4355,4600,4350,682867,4695
롯데손해보험,1430,1440,1440,1405,160657,1445
LG하우시스,48400,41650,51300,40850,567003,49900
드림텍,6440,5970,6540,5950,3935044,7130
한국토지신탁,1745,1755,1760,1725,320027,1740
이월드,4470,4350,4580,4320,9082166,4460
진원생명과학,13400,13100,13850,12800,3630265,13200
SK디앤디,22900,23350,23350,22800,37287,23000
화승인더,7500,7550,7680,7460,721252,7810
KODEX 코스피,19365,19525,19535,19275,75232,19705
삼양홀딩스,48200,48700,49000,47950,17169,50000
롯데푸드,361000,364500,367500,356000,2863,374500
신영증권,44350,44850,44850,44000,4571,44350
두산퓨얼셀,7330,7690,7720,7210,970956,7460
삼성화재우,127000,133500,133500,127000,9278,129000
덴티움,37150,37500,38150,37050,36257,37000
대교,4760,4880,4880,4720,207994,4835
지역난방공사,34900,35650,35750,34600,13058,35250
삼양사,36700,35500,37200,35050,44551,39500
한미반도체,7700,7900,7930,7670,149719,7850
미래에셋대우2우B,2825,2835,2845,2820,243148,2885
세방전지,27650,27850,28200,27450,42157,28800
부산가스,37350,33850,43500,33700,89573,36200
미원에스씨,75700,76000,76000,75100,247,75000
동국제강,3975,3960,4030,3925,239285,4055
한국콜마홀딩스,21500,21900,21900,21150,44279,21550
제일약품,25750,26250,26800,25500,33024,26200
효성화학,116500,113500,119000,111500,69338,120500
남해화학,7660,7860,7870,7600,263043,7720
LF,12050,12400,12500,11850,105265,12850
우리종금,525,535,535,523,1141938,555
스카이라이프,7680,7960,7960,7610,142418,7800
율촌화학,14100,14000,14500,13800,204281,14900
하나제약,22250,22450,22500,22000,38932,22700
아이마켓코리아,10150,10000,10150,9920,22671,10200
송원산업,14450,13950,14750,13900,949559,15250
TIGER 단기채권액티브,50265,50260,50270,50260,757,50270
디피씨,8370,8280,8520,8180,4631581,8700
웅진씽크빅,2690,0,0,0,0,2690
한라홀딩스,28000,29100,29100,27900,42125,28400
SMART 200TR,8310,8370,8385,8265,2187,8465
하이트진로홀딩스,12500,12300,12650,12100,39186,12800
동양,1185,1225,1245,1180,2027064,1240
조선내화,73300,73700,73900,72500,1644,73600
대원제약,14400,14700,14950,14400,68698,14500
경방,11000,10900,11800,10650,313482,10650
동화약품,10150,10800,10800,10150,687716,10450
동성제약,10950,11050,11150,10800,191663,11150
KPX케미칼,49100,48500,49100,47650,2736,49750
한일홀딩스,40400,41500,41500,40250,2930,40100
일성신약,90300,93000,93100,88000,3599,90300
교보증권,6440,6400,6500,6320,92356,6670
해성디에스,13850,14100,14200,13850,66105,14100
삼성출판사,22900,23400,23700,22550,351228,23900
한국화장품,14350,14800,14950,14150,567189,14850
모토닉,7220,7290,7310,7050,10995,7230
넥센,4365,4430,4440,4290,27709,4435
신한 인버스 2X 천연가스 선물 ETN(H),8520,8685,8685,8430,211478,9690
신세계 I&C,112500,111000,114000,110500,12066,112000
동아지질,16950,17950,18250,16700,610766,16700
TIGER 차이나CSI300,8640,8725,8730,8620,817479,8780
성신양회,7830,8110,8330,7710,897337,7760
코오롱글로벌,7380,7540,7590,7340,81080,7500
KISCO홀딩스,10000,10100,10100,9900,4656,10200
현대상사,14200,14850,14850,14050,113553,14150
KINDEX 중국본토CSI300,22800,22860,23155,22700,3153,23020
S-Oil우,38500,39700,40000,38500,17879,39250
대성홀딩스,9590,9560,9690,9400,31535,9750
한국패러랠,1965,1955,1965,1955,37120,1960
흥국화재,2400,2500,2500,2400,35092,2425
현대약품,4245,4300,4370,4220,207868,4850
KBSTAR 단기통안채,103655,103655,103655,103645,257,103665
신라교역,9470,9550,9600,9370,18093,9690
노루페인트,7280,7510,7510,7250,182733,7710
HANARO MSCI Korea TR,10085,10115,10170,10050,63,10260
텔코웨어,13950,14150,14150,13800,27038,13700
마니커,815,839,841,810,6321979,836
샘표식품,28450,28800,28800,28200,14158,29000
비티원,3335,3300,3480,3285,614876,3335
GS글로벌,1550,1600,1600,1530,357740,1600
사조대림,13550,13650,14050,13450,32856,14400
쌍방울,937,964,988,936,3349651,946
태경산업,4430,4530,4550,4405,23045,4510
KBSTAR 코스닥150선물레버리지,7205,7410,7520,7150,74056,7525
SG세계물산,645,647,649,629,667534,649
삼익악기,1435,1480,1490,1420,408524,1450
신일전자,1780,1810,1820,1770,1722860,1845
일신방직,53000,53000,53300,52500,1213,54600
고려개발,8480,8400,8770,8320,31788,8600
TIGER 미국S&P500선물(H),32200,32265,32305,32075,11987,33170
대성에너지,4695,4625,4770,4595,59514,4725
핸즈코퍼레이션,5840,6080,6080,5820,11845,5940
카프로,2910,2965,2970,2860,215939,3240
한창제지,2140,2205,2240,2110,3069125,2165
사조동아원,910,916,928,892,1065010,913
크라운해태홀딩스,8600,8850,8910,8540,33138,8670
동양물산,979,1005,1005,970,1375777,1020
유화증권,2275,2290,2290,2275,10442,2265
자화전자,7130,7250,7250,7020,77167,7150
신한 레버리지 천연가스 선물 ETN(H),3565,3485,3595,3480,674193,3115
대림산업우,33150,33700,33700,32800,8083,33550
진양홀딩스,2270,2315,2320,2260,34058,2280
백산,5160,5370,5430,5100,254474,5240
백광산업,2685,2740,2805,2660,1916843,2815
자이에스앤디,4460,4225,4935,4225,464123,4710
남광토건,12750,13550,13700,12700,410116,12800
KODEX 배당가치,8390,8455,8455,8370,335,8645
명문제약,5180,5360,5440,5130,895771,5090
아남전자,1600,1620,1640,1585,436142,1625
코오롱플라스틱,3205,3225,3310,3135,136813,3295
삼호개발,4960,5150,5270,4865,1004524,4965
인디에프,2095,1925,2295,1880,25076757,2100
대영포장,1120,1160,1175,1110,2662318,1140
동양철관,1030,1070,1070,1005,1516407,1035
동일고무벨트,7110,6920,7620,6310,6673029,9010
노루홀딩스,9070,9170,9240,8950,12673,9200
DRB동일,4970,4920,5570,4580,6620361,6110
서원,2560,2600,2680,2520,2636069,2560
HDC현대EP,3835,3880,3900,3700,104953,3805
대신 골드 커버드콜 타겟 5%인컴 ETN(H),12220,12220,12220,12220,4,12135
한라,3040,3155,3220,3020,281885,3110
디씨엠,10250,10600,10600,10150,14879,10300
동일산업,49150,49950,49950,49050,1007,49650
삼성물산우B,73100,74500,74600,72500,14063,73500
세아제강지주,27600,28350,28500,27300,4409,28250
S&TC,14600,14500,15000,14500,26941,15550
두산우,28900,30200,30200,28850,21021,29200
삼일제약,18000,18000,18450,17550,80417,17950
KODEX 단기변동금리부채권액티브,101960,101960,101960,101960,0,101970
이아이디,206,212,214,203,6479259,209
대우부품,2400,2550,2615,2400,7488570,2390
세진중공업,2910,3050,3100,2870,92432,2940
TIGER 200선물레버리지,7290,7410,7450,7220,1289714,7615
강남제비스코,16950,17250,17400,16700,18170,17100
보해양조,857,870,881,848,1803832,872
KINDEX 200TR,14915,15025,15035,14825,503,15205
세아제강,38250,39000,39200,38050,4370,39050
벽산,1460,1545,1545,1450,694854,1610
동남합성,30200,32450,32450,30000,6187,30200
코오롱머티리얼,1550,1570,1610,1540,247640,1590
극동유화,3040,3150,3155,3020,690014,3130
상상인증권,1125,1145,1145,1100,87939,1135
태평양물산,1995,2000,2085,1925,3691473,2185
HSD엔진,3220,3190,3355,3105,1380452,3290
보락,1725,1800,1820,1720,623733,1800
현대비앤지스틸,7010,7160,7190,6930,24910,7150
화성산업,8480,8650,8650,8400,43838,8640
TIGER 코스피,19300,19525,19525,19230,2500,19680
대동공업,4540,4565,4565,4350,170201,4520
광전자,1765,1735,1800,1700,162598,1850
제주은행,3020,3110,3110,3020,24394,3330
대한화섬,79000,79400,81300,79000,763,80200
인천도시가스,24150,24500,24550,24100,2365,24300
삼부토건,767,785,797,755,2583170,772
성창기업지주,1510,1500,1540,1480,175434,1520
퍼스텍,2205,2045,2450,2005,33309031,2265
미창석유,60900,60200,61500,60200,2962,60700
써니전자,3110,3120,3300,3110,4782466,3100
삼성 KTOP30 ETN,10270,10375,10375,10260,126940,10445
경동도시가스,17650,17300,17700,17200,6852,17700
한전산업,3115,3150,3190,3070,38619,3175
TIGER 코스닥150 레버리지,7740,8100,8100,7665,748905,8040
화승알앤에이,1560,1585,1605,1560,55299,1595
YG PLUS,1760,1820,1830,1720,3291332,1770
디와이,3860,3895,3930,3835,92199,3900
대한방직,19350,19900,19900,19250,1956,19350
디아이,3280,3370,3370,3230,124851,3250
금양,2250,2270,2295,2200,67468,2320
우리들휴브레인,2625,2530,2770,2520,3760851,2845
두산솔루스1우,12650,12950,13000,12300,88305,13850
태경비케이,3570,3660,3705,3485,510936,3685
금호에이치티,3660,3500,3990,3450,253472,3880
조선선재,78800,79900,79900,78400,1115,79400
신한 S&P500 VIX S/T 선물 ETN B,36835,36555,37125,36200,22015,33115
미원화학,44950,44500,45000,44100,533,45100
미원홀딩스,42250,42350,42850,41800,1565,42200
대창,1060,1065,1075,1035,781218,1070
제이에스코퍼레이션,7100,7280,7470,7000,67221,7300
SH에너지화학,871,963,972,871,12990275,875
윌비스,1440,1500,1520,1405,4712648,1530
크라운제과,7530,7580,7660,7480,30001,7670
우성사료,3040,3250,3250,2995,3322979,3100
일동홀딩스,8180,8250,8250,8100,1679,8290
TIGER 미국S&P500레버리지(합성 H),13705,13905,13905,13655,68480,14470
세이브존I&C,2275,2320,2320,2245,10253,2320
세아특수강,10950,11150,11200,10750,8187,11100
삼화전기,14000,14350,14700,13850,46684,14300
비상교육,7100,7160,7250,7070,69170,7270
제이준코스메틱,2905,3000,3000,2890,297276,2915
유니켐,1370,1405,1410,1350,287129,1390
한진중공업홀딩스,3110,3320,3385,3110,732317,3180
TIGER 200선물인버스2X,7260,7145,7330,7095,2813686,6935
키다리스튜디오,5280,5540,5540,5230,185486,5500
KODEX 은선물(H),3340,3335,3350,3325,618596,3350
콤텍시스템,1345,1370,1395,1320,1387305,1360
세종공업,4005,4040,4155,3985,162300,4060
CJ우,37400,37150,37850,36800,3370,40400
웅진,1140,1160,1175,1105,677609,1150
NH프라임리츠,4875,4925,4925,4840,40698,4880
휴니드,6220,5740,6670,5590,4985067,6450
신한 레버리지 WTI원유 선물 ETN(H),650,0,0,0,0,310
티웨이홀딩스,1160,1200,1220,1150,368975,1180
신흥,9390,9390,9400,9310,572,9410
호전실업,11200,11150,11250,10950,3060,11250
금호석유우,27750,28300,28900,27350,40962,29650
광명전기,2045,2090,2145,2030,472762,2065
디와이파워,7670,7820,7820,7510,56401,8100
서연이화,3190,3245,3300,3160,78214,3300
SK이노베이션우,71300,72600,73100,71000,7994,71400
지투알,5060,5090,5130,5000,9502,5380
무림페이퍼,2080,2080,2135,2070,160330,2140
한창,2510,2550,2605,2435,4188531,2555
기신정기,2945,3000,3000,2915,73525,3040
그린케미칼,3615,3595,3750,3595,174734,3690
ARIRANG 코스피50,17695,17830,17840,17615,278,17930
조비,17150,17800,18150,17050,134169,16900
일진전기,2345,2375,2390,2230,92365,2365
KB 코스피 마운틴 ETN,8765,8765,8765,8765,0,8765
대호에이엘,3140,3250,3380,3040,2090891,3210
KEC,730,747,750,727,605044,745
계양전기,2600,2630,2655,2560,340866,2660
KODEX Fn성장,11140,11170,11205,11070,259,11255
현대코퍼레이션홀딩스,9360,9480,9480,9160,38475,9500
조흥,138000,136000,138000,135500,103,144000
테이팩스,18400,18450,19450,18100,63067,18100
삼화왕관,39450,39500,39700,39400,535,39500
웰바이오텍,1990,2025,2025,1970,350896,1970
영흥,983,1005,1005,970,317819,987
지엠비코리아,4355,4450,4470,4300,129227,4440
KODEX KRX300,11850,12000,12000,11750,11885,12065
다스코,5400,5680,5710,5390,120799,5440
한미글로벌,7460,7580,7660,7340,38180,7640
동방아그로,6100,6190,6190,6020,14701,6120
SK우,142000,143000,144500,140500,8403,147000
KODEX 국고채3년,57685,57650,57695,57620,4521,57665
금강공업,2860,2930,2930,2820,61163,3400
삼원강재,2040,2025,2090,2015,8280,2060
화신,2160,2185,2400,2115,941847,2355
성보화학,3990,3970,3990,3945,11669,4105
고려산업,2525,2620,2630,2430,532171,3280
남성,2200,2250,2345,2170,1090149,2245
황금에스티,5710,5780,6100,5680,90824,5790
세원정공,8090,0,0,0,0,8090
KC그린홀딩스,3500,3630,3630,3500,52098,3605
한국내화,3375,3480,3535,3335,328022,3530
수산중공업,1490,1520,1520,1445,1199949,1485
일진디스플,2750,2855,2875,2740,129440,2830
대림씨엔에스,6280,6380,6380,6190,28884,6270
대현,1725,1765,1785,1725,75801,1795
동양고속,27250,26900,27350,26900,6925,27300
KODEX 미국S&P500선물(H),13200,13250,13260,13175,53700,13620
천일고속,55400,56300,56600,54700,279,55100
신풍제약우,35700,34300,38000,34200,272173,35350
한양증권,5970,6000,6080,5910,37770,6090
대신증권2우B,7530,7560,7570,7520,9806,7750
사조오양,7780,8060,8150,7650,197200,8210
유니온머티리얼,1785,1775,1890,1755,404387,1830
대유에이텍,712,719,728,697,125152,716
ARIRANG 코스피TR,9310,9390,9405,9295,121,9475
오리엔트바이오,729,754,797,725,3173031,747
서연,3015,3090,3115,2980,180128,3230
부국철강,3655,3725,3800,3600,383320,3685
KTcs,1690,1725,1730,1680,339206,1725
시디즈,36350,36600,37100,35700,1810,36750
한농화성,4545,4670,4790,4510,110644,4700
KBSTAR 단기국공채액티브,100885,100880,100890,100875,17562,100905
KBSTAR 국고채3년선물인버스,99630,99655,99700,99630,6,99625
방림,1695,1700,1730,1650,21135,1710
TIGER 차이나HSCEI,12435,12355,12555,12355,361,12660
TIGER 2차전지테마,6960,7060,7095,6925,280104,7040
동방,2125,2210,2280,2065,8917137,2155
수출포장,18000,18000,18400,17850,5120,18000
유유제약,11300,11500,12100,11100,223969,11300
평화산업,1325,1395,1400,1325,1154905,1310
유양디앤유,1220,0,0,0,0,1220
엔케이,889,913,913,878,347024,889
조광페인트,5610,5800,5900,5450,54761,5540
범양건영,2850,3030,3075,2840,1110403,2850
한솔홈데코,873,888,888,856,400792,878
신영와코루,76800,76600,78300,75600,224,78200
포스코강판,11550,11800,11800,11300,34751,11700
우진,3470,3470,3475,3375,141371,3455
남영비비안,1000,1020,1065,997,1914332,1015
두올,2530,2610,2620,2520,138587,2570
사조씨푸드,3900,3990,3990,3860,153049,4015
한국제지,13600,13900,13900,13300,25961,13700
STX중공업,2600,2250,2890,2200,9234171,2410
대원전선,985,993,1020,970,391682,1000
KCTC,2230,2330,2345,2210,148700,2260
MH에탄올,9120,9230,9570,8970,346547,9180
국동,2050,1880,2165,1855,9841103,2250
참엔지니어링,1240,1230,1245,1200,137226,1255
화천기공,30050,30550,30700,29900,2378,30550
대유플러스,621,630,633,610,442086,625
쎌마테라퓨틱스,6750,7000,7000,6660,179730,6650
TIGER 부동산인프라고배당,4435,4470,4470,4390,86608,4455
새론오토모티브,3480,3410,3530,3390,7944,3475
KBSTAR 200IT,9310,9405,9405,9245,1555,9440
경동인베스트,27550,28050,28050,27050,1896,27600
유성기업,2465,2590,2590,2450,28809,2515
화천기계,2850,2850,3240,2745,23621397,2950
KTis,1815,1815,1860,1800,78161,1840
KBSTAR 금융채액티브,101640,101600,101640,101585,6,101620
한국석유,97700,99200,101500,95800,11577,97600
KODEX 2차전지산업,7285,7435,7435,7240,131236,7370
대림통상,4240,4280,4280,4150,8815,4150
이건산업,5490,5600,5610,5380,54172,5760
영화금속,1395,1430,1435,1355,1752466,1385
가온전선,14600,15200,15200,14600,2340,15050
KBSTAR KQ고배당,10125,10250,10305,10115,1640,10405
미래산업,74,75,75,73,30461935,74
KBSTAR 국채선물10년,56750,56735,56805,56600,7141,56645
대창단조,21200,21550,21550,21000,10830,21450
대림B&Co,3630,3695,3735,3600,42828,3670
TIGER 유로스탁스50(합성 H),9410,9600,9600,9330,10470,9620
세하,2010,1995,2025,1935,47600,2025
인지컨트롤스,3890,3955,4100,3880,91665,3925
선도전기,2745,2825,2885,2730,266394,2800
세우글로벌,1790,1840,1850,1755,1277284,1755
NI스틸,1750,1750,1750,1685,97857,1755
금비,50000,51200,51400,49900,633,50100
대교우B,2530,2520,2580,2500,245045,2575
대원화성,1185,1195,1195,1155,34124,1200
미래아이앤지,386,390,395,383,3199778,381
우진아이엔에스,6490,6600,6600,6300,17255,6470
TIGER 중장기국채,53235,53410,53410,53230,48,53355
롯데지주우,47350,47550,48300,47100,3999,49450
인터지스,1645,1630,1745,1580,679096,1640
KB KTOP30 ETN,9870,9870,9870,9870,0,9735
폴루스바이오팜,1225,0,0,0,0,1225
유화증권우,2725,2695,2730,2695,26204,2740
삼성공조,5860,5950,5950,5830,5185,5880
부국증권우,15800,16200,16200,15700,1650,15900
KODEX 중국본토CSI300,10225,10345,10345,10180,3307,10320
한국특수형강,1470,1500,1550,1440,172944,1465
KB KQ 우량주30 ETN,9465,9465,9465,9465,41,9465
유니온,2980,3100,3100,2930,224835,3025
QV Big Vol ETN,9485,9485,9485,9485,0,9440
동양피스톤,3555,3685,3690,3540,35205,3580
신풍제지,1320,1280,1340,1280,207886,1345
KODEX 미디어&엔터테인먼트,12565,12565,12830,12490,3694,12630
삼성 코스피 풋매도 ETN,9265,9265,9265,9265,1,9330
ARIRANG 200동일가중,6785,6850,6850,6735,8427,6945
신한 WTI원유 선물 ETN(H),2150,2110,2395,2000,2442384,1915
미래에셋대우우,3250,3240,3300,3235,16634,3265
메타랩스,866,904,904,860,389602,878
선창산업,3640,3570,3640,3510,35106,3640
KB 코스피 양매도 5% OTM ETN,9130,9130,9130,9130,0,9155
한신기계,1365,1415,1420,1365,252187,1410
한국종합기술,4170,4090,4230,3960,42255,4145
페이퍼코리아,1285,1285,1395,1230,893417,1290
TRUE 코스피 양매도 ATM ETN,9065,9065,9065,9065,0,9065
두산솔루스2우B,25900,27000,27150,25500,40142,27500
KODEX IT,12240,12350,12400,12180,6020,12445
TRUE 코스피 양매도 3% OTM ETN,8935,8935,8935,8935,58,8935
국보,1730,1700,1970,1690,8345300,1825
KODEX 200exTOP,8730,8730,8730,8730,1,8820
두산퓨얼셀1우,3260,3355,3460,3230,69788,3270
TIGER 국채3년,111435,111420,111450,111355,98,111470
KBSTAR 미국S&P원유생산기업(합성 H),2215,2265,2275,2150,4755582,2220
문배철강,2055,2080,2130,2040,81435,2105
티에이치엔,2345,2470,2550,2340,495468,2390
신한 인버스 WTI원유 선물 ETN(H),19995,18755,19995,18260,68638,21505
덕성,2665,2745,2745,2625,131443,2740
신송홀딩스,3610,3690,3745,3585,45734,3610
금호전기,3250,3335,3340,3175,91510,3330
KOSEF 국고채3년,112970,112950,113030,112890,33,112995
신한 레버리지 다우존스지수 선물 ETN(H),16140,16170,16200,16010,35214,16925
KODEX 미국S&P고배당커버드콜(합성 H),7735,7810,7820,7695,16144,8015
KODEX China H,20680,20695,20700,20400,768,20955
삼성 레버리지 China A50 선물 ETN(H),32750,32725,32990,32710,246,33510
TIGER 200IT레버리지,20120,20505,20540,19805,61949,20900
신한 인버스 옥수수 선물 ETN(H),16515,16400,16515,16390,167,16705
신한 인버스 천연가스 선물 ETN(H),15555,15730,15730,15470,2338,16595
ARIRANG KS퀄리티가중TR,10290,10370,10400,10280,53,10415
KOSEF 미국달러선물,13145,13100,13145,13100,15603,13040
신한 금 선물 ETN(H),13855,13885,13895,13845,7758,13835
삼성 China A50 선물 ETN(H),13755,13755,13755,13755,0,13780
한성기업,4300,4365,4410,4280,25234,4430
미래에셋 미국 항공우주 ETN(H),13730,13730,13730,13625,112,13730
TIGER 농산물선물Enhanced(H),4065,4050,4080,4050,48164,3970
KODEX 삼성그룹밸류,6330,6455,6455,6310,7877,6500
KINDEX 삼성그룹섹터가중,9825,9995,9995,9825,88,10010
삼성 미국 대형 성장주 ETN(H),13210,13240,13240,13210,5068,13480
미래에셋 미국 헬스케어 ETN(H),13400,13400,13400,13400,0,13400
TIGER 미국다우존스30,14545,14430,14580,14420,11105,14850
KINDEX 코스피,19440,19665,19665,19375,179,19750
동원금속,564,568,578,557,195358,569
진양폴리,2650,2750,2765,2595,393246,2650
삼화전자,2500,2620,2620,2500,123916,2530
TIGER 일본TOPIX(합성 H),11725,11725,11725,11700,48,12005
씨아이테크,1080,1125,1125,1060,244406,1095
KINDEX 일본TOPIX인버스(합성 H),6375,6355,6425,6350,84591,6250
ARIRANG 미국장기우량회사채,110010,108770,110340,108770,341,108670
경인전자,16900,16750,16900,16700,373,16550
QV 바이오 TOP5 ETN,13040,13095,13170,13040,96,12980
태원물산,3360,3370,3425,3330,8681,3410
한진칼우,48800,48700,55500,48250,436537,48100
신한 레버리지 미국달러 선물 ETN,13020,13015,13030,13005,12231,12865
ARIRANG 단기채권액티브,105035,105035,105035,105035,0,105060
미래에셋 중국 심천 100 ETN,12575,12595,12600,12575,1500,12575
두산퓨얼셀2우B,8400,8580,8740,8270,13976,8420
성안,425,447,479,405,837078,435
삼성 KRX 금현물 ETN,12265,12245,12265,12215,57293,12200
ARIRANG 단기우량채권,52860,52860,52860,52850,403,52865
한국전자홀딩스,515,525,525,507,60741,519
유안타증권우,1795,1795,1820,1770,4602,1865
미래에셋 미디어엔터 Core5 ETN,12100,12100,12100,12100,0,12005
삼성 바이오 테마주 ETN,11955,12110,12170,11955,134,11955
TIGER 미국달러단기채권액티브,10595,10575,10600,10570,8399,10515
미래에셋 일본 대형주 ETN(H),11885,11885,11885,11885,0,11885
ARIRANG 미국단기우량회사채,103755,103615,103805,103615,24,102995
미래에셋 미국 중형주 ETN(H),11830,11830,11830,11830,8,11830
미래에셋 미국 고배당주 ETN(H),11435,11435,11435,11435,2,11685
KOSEF 미국달러선물레버리지,10590,10550,10630,10550,16374,10450
TIGER 코스닥150선물인버스,7500,7425,7540,7350,687546,7340
QV 스마트리밸런싱 260/4 ETN,11550,11550,11550,11550,0,11550
삼성 S&P500 VIX S/T 선물 ETN(H) B,33810,33715,34100,33390,13694,30725
KODEX 배당성장,9970,10000,10120,9970,1242,10190
ARIRANG KS로우볼가중TR,9080,9170,9170,9070,52,9325
LG하우시스우,22100,20150,25950,19450,76087,22050
BYC우,104500,105500,105500,102500,282,105500
신화실업,18800,19650,19650,18800,4631,18600
TIGER 200TR,13035,13215,13215,12970,15344,13255
TIGER 로우볼,9075,9100,9120,9050,926,9335
대신 인버스 2X 니켈선물 ETN(H),11660,11695,11790,11435,3251,11100
미래에셋 미국 시니어론 100 ETN,11095,11095,11095,11095,0,11075
신한 인버스 2X 다우존스지수 선물 ETN(H),5760,5750,5800,5715,113850,5515
KINDEX 레버리지,3830,3900,3900,3785,118744,3980
신한 인버스 구리 선물 ETN(H),11130,11080,11130,11080,4,10870
QV 인버스 레버리지 WTI원유 선물 ETN(H),8425,8800,9700,8020,81997,10815
TRUE 빅5 동일가중 ETN,10710,10710,10710,10710,0,10815
KODEX 미국나스닥100선물(H),10920,10950,10955,10885,23599,11350
TIGER 가격조정,18165,18155,18175,18140,563,18550
대덕전자1우,6020,6080,6080,5920,9581,6500
미래에셋 호주 ASX200 ETN(H),10545,10545,10545,10545,35,10745
KODEX 국채선물10년인버스,45780,45785,45895,45780,27,45875
SK디스커버리우,15400,15850,16050,15300,9174,15750
미래에셋 일본 중형주 ETN(H),10690,10690,10690,10690,9,10690
에이리츠,5490,5500,5550,5450,3391,5620
신한 구리 선물 ETN(H),10345,10330,10345,10330,60,10645
KODEX TRF3070,10120,10115,10120,10020,1773,10125
전방,12100,12150,12300,12000,1415,12650
ARIRANG 미국S&P500(H),11455,11355,11500,11355,15408,11745
미래에셋 에너지화학 Core5 ETN,10460,10460,10460,10460,0,10545
미래에셋 유럽 대형주 ETN(H),10685,10685,10685,10685,0,10545
삼성 화학 테마주 ETN,10535,10620,10660,10520,694,10535
모두투어리츠,2735,2715,2750,2680,819,2675
청호컴넷,2470,2465,2580,2405,113334,2425
미래에셋 유럽 중형주 ETN(H),10350,10350,10350,10350,0,10350
대한항공우,18100,18250,18950,17550,129903,18600
신한 인버스 2X 은 선물 ETN(H),10310,10305,10415,10270,26485,10300
하이골드3호,1275,1275,1275,1260,9657,1275
세기상사,49800,50500,51800,49200,376,50400
에이엔피,240,246,247,235,242150,248
QV KTOP30 ETN,10355,10355,10355,10355,0,10245
미래에셋 미국 시니어론 100 ETN(H),10110,10110,10110,10110,0,10110
태영건설우,7750,7900,7900,7600,13410,7850
TIGER 우량가치,8295,8285,8385,8250,1982,8565
ARIRANG KS밸류가중TR,9260,9345,9350,9245,51,9535
세방우,5290,5280,5290,5200,1772,5400
삼성 미국 중소형 성장주 ETN,9940,9940,9940,9940,20,9940
지코,306,0,0,0,0,306
TIGER 200 금융,4790,4830,4830,4785,3546,5135
신한 코스피 콘도르 6/10% ETN,9675,9675,9675,9675,0,9700
KINDEX 중기국고채,107500,107500,107500,107500,1,107520
KODEX MSCI KOREA ESG유니버설,7685,7685,7685,7685,0,7735
신한 코스피 월별 양매도 5% OTM ETN,9630,9630,9630,9630,0,9660
KODEX 국채선물10년,71475,71440,71525,71245,6045,71330
KOSEF 미국달러선물인버스2X,7375,7420,7420,7370,9096,7475
KOSEF 200선물레버리지,8730,8795,8840,8630,5316,9055
삼성 미국 중소형 성장주 ETN(H),9175,9175,9175,9175,0,9425
미래에셋 원자재 선물 ETN(H),6210,6195,6285,6195,525,6235
마이다스 200커버드콜5%OTM,11615,11615,11615,11615,0,11665
ARIRANG 고배당저변동50,7955,8025,8025,7920,1078,8115
KODEX 배당성장채권혼합,10260,10265,10285,10235,910,10320
KODEX 미국FANG플러스(H),13760,13960,13960,13710,88739,14255
삼성 코스피 풋매도 4% OTM ETN,9260,9260,9260,9260,10,9260
HANARO KRX300,11740,11745,11830,11610,102,11945
삼성 미국 대형 가치주 ETN,9070,9070,9080,9045,407,9200
대신 2X 니켈선물 ETN(H),8790,8825,8990,8625,81717,9170
부산주공,360,363,367,355,521857,364
QV 에너지 TOP5 ETN,7715,7740,7740,7715,42,7715
TIGER S&P글로벌헬스케어(합성),14820,14940,14940,14750,1146,15200
QV 자동차 TOP5 ETN,7555,7555,7555,7555,1,7580
KBSTAR 중소형고배당,7595,7575,7680,7560,423,7770
QV 의료 TOP5 ETN,7475,8045,8045,7475,22,7570
TIGER 단기선진하이일드(합성 H),10735,10735,10790,10735,995,10795
삼성 미국 중소형 가치주 ETN,7290,7290,7290,7290,0,7540
TIGER 코스피고배당,9255,9350,9350,9235,1634,9475
TIGER 일본TOPIX헬스케어(합성),12320,12225,12320,12225,138,12495
신한 인버스 2X 구리 선물 ETN,13115,13065,13155,13065,56,12490
KODEX 최소변동성,8680,8695,8840,8645,8542,8905
KOSEF 국고채10년레버리지,138415,138430,138570,137680,302,137815
TRUE 인버스 2X 나스닥 100 ETN,6715,6630,6775,6625,101754,6190
QV 미국 IT TOP5 ETN(H),17150,17175,17510,17050,2358,17665
삼성 인버스 2X 구리 선물 ETN(H),12950,12935,12960,12910,276,12330
신한 인버스 다우존스지수 선물 ETN(H),6305,6335,6335,6300,2320,6135
QV 레버리지 10년 국채선물 ETN,24530,24530,24530,24530,0,24520
QV 운송 TOP5 ETN,6120,6090,6695,6090,150,6120
TIGER 200 에너지화학,9820,10040,10040,9820,4866,10010
KBSTAR 모멘텀로우볼,9970,9955,10020,9920,15,10150
NPC우,2290,2245,2300,2235,128283,2300
삼성 음식료 테마주 ETN,5990,5800,6020,5800,9426,6070
KOSEF 인도Nifty50(합성),10380,10455,10575,10290,16557,10510
삼성 인버스 China A50 선물 ETN(H),12260,12170,12260,12170,2268,12085
SMART 선진국MSCI World(합성 H),11930,12125,12125,11930,160,11930
KODEX 200미국채혼합,11350,11410,11430,11350,20697,11420
TIGER 코스닥150IT,11160,11245,11330,11100,1088,11360
현대건설우,120500,123500,127000,117000,2241,119500
QV 인버스 레버리지 S&P500 ETN,6255,6300,6315,6235,2010,5860
TRUE 레버리지 엔선물 ETN B,11735,11700,11735,11700,15,11665
일정실업,9430,9400,9530,9400,429,9500
TIGER 경기방어채권혼합,9420,9440,9465,9420,1916,9470
TRUE 인버스 2X S&P500 선물 ETN(H),6020,6005,6060,5985,185438,5670
신한 달러인덱스 선물 ETN(H),11280,11270,11280,11270,101,11280
KOSEF 200 선물,11210,11295,11310,11185,51,11445
TRUE 인버스 HSCEI ETN(H) B,11175,11175,11175,11175,33,11175
TIGER 미국S&P500선물인버스(H),6405,6365,6425,6365,39463,6200
TRUE 코스피 커버드풋 ETN B,11125,11055,11125,11055,44,11125
TRUE 엔선물 ETN B,10925,10925,10925,10925,0,10995
삼성 인버스 2X 금 선물 ETN(H),10800,10780,10870,10775,34226,10905
TIGER 미국나스닥바이오,17545,17650,17650,17465,6279,18170
KBSTAR 고배당,8100,8195,8195,8070,2474,8340
삼양홀딩스우,34750,34000,34750,33950,44,35550
TIGER 200커버드콜ATM,8890,8890,8890,8890,1,8975
ARIRANG 우량회사채50 1년,107520,107505,107540,107505,352,107530
TIGER 화장품,2960,2930,2995,2785,66267,2990
ARIRANG 고배당주채권혼합,9480,9510,9510,9470,913,9635
한화솔루션우,9190,9010,9300,8850,18531,9370
파워 코스피100,19750,19940,19940,19715,246,20195
TIGER 200 중공업,1920,1960,1960,1910,9317,1950
TIGER 인도니프티50레버리지(합성),8450,8500,8645,8395,49620,8680
신한 옥수수 선물 ETN(H),5290,5315,5315,5180,147760,5205
KINDEX 미국4차산업인터넷(합성 H),12410,12590,12600,12410,2302,12900
코오롱우,9450,9580,9580,9370,17464,9550
미래에셋 인버스 전기전자 Core5 ETN,5190,5130,5190,5130,2,5110
TRUE 유로선물 ETN B,10225,10225,10225,10225,0,10205
신한 천연가스 선물 ETN(H),3630,3590,3645,3585,74099,3395
TRUE 레버리지 HSCEI ETN(H),8390,8315,8390,8315,8006,8750
태양금속우,2610,2730,2730,2530,44624,2645
KODEX 미국S&P에너지(합성),5165,5290,5290,5110,101549,5150
KBSTAR 5대그룹주,4800,4850,4850,4780,544,4835
SK네트웍스우,75000,76500,76500,74000,1041,76500
KBSTAR 헬스케어채권혼합,10835,10870,10875,10820,2029,10850
KODEX 턴어라운드투자,8400,8560,8560,8400,82,8640
KBSTAR IT플러스,11865,11985,12005,11805,97,11975
TRUE 코스피 커버드콜 ETN B,8495,8515,8515,8495,31,8620
KBSTAR 미국장기국채선물레버리지(합성 H),15830,15720,15835,15720,1246,15640
금호산업우,28700,28800,29300,28350,3415,29200
일양약품우,18550,19000,19000,18550,3520,19150
KOSEF 고배당,6045,6095,6095,6020,6430,6310
HANARO KAP초장기국고채,50215,50370,50370,50165,466,50025
TIGER 일본엔선물레버리지,12185,12070,12195,12070,546,12140
KODEX MSCI퀄리티,9350,9350,9350,9350,1,9410
TRUE 인버스 나스닥 100 ETN,8855,8870,8885,8830,2055,8440
KODEX 게임산업,9330,9495,9540,9300,961,9335
ARIRANG 중형주저변동50,7465,7415,7500,7385,5378,7635
KOSEF 미국달러선물인버스,9710,9715,9725,9710,413,9865
대신 니켈선물 ETN(H),11610,11945,11945,11500,11609,11865
KODEX 미국달러선물인버스,9380,9400,9400,9370,17520,9450
삼성 모멘텀 탑픽 ETN,4110,4080,4110,4080,101,4100
TIGER KTOP30,6375,6545,6545,6375,1496,6550
TIGER 유로스탁스레버리지(합성 H),4940,5055,5090,4900,37294,5110
KBSTAR KRX300레버리지,7675,7720,7850,7625,2087,8035
KOSEF 배당바이백Plus,11010,11065,11110,10990,54,11420
동북아13호,5030,5070,5070,5030,4837,5030
TIGER 국채선물3년인버스,49720,49720,49720,49720,0,49720
동북아12호,5010,5010,5010,5010,0,5010
마이티 코스피100,19755,19755,19755,19755,0,19680
KBSTAR 주식혼합,31105,31330,31330,31105,3015,31485
대신 2X 아연선물 ETN(H),3810,3770,3820,3755,10839,3935
TIGER 골드선물(H),13145,13160,13170,13110,12522,13110
KODEX 일본TOPIX100,12785,12815,12895,12720,1540,13090
KODEX 보험,5055,5090,5160,5055,4317,5235
KINDEX 스마트모멘텀,11030,11100,11100,11030,20,11200
KINDEX 일본Nikkei225(H),12650,12675,12675,12500,145,12990
삼성 화장품 테마주 ETN,3850,3915,3925,3850,3595,3890
ARIRANG 주도업종,6975,7040,7060,6960,210,7050
TIGER 중장기국채선물인버스,48210,48210,48210,48210,0,48265
TIGER 삼성그룹펀더멘털,8060,8050,8060,8050,1185,8210
TRUE 코스피 타겟볼20 ETN,7750,7750,7750,7750,0,7695
대한제당우,11550,11800,11800,11400,1329,11850
KBSTAR 미국장기국채선물(H),12820,12785,12850,12785,1009,12795
신한 레버리지 구리 선물 ETN,7395,7430,7455,7385,9219,7665
TIGER 의료기기,12195,12460,12565,12195,3214,12685
KOSEF KRX100,4150,4180,4180,4130,63,4225
한화투자증권우,1525,1550,1570,1525,3785,1580
HANARO e커머스,9820,9865,9990,9755,9291,10080
KOSEF 코스닥150선물인버스,13305,13125,13310,13055,5648,13010
TIGER 국채선물10년인버스,46990,46990,46990,46990,0,47005
KOSEF 코스닥150선물레버리지,3075,3195,3205,3050,8851,3210
TIGER 구리실물,5960,6000,7750,5950,33113,6030
TIGER 차이나항셍25,16075,16000,16075,15900,334,16350
미래에셋 원유선물혼합 ETN(H),8065,7700,9690,7700,1986361,7300
서울식품우,3195,3225,3230,3160,57306,3280
KINDEX 러시아MSCI(합성),23600,22900,23875,22900,6884,24300
대원전선우,2680,2810,2825,2630,75722,2780
KOSEF 코스피100,19780,19945,19970,19755,341,20145
KODEX 미국S&P바이오(합성),25200,25500,25500,25200,887,26325
KBSTAR 팔라듐선물(H),11870,11655,12000,11590,154582,12005
KINDEX 삼성그룹동일가중,11800,11915,11915,11800,39,12005
KBSTAR 내수주플러스,8410,8490,8505,8410,206,8565
KINDEX 스마트하이베타,8790,8865,8865,8790,20,8955
KBSTAR KRX300미국달러선물혼합,10070,10135,10150,10015,8,10215
KODEX 200ESG,8740,8815,8815,8715,93,8935
SMART 중국본토 중소형 CSI500(합성 H),4040,4070,4070,3980,182,3950
KODEX 미국S&P산업재(합성),13310,13185,13310,13185,1396,13305
KODEX KRX300선물인버스,10255,10210,10255,10160,302,10125
KBSTAR 헬스케어,10800,10885,10930,10790,239,10880
삼성 인버스 2X 은 선물 ETN(H),7095,7070,7160,7050,2698,7070
TIGER 200에너지화학레버리지,5425,5550,5570,5365,22019,5585
깨끗한나라우,19050,18800,20150,18800,23650,19050
KOSEF 저PBR가중,9620,9690,9730,9610,83,9925
KOSEF 200선물인버스,9070,8960,9090,8960,3777,8885
KBSTAR V&S셀렉트밸류,9690,9780,9790,9675,50,9875
KODEX 에너지화학,8735,8910,8915,8700,12758,8920
흥국 S&P코리아로우볼,8070,8070,8070,8070,0,8140
ARIRANG 국채선물3년,53150,53130,53150,53130,379,53125
KINDEX 스마트밸류,9480,9550,9550,9480,20,9670
CJ씨푸드1우,33100,33150,33450,32500,10440,33750
KINDEX 인버스,8565,8420,8595,8420,21541,8390
TIGER 코스닥150바이오테크,9430,9475,9590,9400,8484,9580
삼성 레버리지 구리 선물 ETN(H),6365,6415,6430,6340,34998,6680
KINDEX 미국다우존스리츠(합성 H),66000,72500,72500,65975,383,65835
QV MSCI 선진국 ETN,9140,9140,9140,9140,0,9260
KBSTAR 코스닥150선물인버스,7735,7645,7765,7580,59746,7585
TIGER 중장기국채선물인버스2X,45670,45670,45815,45670,301,45690
KBSTAR 모멘텀밸류,8840,8855,8865,8770,254,9120
TREX 펀더멘탈 200,24525,24695,24695,24525,5,24985
신한 인버스 2X 금 선물 ETN,6240,6205,6270,6205,29153,6245
KODEX 200동일가중,7590,7590,7590,7590,239,7800
KBSTAR 차이나H선물인버스(H),11600,11590,11665,11550,84,11345
TIGER 일본엔선물인버스,8760,8755,8855,8755,65,8875
동원시스템즈우,22450,22150,22450,22150,327,23400
파워 중기국고채,103085,103085,103085,103085,0,103085
마이티 200커버드콜ATM레버리지,6795,6795,6795,6795,1,6850
성신양회우,8300,8830,8930,8250,48962,8370
TIGER 원유선물인버스(H),21800,18200,22445,17775,96076,24605
크라운해태홀딩스우,10050,10500,10550,9900,14353,10200
KBSTAR KRX국채선물3년10년스티프너2X,50880,50835,50900,50835,6,50950
TIGER 200 건설,1830,1845,1870,1820,19157,1845
KBSTAR KRX국채선물3년10년스티프너,50570,50545,50575,50545,7,50605
KBSTAR V&S셀렉트밸류채권혼합,10055,10095,10095,10035,1338,10110
KBSTAR KRX300선물인버스,10275,10195,10275,10180,608,10100
TIGER 유로스탁스배당30,8480,8650,8650,8470,6972,8655
하이트진로홀딩스우,12800,13300,13300,12600,3213,12850
금강공업우,7850,7880,7880,7660,3090,10200
TIGER KRX300선물인버스,10140,10075,10155,10040,352,10000
현대비앤지스틸우,53500,54000,55500,52500,686,54600
KBSTAR KRX국채선물3년10년플래트너,49905,49925,49925,49895,6,49870
ARIRANG 국채선물10년,57560,57560,57640,57435,2099,57480
KODEX FnKorea50,7220,7205,7315,7205,169,7440
KBSTAR KRX국채선물3년10년플래트너2X,49615,49635,49635,49525,6,49460
ARIRANG 스마트베타Quality채권혼합,9830,9865,9865,9815,32,9865
KBSTAR 200생활소비재,7625,7635,7710,7620,127,7785
KODEX 3대농산물선물(H),7110,7150,7165,7110,16298,7005
KINDEX 일본TOPIX레버리지(H),11375,11370,11380,11305,386,11710
삼성 건축자재 테마주 ETN,2600,2600,2600,2600,0,2925
KBSTAR 중국MSCI China선물(H),10470,10355,10505,10355,31,10590
파워 고배당저변동성,20710,20790,20855,20615,231,21535
KBSTAR ESG사회책임투자,8145,8210,8220,8145,6,8280
TIGER 200커버드콜5%OTM,11410,11435,11435,11410,3,11575
TIGER MSCI KOREA ESG유니버설,7565,7565,7565,7565,2,7690
KODEX 콩선물(H),7250,7265,7280,7240,11573,7200
KODEX 한국대만IT프리미어,11255,11300,11300,11235,146,11395
KODEX 퀄리티Plus,7940,7940,7990,7940,15,8130
ARIRANG 코스닥150선물인버스,11625,11220,11675,11220,62570,11380
ARIRANG S&P글로벌인프라,9500,9500,9580,9490,277,9450
TIGER 금은선물(H),9380,9430,9430,9350,15621,9360
성문전자우,9180,9490,9490,9170,26528,9350
HANARO 코스닥150선물레버리지,6245,6335,6485,6165,16640,6520
하나니켈2호,1640,2010,2580,1615,17602767,1705
KINDEX 코스닥(합성),9160,9090,9160,9090,11,9325
TIGER KRX300레버리지,7775,7400,7775,7400,1421,7935
대신 인버스 니켈선물 ETN(H),8090,8035,8120,7995,6,7875
TIGER 베타플러스,10625,10625,10625,10625,0,10545
노루페인트우,11050,11550,11600,10900,36773,11800
TIGER 대형성장,8190,8240,8240,8190,57,8295
ARIRANG 미국다우존스고배당주(합성 H),9990,10075,10075,9950,3088,10165
TIGER 미디어컨텐츠,4630,4765,4765,4575,9092,4725
대신 아연선물 ETN(H),7475,7475,7520,7470,2848,7665
KBSTAR 200선물인버스,9050,8970,9090,8970,5797,8865
TIGER 지주회사,9480,9375,9480,9375,20,9605
ARIRANG 글로벌MSCI(합성 H),11700,11725,11725,11600,101,11730
TIGER 일본엔선물인버스2X,7490,7495,7505,7460,780,7500
ARIRANG KRX300산업재,8335,8445,8485,8335,56,8455
TIGER 200 생활소비재,10085,10070,10130,10005,377,10210
KBSTAR KQ모멘텀로우볼,8375,8440,8505,8375,5,8605
한양증권우,7240,7280,7280,7070,1208,7310
KBSTAR 국채선물10년인버스,46255,46240,46385,46240,28,46355
KOSEF 코스닥150선물,6285,6375,6375,6265,7,6425
KODEX 골드선물인버스(H),7490,7515,7525,7475,10652,7540
KODEX 밸류Plus,6005,6055,6055,6005,395,6195
JW중외제약2우B,40500,40400,41500,39500,752,40950
KBSTAR 200에너지화학,6510,6585,6585,6485,824,6620
TIGER 코스닥150로우볼,10790,10790,10790,10790,49,10980
ARIRANG KRX300금융,6755,6795,6825,6755,149,7255
ARIRANG 스마트베타 Momentum,6885,6920,6945,6880,30,6975
TIGER 200 철강소재,5305,5320,5340,5305,221,5410
TIGER 증권,2845,2850,2855,2835,8337,2930
흥국화재우,4670,4760,5000,4600,17600,4705
KBSTAR KQ모멘텀밸류,7715,7850,7860,7715,7,7890
KG동부제철우,66200,67000,67000,65400,409,65800
KBSTAR 200산업재,6915,6945,6965,6915,7,7020
TIGER 라틴35,2315,2300,2350,2300,26416,2180
TIGER 은행,4965,4995,4995,4950,1422,5430
코리아써키트2우B,4450,4425,4515,4425,66,4400
TIGER 대형가치,7480,7480,7480,7480,1,7640
KBSTAR 200건설,7330,7455,7455,7280,127,7475
KBSTAR 200경기소비재,6490,6610,6610,6470,21,6610
신원우,38300,36950,44450,36200,27393,37550
신한 브렌트원유 선물 ETN(H),4325,4350,4800,4170,2454440,3400
흥국화재2우B,20100,20000,20850,19550,13564,21400
노루홀딩스우,17550,17150,17900,17150,328,17700
KBSTAR 팔라듐선물인버스(H),6600,6695,6810,6550,10643,6550
KBSTAR 중소형모멘텀밸류,7850,7870,7920,7850,5,8040
KODEX MSCI EM선물(H),7070,7050,7070,7050,24,7070
TIGER K게임,7760,7730,7855,7730,228,7890
파워 스마트밸류,9975,10120,10120,9975,50,10360
TIGER 200 산업재,3810,3810,3810,3810,26,3845
KODEX 운송,3045,3075,3130,2995,72299,3050
ARIRANG 스마트베타 Quality,7450,7510,7515,7430,33,7555
동양우,4800,5110,5110,4800,1128,4875
KBSTAR 미국장기국채선물인버스2X(합성 H),5415,5420,5435,5415,289,5450
유유제약2우B,17900,17600,17900,17400,93,18250
ARIRANG 스마트베타 Value,6800,6860,6875,6800,30,7015
TREX 중소형가치,6015,6040,6065,6010,21,6160
ARIRANG 선진국MSCI(합성 H),8215,8465,8465,8100,1925,8445
KBSTAR 중소형모멘텀로우볼,7505,7485,7565,7485,5,7675
KBSTAR 200철강소재,5085,5060,5115,5060,133,5160
KBSTAR 200금융,5860,5900,5905,5845,632,6330
ARIRANG 스마트베타 LowVOL,7395,7450,7470,7380,31,7585
TIGER 대만TAIEX선물(H),12865,12435,13220,12435,174,13210
동양2우B,8510,8630,8630,8440,1156,8560
동양3우B,27800,27200,27800,27200,182,28000
TIGER 금속선물(H),4090,4095,4095,4090,186,4090
KBSTAR 200중공업,5935,6050,6105,5920,9,6010
KODEX 경기소비재,8360,8500,8500,8310,237,8645
KODEX 기계장비,3100,3165,3165,3085,3063,3170
QV 레버리지 MSCI 선진국 ETN,7250,7200,7250,7200,47,7320
KBSTAR 200고배당커버드콜ATM,7165,7165,7185,7165,162,7305
KINDEX 배당성장,24975,25025,25040,24960,47,25425
KODEX 국채선물3년인버스,49725,49725,49725,49725,0,49725
TIGER MSCI KOREA ESG리더스,7270,7270,7270,7270,1,7325
TIGER 이머징마켓MSCI레버리지(합성 H),7065,7120,7160,6965,2169,7195
대상홀딩스우,5290,5400,5490,5160,1706,5490
KODEX 구리선물(H),4420,4400,4445,4395,18682,4540
HANARO 농업융복합산업,8105,8165,8290,8060,2416,8310
KINDEX 국채선물3년인버스,99340,99340,99340,99340,0,99290
KINDEX 멕시코MSCI(합성),6045,5955,6070,5955,1118,6180
KODEX 가치투자,8080,8110,8135,8080,375,8230
KODEX MSCI모멘텀,8215,8215,8215,8215,0,8205
마이티 코스피고배당,9355,9445,9445,9355,7,9640
TIGER 방송통신,7470,7635,7635,7460,3428,7640
크라운제과우,6230,6280,6280,6010,4719,6310
KINDEX 스마트퀄리티,12075,12170,12170,12075,20,12180
KBSTAR 우량업종,7830,7930,7930,7830,32,8110
DB하이텍1우,40900,42450,42450,40900,482,41950
KINDEX 필리핀MSCI(합성),11790,11790,11790,11765,67,11765
TIGER 200 경기소비재,10475,10655,10655,10435,584,10665
KINDEX 국채선물10년인버스,92770,92770,92770,92770,0,92800
KODEX China H선물인버스(H),11790,11745,11830,11745,1368,11550
동부건설우,20150,20000,20200,19800,91,20250
KINDEX 한류,5640,5670,5685,5600,76,5700
KODEX 멀티에셋하이인컴(H),9090,8985,9095,8985,81,9075
ARIRANG 코스닥150,9830,9960,10015,9805,183,10055
KBSTAR 미국장기국채선물인버스(H),7490,7500,7500,7490,2,7530
KBSTAR 200커뮤니케이션서비스,11160,11220,11370,11125,412,11275
TIGER S&P글로벌인프라(합성),8960,8840,8970,8840,75,8975
TIGER 중소형,7375,7375,7375,7375,0,7415
TIGER LG그룹+펀더멘털,6065,6045,6200,6045,791,6155
ARIRANG KRX300헬스케어,9950,9995,10145,9930,934,10040
JW중외제약우,25200,25500,25850,24950,7144,25450
TIGER 200동일가중,7650,7650,7650,7650,86,7910
KBSTAR 수출주,7155,7215,7215,7155,77,7215
TIGER 여행레저,4080,4110,4150,4075,1861,4150
TIGER 지속배당,10400,10455,10520,10395,48,10810
진흥기업우B,4900,4870,4935,4850,3285,4915
TIGER 현대차그룹+펀더멘털,11905,12100,12110,11875,1423,12050
TIGER 중소형가치,7355,7355,7355,7355,0,7420
진흥기업2우B,13600,13450,13950,13400,1271,13650
KBSTAR 게임테마,8760,8825,8875,8715,273,8925
KODEX 미국채울트라30년선물인버스(H),6630,6665,6665,6630,8,6680
KINDEX 싱가포르리츠,9955,10185,10215,9900,14779,10140
KODEX TRF5050,10020,10005,10020,9945,428,10110
삼성 레저 테마주 ETN,5045,5045,5045,5045,1,5045
KODEX TRF7030,9940,9960,9960,9855,628,10090
신한 코스피 콘도르 6/10% 콜 2204-01 ETN,10055,10035,10055,10035,216,10045
KODEX 헬스케어,14130,14225,14410,14055,19309,14245
ARIRANG KS로우사이즈가중TR,9745,9815,9850,9725,58,9955
신한 FnGuide 5G 테마주 ETN,9900,10100,10185,9815,15257,9900
삼양사우,26150,26300,26350,25150,2921,26650
KODEX 모멘텀Plus,8730,8750,8865,8660,347,8880
신한 코스피 월별 양매도 5% 콜 2206-1 ETN,9755,9740,9755,9740,224,9765
TRUE 인버스 유로선물 ETN B,9720,9720,9720,9720,0,9730
넥센우,2660,2685,2685,2650,209,2700
KINDEX 밸류대형,5940,5995,5995,5920,24,6075
덕성우,6620,6620,6890,6480,72479,6950
KINDEX 모닝스타싱가포르리츠채권혼합,9625,9625,9625,9625,8,9665
QV 인버스 레버리지 MSCI 선진국 ETN,13835,13995,14020,13835,232,13755
KODEX S&P글로벌인프라(합성),9625,9690,9690,9610,1217,9730
TRUE 인버스 유로스탁스50 ETN(H) B,9790,9725,9830,9725,660,9530
계양전기우,6660,6800,6890,6610,37640,6800
신한 코스피 월별 양매도 3% 콜 2206-1 ETN,9515,9495,9515,9495,225,9515
하나니켈1호,360,431,492,359,87172116,418
SK증권우,2410,2440,2475,2390,11300,2430
KOSEF 블루칩,6625,6695,6695,6615,463,6775
QV 제약 TOP5 ETN,4710,4800,4800,4710,55,4740
신한 코스피 콘도르 4/10% 콜 2204-01 ETN,9485,9455,9485,9455,235,9455
HANARO 200선물인버스,16070,15935,16150,15925,2086,15745
KINDEX 인도네시아MSCI(합성),6605,6865,6925,6605,4343,6740
TIGER 일본니케이225,13120,13055,13135,13055,515,13425
남선알미우,30300,30600,31750,29800,19188,30500
KTOP 코스피50,18060,18225,18265,18015,116,18380
대신 인버스 아연선물 ETN(H),13635,13680,13680,13635,827,13365
ARIRANG 200선물레버리지,17485,17910,17910,17300,25561,18200
TIGER 일본엔선물,11285,11230,11385,11230,289,11340
KOSEF 200선물인버스2X,7020,6925,7080,6880,99833,6735
TRUE 인버스 엔선물 ETN B,8970,8970,8975,8970,22,9005
신한 인버스 달러인덱스 선물 ETN(H),9000,9000,9000,9000,1,9000
대신 인버스 철광석 선물 ETN(H),4520,4510,4520,4485,3438,4500
QV 인버스 MSCI 선진국 ETN,12855,12855,12855,12855,1,12855
KINDEX 스마트로우볼,10985,11060,11060,10985,21,11240
KODEX 미국러셀2000(H),7780,7855,7855,7740,4742,8140
KODEX KRX300레버리지,7755,7930,7930,7635,14355,8120
TRUE 인버스 2X HSCEI ETN(H),9315,9415,9415,9285,499,8910
KODEX 미국채10년선물,12815,12740,12825,12740,7517,12690
유유제약1우,7740,7810,7890,7640,11554,7810
코리아써우,2995,2995,3035,2950,1631,2985
TIGER 미국달러선물레버리지,11210,11175,11245,11175,1192,11015
KBSTAR 차이나HSCEI(H),10830,10830,10840,10810,63,10995
KODEX 미국달러선물인버스2X,8375,8400,8410,8360,62038,8500
KINDEX S&P아시아TOP50,10950,10975,11000,10870,940,11105
KODEX 200 중소형,7310,7380,7390,7300,1062,7475
쌍용양회우,9910,9870,10100,9540,10131,9680
TRUE 레버리지 유로스탁스50 ETN(H),7080,7115,7115,6990,17608,7425
한국주강,1315,1350,1355,1300,16729,1310
신한 인버스 2X 천연가스 선물 ETN,13110,13390,13400,13000,28990,14800
미래에셋 인버스 에너지화학 Core5 ETN,7490,7490,7490,7475,240,7395
삼성 Cushing 에너지인프라 MLP ETN,5120,5130,5135,5100,23125,4925
QV 조선 TOP5 ETN,7270,7500,7500,7270,145,7385
TRUE 섹터탑픽 ETN,7375,7375,7375,7375,0,7375
넥센타이어1우B,2260,2265,2275,2245,5993,2265
컨버즈,4100,0,0,0,0,4100
KODEX 글로벌4차산업로보틱스(합성),10675,10740,10740,10670,876,10880
KODEX 바이오,9370,9425,9605,9310,70633,9600
KODEX 건설,2160,2200,2200,2150,36682,2200
미래에셋 인버스 미디어엔터 Core5 ETN,14325,14325,14325,14325,2,14325
ARIRANG KRX300,11790,11885,11885,11760,32,11925
삼성 온라인쇼핑 테마주 ETN,7130,7130,7130,7130,0,7105
신한 인버스 2X 미국달러 선물 ETN,6965,7000,7000,6945,1206,7035
미래에셋 레버리지 원유선물혼합 ETN(H),1600,0,0,0,0,1270
QV CHINEXT ETN(H),7030,7030,7030,7030,0,6945
QV 내수소비 TOP5 ETN,7035,7035,7035,7035,0,6935
신한 인버스 금 선물 ETN(H),6900,6900,6915,6900,1706,6925
녹십자홀딩스2우,16250,16350,16450,15900,1284,16350
삼성 미국 중소형 가치주 ETN(H),6915,6920,6920,6905,159,6915
FOCUS ESG리더스,6660,6710,6710,6660,4,6810
신한 콩 선물 ETN(H),6850,6860,6880,6830,1236,6810
ARIRANG 미국나스닥기술주,14635,14820,14820,14550,8252,15100
KBSTAR 채권혼합,54775,54940,54940,54775,10,55060
KODEX 코스피100,19860,19915,20030,19730,2129,20215
한화우,22600,22000,24900,21300,359927,27400
대신 WTI원유 선물 ETN(H),2945,2655,3100,2655,1501289,2625
삼성 미디어 테마주 ETN,6480,6480,6480,6480,0,6555
QV 건설 TOP5 ETN,6410,6595,6595,6410,179,6495
KINDEX 미국WideMoat가치주,11570,11565,11585,11455,13186,11795
미래에셋 인버스 S&P500 ETN(H),6470,6470,6470,6470,0,6470
TIGER 배당성장,12390,12415,12490,12340,3069,12630
삼성 증권 테마주 ETN,6305,6305,6305,6305,0,6435
TREX 200,25640,25840,25880,25520,33,26135
HANARO 200선물레버리지,10535,10600,10725,10415,4780,10985
FOCUS KRX300,11900,11965,12000,11900,3,12050
신한 코스피 콘도르 4/10% ETN,8975,8975,8975,8975,0,9030
삼성 레버리지 은 선물 ETN(H),9010,9000,9055,8900,93449,9015
신한 USD K200 선물 바이셀 ETN,9300,9230,9300,9225,210,9015
신한 인버스 은 선물 ETN(H),9005,8995,9015,8995,475,8980
하이트진로2우B,15600,15300,15600,15000,2401,15850
TIGER 200 헬스케어,20795,21120,21150,20730,12852,20820
KODEX 자동차,10305,10595,10600,10305,31131,10490
신한 은 선물 ETN(H),8870,8845,8870,8810,1492,8885
대상우,12200,11950,12450,11850,9653,12900
ARIRANG 200선물인버스2X,14120,13780,14275,13780,150552,13520
신한 레버리지 S&P500 선물 ETN,8270,8285,8290,8230,3599,8690
신한 인버스 2X S&P500 선물 ETN,9270,9245,9360,9210,14915,8685
KODEX WTI원유선물인버스(H),30400,25690,30650,25500,409591,32925
QV 롱숏 K150 매수 로우볼 매도 ETN,8640,8640,8640,8640,4,8630
삼성 미국 대형 가치주 ETN(H),8505,8505,8505,8505,22,8600
HANARO 고배당,7200,7130,7275,7130,234,7450
QV 화학 TOP5 ETN,8155,8365,10845,8155,509,8530
TIGER 미국달러선물인버스2X,8360,8410,8410,8360,2252,8520
미래에셋 글로벌 리츠 ETN(H),8305,8405,8405,8300,274,8515
TRUE 인버스 2X 유로스탁스50 ETN(H),8930,8845,9015,8845,15281,8500
남양유업우,100500,102000,103000,100000,273,102000
미래에셋 미국 리츠 ETN(H),8365,8365,8365,8365,0,8435
QV 인버스 레버리지 10년 국채선물 ETN,16845,16845,16845,16845,33,16845
TIGER 모멘텀,16240,16235,16245,16220,628,16455
미래에셋 Q150 Core5 ETN,8265,8265,8265,8265,0,8210
KODEX Fn멀티팩터,8930,8960,8985,8875,152516,9050
신한 K200 USD 선물 바이셀 ETN,8255,8255,8255,8255,0,8115
신한 레버리지 천연가스 선물 ETN,12380,12125,12505,12125,43355,10785
신한 인버스 브렌트원유 선물 ETN(H),15490,14890,15750,14205,95450,16145
TRUE 코리아프리미어 ETN,8110,8110,8110,8110,0,8060
KINDEX 골드선물 레버리지(합성 H),17970,17800,18100,17800,39762,17880
KBSTAR 글로벌4차산업IT(합성 H),13250,13300,13300,13220,5942,13400
KODEX 심천ChiNext(합성),8860,8980,8985,8660,73030,8925
KODEX KTOP30,12960,13065,13130,12920,717,13235
KODEX 미국채울트라30년선물(H),14370,14260,14370,14260,29094,14265
QV S&P500 VIX S/T 선물 ETN B,37085,36005,37085,36005,787,33005
미래에셋 레버리지 S&P500 ETN(H),15540,15535,15615,15535,46,16500
TRUE 레버리지 S&P500 선물 ETN(H),10385,10405,10475,10340,2959,10990
KODEX China H 레버리지(H),5750,5820,5830,5670,19135,5985
QV 하드웨어 TOP5 ETN,16795,16795,16795,16795,0,16445
미래에셋 전기전자 Core5 ETN,16475,16475,16475,16475,0,16425
에쓰씨엔지니어링,1295,1340,1340,1275,25623,1310
HANARO 코스닥150,9755,9760,9980,9730,1614,10005
KODEX 200가치저변동,6910,6915,6965,6840,2935,7090
진양화학,2595,2690,2740,2555,252667,2675
삼성 레버리지 금 선물 ETN(H),32145,32105,32185,31900,27639,31895
WISCOM,2060,2120,2120,2040,5698,2060
KBSTAR 중장기국공채액티브,102690,102675,102690,102635,36,102725
TIGER 반도체,22780,23210,23210,22730,23243,23185
KBSTAR 중국본토대형주CSI100,16245,16290,16380,16170,11002,16270
진도,2425,2455,2460,2400,44349,2460
성문전자,1575,1625,1630,1545,187480,1570
TBH글로벌,1460,1490,1520,1460,32197,1465
KOSEF 코스닥150,4890,4960,5000,4890,4319,5015
KODEX 필수소비재,8255,8235,8340,8205,5418,8385
KINDEX 중장기국공채액티브,103080,103045,103080,103045,20,103000
인팩,2990,2990,3050,2935,19453,3015
흥아해운,258,0,0,0,0,258
키위미디어그룹,150,0,0,0,0,150
하이골드12호,2260,2260,2350,2255,7795,2265
QV 소프트웨어 TOP5 ETN,14785,14785,14785,14785,63,14760
미래에셋 미국 대형주 ETN(H),14345,14345,14345,14345,1,14690
덕양산업,871,888,900,870,119616,902
TRUE 인버스 2X 천연가스 선물 ETN(H),25755,26355,26355,25550,61047,29305
ARIRANG KS모멘텀가중TR,9800,9840,9890,9760,154,9915
우진플라임,2850,2880,2950,2780,16983,2900
한솔PNS,1345,1395,1395,1325,153113,1405
미래에셋 인버스 원유선물혼합 ETN(H),26635,26500,26830,25040,4363,28720
삼성 미국 대형 성장주 ETN,14160,14160,14160,14160,10,14355
ARIRANG 코스피중형주,7235,7280,7295,7220,39,7345
동일제강,1875,1925,1925,1850,64871,1900
두산2우B,30100,32000,32000,30100,517,31750
신한 인버스 콩 선물 ETN(H),13925,13925,13925,13925,0,14155
웅진에너지,914,0,0,0,0,914
삼성 레버리지 천연가스 선물 ETN,3920,3830,3935,3800,617384,3380
KODEX 반도체,22255,22495,22600,22190,26740,22685
SK케미칼우,28350,28200,28900,27950,32702,28700
삼영화학,1195,1200,1250,1180,283741,1220
삼아알미늄,3650,3645,3700,3595,29465,3750
TIGER 차이나CSI300인버스(합성),10850,10705,10890,10705,194477,10755
TIGER 소프트웨어,9530,9595,9715,9435,47236,9565
베트남개발1,297,300,300,291,113756,295
동원수산,8540,8900,8930,8410,148861,8700
KOSEF 단기자금,101450,101450,101450,101440,23342,101455
KOSEF Fn중소형,14745,14895,14960,14690,51,15100
ARIRANG 신흥국MSCI(합성 H),8740,8795,8800,8715,11605,8795
KODEX 증권,4875,4905,4910,4845,123555,5035
롯데칠성우,50100,50300,50400,49700,1592,51600
SJM,2535,2555,2555,2455,19393,2560
조일알미늄,558,571,571,558,38312,564
TCC스틸,1710,1720,1765,1660,31451,1720
바다로19호,2590,2595,2595,2580,10471,2600
케이비아이동국실업,592,599,599,587,91690,595
태양금속,1035,1055,1070,1025,198909,1065
TRUE 레버리지 천연가스 선물 ETN(H),11135,10885,11220,10885,50569,9735
TIGER 레버리지,9110,9335,9335,9020,628688,9470
호텔신라우,50000,50200,51000,49750,4318,51600
한세엠케이,2945,2940,2970,2910,3634,2995
대동전자,3655,3700,3700,3585,19744,3675
SJM홀딩스,2550,2545,2560,2500,7519,2570
진양산업,2900,3010,3010,2895,240076,2945
형지엘리트,1180,1200,1310,1165,1294580,1215
KR모터스,774,860,860,760,1536507,797
QV WISE 배당 ETN,7630,7630,7630,7630,0,7545
KBSTAR 국고채3년,113555,113555,113570,113475,182,113575
한솔로지스틱스,1325,1345,1365,1305,287412,1360
TIGER 코스피중형주,9930,10025,10025,9825,10021,10070
케이탑리츠,800,808,808,797,131996,801
KODEX 고배당,6695,6740,6740,6660,45266,6830
신한 레버리지 금 선물 ETN,18565,18535,18565,18415,59416,18255
코아스,1115,1140,1160,1090,606251,1170
원림,16150,16100,16300,15900,1026,16300
이화산업,12350,13300,13300,12350,2232,12800
KBSTAR 200선물인버스2X,7060,6950,7130,6910,519035,6760
KBSTAR 200선물레버리지,8810,8975,8975,8700,20299,9165
대신 철광석 선물 ETN(H),17805,17795,17805,17760,31,17725
KODEX 미국달러선물레버리지,11065,11010,11085,11010,233542,10885
갤럭시아에스엠,1255,1285,1285,1230,94305,1275
한일철강,1565,1570,1570,1520,22039,1560
신한,4945,0,0,0,0,4945
TRUE 레버리지 나스닥 100 ETN,10795,10865,10865,10730,67583,11545
TIGER KRX300,11720,11790,11800,11720,17,11930
일성건설,1060,1085,1110,1050,715112,1100
DSR,3665,3800,3800,3490,50188,3710
삼성 인버스 2X WTI원유 선물 ETN,9790,10095,11495,9250,27081402,11840
서울식품,170,174,176,168,13936275,174
에넥스,950,990,1010,930,1024041,978
KBSTAR 중기우량회사채,104550,104505,104550,104430,40,104545
KC코트렐,4480,4585,4675,4400,141012,4485
제일연마,5750,5800,5800,5670,2350,5800
우신시스템,3170,3295,3295,3170,82727,3165
태경케미컬,4875,4900,4900,4835,31399,4980
엔케이물산,682,706,706,670,1312498,691
체시스,2380,2480,2520,2330,2549241,2405
한익스프레스,4705,4845,4945,4670,288706,4810
KODEX 중국본토 A50,17400,17490,17490,17385,2166,17480
KB Wise 분할매매 ETN,9420,9420,9420,9420,1,9595
삼정펄프,22900,23050,23050,22700,5142,23000
상신브레이크,2610,2635,2660,2605,11042,2670
주연테크,537,0,0,0,0,537
모나미,2965,3030,3055,2925,481380,3025
까뮤이앤씨,1265,1315,1325,1250,1726905,1265
대구백화점,5160,5300,5300,5070,11626,5250
혜인,4400,4450,4675,4370,1371034,4380
KODEX 은행,4865,4865,4900,4845,179446,5310
SMART KRX300,11845,11930,11975,11815,4001,12060
유한양행우,46600,47000,47400,46550,2503,46600
신한 레버리지 은 선물 ETN(H),5455,5445,5480,5375,134309,5455
CS홀딩스,46200,46000,46550,45750,324,46700
화인베스틸,1765,1840,1845,1740,202725,1805
만호제강,12500,12550,12600,12450,11899,12850
SG충방,1165,1210,1215,1160,142711,1185
디아이씨,1335,1355,1375,1325,66380,1365
GS우,29250,29400,29400,29200,3852,29650
영보화학,2650,2685,2685,2600,34421,2645
TIGER 인버스,7710,7645,7740,7620,271305,7540
KBSTAR KRX300,11895,11990,12005,11880,3338,12100
KODEX 코스피대형주,9025,9070,9110,8995,4834,9180
TIGER 미국채10년선물,13165,13300,13300,13095,41520,13070
대양금속,2260,2300,2370,2220,631904,2350
DSR제강,3515,3600,3650,3490,40706,3610
TIGER 미국MSCI리츠(합성 H),10260,10375,10375,10210,13451,10395
KOSEF 통안채1년,101810,101785,101810,101785,440663,101825
유엔젤,3825,3630,3990,3630,1019101,3920
파워 200,25830,26090,26090,25715,50384,26360
평화홀딩스,3455,3450,3625,3395,161887,3490
SIMPAC,2310,2330,2360,2305,86421,2355
대한제강,6150,6200,6260,6050,91883,6250
대한제당,17100,16700,17350,16700,23702,17150
삼양통상,50300,50900,51800,49500,3515,51100
신성이엔지,878,901,901,869,642480,880
LS네트웍스,1895,1925,1945,1885,37356,1920
CJ씨푸드,4010,4100,4195,3965,6237150,4210
DI동일,59100,60000,62600,58700,8283,61300
CJ제일제당 우,107500,103000,111500,101000,11918,113500
TIGER 글로벌4차산업혁신기술(합성 H),11550,11560,11575,11465,27391,11845
동아타이어,10750,10850,10950,10750,499,10850
삼성전기우,50200,49800,50700,49750,13315,51200
DB,740,741,750,722,744560,739
한신공영,12500,13050,13100,12250,40354,12700
TIGER 경기방어,10160,10255,10270,10110,5635,10305
신원,1695,1655,1830,1605,15407657,1700
삼영전자,7070,7210,7210,7050,20338,7140
코스맥스비티아이,14350,14850,14850,14300,10469,14850
LG우,42650,42900,42900,42250,3951,42850
알루코,1850,1890,1890,1805,206890,1900
계룡건설,15500,16100,16100,15250,44311,15850
TIGER 헬스케어,32040,32220,32720,31950,57522,32465
한솔홀딩스,2970,2975,2990,2885,61160,2980
미래에셋 코스피 양매도 5% OTM ETN,9350,9350,9350,9350,1,9350
대성산업,3010,3095,3095,2980,40451,3100
NPC,3645,3365,3685,3330,272937,3795
KTB투자증권,2210,2235,2240,2175,104062,2300
깨끗한나라,3650,3570,3810,3570,2124728,3725
아모레G우,21000,21200,21450,20950,6106,21450
현대차3우B,56200,57400,57400,55900,6832,56900
이수페타시스,3330,3405,3480,3245,860589,3335
HDC아이콘트롤스,8120,8160,8180,8020,51402,8340
HANARO 200TR,29070,29150,29345,28895,159,29650
신한 인버스 2X WTI원유 선물 ETN(H),9225,9500,10445,8810,5930208,11330
한국공항,42750,44500,46200,42500,53150,42900
DB금융투자,3110,3170,3185,3090,99719,3200
국제약품,7130,7230,7540,7050,1721124,7380
NH투자증권우,6990,7010,7030,6960,56248,7170
큐로,814,833,837,810,598383,843
삼화페인트,5010,5100,5120,4995,48725,5050
QV 코스피 양매도 5% OTM ETN,9300,9300,9300,9300,0,9320
코리아써키트,7790,8100,8130,7720,540019,7890
일신석재,2385,2430,2545,2340,7016762,2400
휴비스,5210,5240,5370,5100,314927,5350
경보제약,7570,7700,7730,7440,42383,7700
케이씨,13400,13650,13650,13250,25968,13500
ARIRANG 단기유동성,111715,111710,111720,111710,2803,111720
KPX홀딩스,43100,43550,43750,42650,449,43050
동부건설,8230,8250,8410,8080,31763,8300
일진홀딩스,3570,3635,3635,3505,115979,3660
KG케미칼,13450,13900,14100,13150,282432,13850
S&T중공업,5390,5330,5460,5280,88405,5420
티웨이항공,3840,3930,3930,3800,199119,3830
대원강업,2870,2950,2950,2855,22679,2895
부국증권,17400,17150,17700,17150,649,17250
동성코퍼레이션,3800,3750,3825,3545,47906,3930
아세아,80900,81700,82300,80600,2007,81400
한국금융지주우,29650,29850,30200,29500,10047,30350
세화아이엠씨,2990,0,0,0,0,2990
무학,5910,6020,6020,5830,87742,6230
이수화학,10800,10800,11050,10500,1036885,11600
아시아나IDT,15500,15700,16100,15450,167313,15800
한국철강,3775,3865,3865,3760,35750,3800
KINDEX 베트남VN30(합성),11090,10905,11130,10885,46357,11300
삼성 레버리지 WTI원유 선물 ETN,2085,0,0,0,0,835
세방,8660,8860,9100,8660,25777,8860
KBSTAR 코스닥150,9780,9890,9995,9730,28166,10015
유니퀘스트,6220,6400,6450,6150,171127,6270
종근당바이오,30750,31300,31450,30550,49273,31100
한국화장품제조,36050,36800,37150,35700,118478,37550
AJ네트웍스,3525,3595,3605,3480,51343,3590
TIGER 중국소비테마,6185,6200,6280,6155,67026,6365
팜스코,4480,4760,4760,4480,712166,4455
부산산업,155000,159000,162500,150500,134383,154000
사조산업,29750,30250,30450,29050,22993,32500
신성통상,1060,1075,1085,1050,953625,1130
효성중공업,16450,16600,16950,16300,60094,17400
KSS해운,6900,7530,8640,6900,1481928,6950
KODEX 골드선물(H),12335,12335,12355,12295,360235,12290
유수홀딩스,6090,6100,6150,6050,25482,6090
이연제약,12250,12450,12550,12100,57322,14100
제일파마홀딩스,14200,13850,14650,13800,111424,14800
쌍용차,1570,1570,1600,1550,644496,1565
신대양제지,56900,57100,59000,55900,24660,58000
대상홀딩스,6180,6030,6290,5960,346776,6450
E1,33650,34300,34300,33500,8715,34000
삼양패키징,15900,16100,16300,15750,26685,16400
코오롱,18200,18850,19250,18100,116394,18400
신세계푸드,53700,53700,54300,53200,11660,59800
현대에너지솔루션,20100,21200,21200,19900,108563,20650
남양유업,315000,320500,320500,313000,1662,319500
S&T홀딩스,13700,13850,13850,13500,17153,14100
애경유화,6950,7190,7190,6900,192856,7130
광주신세계,140000,140000,148000,138500,961,142500
용평리조트,4630,4795,4850,4615,254668,4690
풍산홀딩스,28450,28250,29400,27750,22878,28750
IHQ,1520,1555,1555,1495,703829,1530
넥스트사이언스,6950,7130,7170,6930,502439,6980
하나 코스피 변동성추세 추종 양매도 ETN,8780,8780,8780,8780,0,8780
대한제분,125000,123500,125500,121500,4020,127500
케이씨씨글라스,24650,24400,26250,24250,177306,25800
대신증권우,8040,8100,8100,8040,40909,8260
LS전선아시아,6820,6980,6990,6800,111682,7000
삼성 인버스 2X 천연가스 선물 ETN,18815,19160,19200,18560,55098,21150
한세예스24홀딩스,4820,4930,4985,4795,22071,5240
예스코홀딩스,34000,34550,34550,33550,281,34550
TIGER 차이나CSI300레버리지(합성),17860,18165,18240,17840,75279,18025
토니모리,11300,11500,11650,11100,197056,11700
에어부산,3960,4040,4060,3940,338581,3950
해태제과식품,6970,7020,7030,6870,37949,7010
유진투자증권,2010,2040,2045,1990,218545,2100
무림P&P,3200,3250,3285,3195,122133,3260
KOSEF 국고채10년,124995,124960,125165,124680,9559,124795
한국주철관,8950,9100,9100,8760,45606,8860
코스모화학,7640,7850,7860,7560,436995,7720
효성ITX,17150,17350,17400,16900,69002,17000
선진,8100,8100,8350,7830,267469,8260
한솔테크닉스,5620,5600,5680,5520,434186,6100
한국카본,6380,6400,6580,6290,1215346,6580
경인양행,6840,6860,6980,6780,356499,7000
SK증권,589,601,601,583,3062320,604
삼천리,71500,72000,72400,71100,3509,70300
고려제강,13950,13950,14200,13850,14513,14250
유나이티드제약,17300,17400,17850,17100,170257,17500
한국자산신탁,2230,2220,2230,2200,239502,2255
TIGER 원유선물Enhanced(H),1430,1515,1525,1420,48826900,1385
금호산업,7650,7600,7790,7590,133389,7720
에이블씨엔씨,9970,10100,10250,9970,95343,10200
인스코비,2865,2700,2990,2700,4313318,2835
신도리코,26600,26550,26800,26250,8076,27300
조광피혁,41750,42450,42450,41550,672,41300
모나리자,7540,7250,8100,7200,24013977,7450
환인제약,14450,14400,14700,14250,27518,14600
경농,12550,13050,13400,12550,647372,12500
아모레G3우(전환),37600,38300,38300,37200,4618,38150
SBS미디어홀딩스,1850,1865,1865,1845,36975,1915
아세아제지,29900,29750,30150,29350,37223,29900
태림포장,3600,3755,3785,3600,445519,3730
KBSTAR 대형고배당10TR,9620,9690,9690,9560,2241,9850
센트랄모텍,29250,29750,30350,29000,171472,30400
엔에스쇼핑,7590,7720,7730,7500,10735,7740
코리아오토글라스,12600,12400,12650,12400,8723,12950
코스모신소재,8720,8890,8980,8700,305881,8820
세아홀딩스,63300,63300,63800,63200,429,64100
아세아시멘트,65400,68000,68500,65100,19016,65200
삼영무역,13500,13500,13700,13300,13502,13650
JW생명과학,15600,16050,16100,15450,81595,15900
엘브이엠씨홀딩스,4950,4990,5080,4860,268703,4920
삼성제약,4050,4100,4145,3970,1572049,4060
국도화학,41600,42500,42750,41250,5090,42400
한화3우B,10700,10600,10800,10550,42910,10950
현대리바트,11100,11600,11600,10800,312254,11950
삼익THK,10550,10950,11000,10550,56483,11650
한화손해보험,2075,2080,2085,2055,252891,2085
KBSTAR 코스피,19230,19395,19395,19200,6174,19560
디티알오토모티브,24300,24050,24350,23700,5912,24250
CJ4우(전환),50900,50200,51400,49800,14443,57300
삼진제약,25500,24050,30450,23850,1721649,25650
유니드,39200,39300,39350,38550,29141,39800
현대건설기계,17500,17900,18000,17450,85764,17900
TIGER 코스닥150,9940,10000,10155,9910,809682,10160
농심홀딩스,74300,72000,74300,72000,3993,76000
KOSEF 200TR,29050,29325,29325,28900,3593,29615
케이씨텍,17600,17700,17750,17350,71500,17750
LG전자우,20150,20200,20350,20050,50079,20450
KODEX 선진국MSCI World,13170,13255,13255,13140,7593,13420
서울가스,70300,68500,71500,68500,170,69500
한일시멘트,83200,84300,85500,82000,9714,82800
한화투자증권,1525,1540,1540,1505,602790,1590
HANARO 단기통안채,102490,102490,102490,102490,0,102490
LG헬로비전,4255,4335,4395,4200,241879,4390
일진다이아,23350,24250,24600,23150,197559,23850
한국쉘석유,257000,256500,258000,253500,1942,260000
효성첨단소재,74200,76100,76500,73800,26573,75200
SBS,18150,18350,18600,17800,118323,18300
이리츠코크렙,5230,5230,5300,5150,79453,5240
JW홀딩스,4935,4940,4995,4895,140853,4990
퍼시스,28100,28200,28200,27600,886,28250
세아베스틸,8600,8770,8770,8510,51679,8980
AK홀딩스,22750,22450,23050,21750,56028,24300
TIGER 200 IT,20645,20850,20985,20580,116068,20945
광동제약,6000,6040,6090,5930,137141,6120
잇츠한불,14200,14600,15000,14100,25974,14600
한솔제지,13250,13300,13400,13200,98124,13450
신영증권우,44950,45150,45150,44000,3620,45300
한독,21800,22500,22500,21550,78163,23200
진에어,10450,10750,10800,10400,166908,10450
삼호,20000,20300,21000,19700,17828,20550
일동제약,12600,12700,13000,12500,63588,13050
미원상사,61700,62500,62500,61600,1530,61500
도화엔지니어링,9200,9380,9690,9000,589740,9100
SK렌터카,8280,8380,8380,8170,51580,8470
진흥기업,2090,2090,2095,2040,49291,2080
신한알파리츠,6310,6380,6380,6300,65602,6350
HDC현대산업개발,17500,18550,18600,17500,934051,17600
대웅,19950,17200,21850,16950,18300052,19950
이노션,57000,57400,58100,56000,30573,57800
LS,34750,35050,35700,34750,83222,35850
파미셀,19000,18400,20450,18050,17846420,19250
만도,22800,23400,23450,22800,447209,23350
녹십자홀딩스,21400,20650,21550,20650,132676,21400
코리안리,8340,8300,8440,8300,292315,8340
KODEX 200TR,8000,8090,8090,7955,276955,8150
종근당,92300,92500,101500,91600,107753,92000
더블유게임즈,54400,55200,56000,53600,153837,54600
KODEX 인버스,7030,6985,7070,6960,39249590,6880
두산솔루스,30350,31700,32300,30200,1068967,32050
두산중공업,3750,3910,3910,3730,1744607,3835
TRUE 코스피 양매도 5% OTM ETN,9755,9745,9760,9745,1014,9765
한화시스템,8770,8360,8980,8350,3367846,8710
한국콜마,41250,42000,42200,41050,135778,41850
신풍제약,18200,17900,18900,17700,3526149,18050
KODEX WTI원유선물(H),4150,4315,4370,4100,24712503,3680
TIGER TOP10,8215,8255,8265,8175,24819,8340
OCI,37800,38750,39200,37450,154739,39800
한솔케미칼,82500,82600,83900,82300,27581,83700
영풍,500000,507000,510000,500000,1452,512000
KODEX 삼성그룹,6315,6405,6405,6270,133224,6405
아시아나항공,4160,4310,4320,4145,3466879,4210
대한유화,142500,137000,148000,136000,196676,144500
GKL,14800,15150,15150,14650,211008,15100
롯데정밀화학,34850,35800,35950,34300,93241,36200
HANARO 200,25395,25495,25620,25260,47779,25890
영진약품,4980,5140,5140,4955,1085709,5060
SK케미칼,77300,77500,79000,76700,208881,77700
JB금융지주,4365,4340,4410,4340,151581,4605
롯데리츠,5240,5320,5330,5150,620238,5240
코스맥스,85100,85300,85800,84300,85870,89200
두산인프라코어,4110,4260,4310,4110,2547252,4290
한국테크놀로지그룹,9410,9560,9570,9240,73056,9590
금호타이어,3025,3035,3060,2985,501011,3075
현대위아,31700,32600,33700,31700,239528,32000
오리온홀딩스,13400,13550,13650,13350,143778,13850
롯데칠성,100500,99700,102500,98700,30200,105500
동원산업,218000,212500,221500,209000,8123,228000
DGB금융지주,4700,4815,4815,4700,739496,4920
태광산업,720000,722000,727000,714000,1389,747000
현대홈쇼핑,66500,67200,67900,66200,17899,68100
현대오토에버,37750,39000,39450,37750,27736,38650
코오롱인더,29000,29600,29800,28900,204757,29850
KODEX 단기채권PLUS,102305,102300,102305,102295,3685,102315
동원F&B,191000,181500,197000,179500,21641,204000
쿠쿠홈시스,34600,35500,35500,34200,24472,35050
삼양식품,104500,100500,108000,100500,131126,103500
롯데제과,117500,118000,118500,116000,3269,121500
현대그린푸드,7430,7550,7560,7330,310487,7970
대상,21350,19950,21750,19600,684105,22450
롯데관광개발,10300,10600,10600,10250,168251,10900
