삼성전자,49000,48800,49200,48300,14095702,49000
SK하이닉스,82300,82200,83700,81200,3314857,81300
삼성바이오로직스,542000,542000,560000,529000,532502,540000
삼성전자우,42100,41900,42100,41700,1185822,42300
NAVER,168500,168000,170000,166500,519225,170500
셀트리온,216000,220000,220500,212000,1264905,215000
LG화학,326500,327500,329000,321000,434977,343000
현대차,100000,98600,101500,97700,1576287,99100
삼성SDI,251500,250500,252500,248000,637757,271000
LG생활건강,1200000,1204000,1217000,1198000,30457,1191000
삼성물산,94000,93400,95000,92400,385361,94000
현대모비스,176500,175000,178000,173000,256325,174500
SK텔레콤,196000,192500,196500,192000,270299,196500
POSCO,183000,183000,189500,181500,599827,176000
카카오,159500,159500,160500,158000,429008,165500
엔씨소프트,656000,653000,656000,648000,80338,655000
신한지주,29050,28850,29050,28400,1522000,28050
KB금융,33200,32750,33350,32550,1588401,31900
한국전력,21200,20900,21200,20750,3793825,20250
SK,177500,177000,182000,175000,172160,180500
삼성에스디에스,157000,154000,157000,153000,126480,158000
기아차,29850,30050,30350,29550,1711641,29000
LG,60200,59000,60700,58800,306092,62700
KT&G,77800,77800,78400,77200,422478,77200
아모레퍼시픽,172000,174000,174000,171000,179233,172500
삼성생명,49350,49650,50300,48400,756698,47450
삼성화재,193000,188000,193000,186000,104412,191500
SK이노베이션,97200,97100,99300,96500,676875,96700
LG전자,53600,53600,53900,53000,646291,53500
넷마블,95200,95600,95800,94500,194757,96200
삼성전기,101500,101000,102500,100000,610023,105000
고려아연,390000,385000,399500,384500,67538,412000
S-Oil,67400,66600,68900,66200,791767,66100
하나금융지주,25000,24950,25100,24600,1439879,24250
롯데케미칼,192500,184000,196000,183000,379368,191500
KODEX 200,25160,24940,25295,24855,11597206,25160
우리금융지주,8160,7970,8160,7930,2664544,8100
한국조선해양,82400,81500,83100,81100,226463,80000
KT,21700,21300,22000,21300,1115787,21500
LG유플러스,12300,11800,12300,11700,1984226,12150
강원랜드,23700,23700,24250,23400,806900,24700
한진칼,84300,84400,88300,83800,1970830,85000
아모레G,60700,60700,61200,60000,170166,60300
한온시스템,8830,8920,9010,8820,1009302,9010
오리온,119500,114500,122000,114000,278084,119000
코웨이,62000,62300,63000,61800,200736,60400
기업은행,7900,7830,7900,7750,1851620,7720
LG디스플레이,11200,11200,11300,11100,1531219,11150
맥쿼리인프라,11200,11150,11200,11100,609959,11100
현대중공업지주,231500,227500,232500,226000,36470,228500
현대건설,32250,31800,32800,31250,1092844,32900
GS,38950,39150,39450,38850,269286,38950
CJ제일제당,236000,230000,237000,230000,52479,237000
KODEX 레버리지,9545,9370,9645,9295,111395511,9540
미래에셋대우,5190,5090,5220,5030,3084604,5060
삼성카드,29100,28950,29250,28800,120873,28750
TIGER 200,25160,24970,25310,24870,1882465,25185
CJ대한통운,133500,133000,135000,132000,46104,143000
이마트,113500,113500,115000,112000,159198,114500
에스원,82500,82000,83900,82000,49236,83400
포스코케미칼,46750,47200,47500,46550,298902,50700
유한양행,47200,47200,47650,46350,611331,46200
한미약품,260500,259000,263000,256000,45345,259000
LG이노텍,123000,120500,123500,120000,251084,126000
호텔신라,73500,73100,73700,72000,456996,74100
롯데지주,26800,26100,27050,25900,211125,26550
삼성중공업,4400,4310,4435,4290,6019443,4270
DB손해보험,39000,37550,39000,37550,254372,37800
더존비즈온,78300,77700,80300,77400,107460,90000
대림산업,76700,76200,78400,75000,334380,75100
쌍용양회,4810,4755,4835,4735,964183,5080
한국타이어앤테크놀로지,21600,21350,21850,20950,361069,20650
현대제철,19750,19550,20000,19550,794109,19100
BGF리테일,146500,139000,146500,138500,33155,147000
한국금융지주,46750,45650,47300,45400,217783,45450
한국가스공사,26950,26900,27150,26500,424148,26600
삼성증권,28300,28200,28450,27900,362114,27450
NH투자증권,8790,8710,8830,8650,1034113,8620
롯데쇼핑,85900,86100,86800,85200,94348,84400
GS리테일,31250,31200,31650,31100,172927,30950
신세계,233000,233500,236500,230000,59599,233500
현대차2우B,64300,63300,64600,62600,74851,62700
한화솔루션,13950,13650,14200,13550,1189070,13700
현대해상,24000,23750,24200,23600,197118,24400
두산밥캣,22250,22600,23200,21850,1040031,21600
삼성엔지니어링,11400,11400,11550,11200,2405764,11000
한국항공우주,22550,22200,22750,22000,405253,22100
CJ,72000,71900,72700,71400,61270,70800
하이트진로,29000,29000,29700,28950,212276,29200
금호석유,67400,67000,69600,66500,245929,66000
휠라홀딩스,32050,32550,32800,31800,390456,32000
오뚜기,532000,530000,538000,528000,4537,537000
부광약품,27700,22750,28900,21550,38784748,29700
KODEX 200선물인버스2X,7235,7375,7445,7150,180091493,7220
제일기획,16700,16400,16800,16250,550790,16400
GS건설,23650,23100,24300,22800,839401,23500
대한항공,19600,19450,19700,19200,1086737,19600
한미사이언스,27550,27250,28000,26850,99435,27700
대우조선해양,16850,16400,17200,16400,275787,16550
농심,290500,289000,292000,289000,27477,291500
일진머티리얼즈,35600,35500,36100,35150,637460,38300
메리츠종금증권,2925,2850,2950,2810,3559449,2860
현대엘리베이,60600,59100,62300,58800,664384,64800
SKC,43750,42400,44300,42250,462563,46550
팬오션,3185,3075,3210,3075,1418778,3130
TIGER 단기통안채,100430,100420,100430,100420,326553,100435
동서,16300,16100,16500,16100,61664,16500
키움증권,73700,72800,74300,72400,43915,73200
F&F,101000,96600,102000,96600,72735,105000
포스코인터내셔널,13250,13200,13550,13100,334275,12850
메리츠화재,13850,13550,14000,13550,129316,13700
BNK금융지주,4875,4845,4890,4800,951260,4685
KODEX 단기채권,102185,102180,102190,102175,23432,102185
현대백화점,63700,63300,64400,62900,88206,63500
한샘,61200,59500,62000,59500,74110,62100
NHN,69700,69300,70900,68700,106691,74000
현대차우,60200,59100,60500,58100,139653,59000
한화생명,1735,1775,1835,1725,12339977,1650
효성,66800,66000,67400,66000,49795,66700
한전KPS,32700,31950,32750,31850,101841,31200
신세계인터내셔날,197000,196000,199000,193500,46773,196000
KBSTAR 200,25095,24915,25245,24785,674772,25095
메리츠금융지주,9990,9940,10000,9750,43710,9830
대우건설,3315,3195,3365,3170,2423441,3295
LG생활건강우,653000,655000,664000,650000,4341,645000
한화,18200,17900,18450,17900,286828,18000
KODEX 코스닥150 레버리지,6920,6735,6990,6670,37385724,7265
한올바이오파마,24900,24600,25650,24200,758511,25050
KCC,146500,146500,150500,145000,47114,142500
대웅제약,106000,95200,123000,93800,1507431,108500
LG화학우,154000,152500,155000,151000,21604,160500
SK네트웍스,4915,4855,4945,4855,667155,4900
현대로템,12500,12050,12750,12000,1632724,14200
KG동부제철,11100,9450,11600,9210,844509,12050
KODEX 종합채권(AA-이상)액티브,109705,109625,109710,109500,4325,109895
HDC현대산업개발,18800,17850,19050,17800,917805,18250
현대미포조선,30650,30050,30900,30050,142790,30050
HMM,3585,3425,3595,3425,2459646,3705
이노션,55000,54500,55700,54300,35895,57500
한화에어로스페이스,22950,22150,22950,22100,217456,22550
만도,24550,24400,24800,24150,444467,24300
LS ELECTRIC,38050,37700,38350,37700,52727,37950
LS,34250,33500,34450,33450,145296,33650
DB하이텍,22850,22100,23050,21350,2246242,23800
태영건설,13250,13050,13600,12950,284294,13550
영원무역,24300,24250,24450,23850,120112,23100
KODEX 200TR,7925,7840,7950,7810,784041,7915
녹십자홀딩스,21900,22350,22700,21350,143625,21250
KODEX MSCI Korea TR,7950,7975,7975,7850,311316,7930
지누스,62600,61000,63200,60200,140931,69500
두산솔루스,32050,31650,33150,29050,5284822,32050
TIGER TOP10,8220,8185,8250,8140,4961,8180
한국콜마,41300,41600,41950,41300,212751,42000
TRUE 코스피 양매도 5% OTM ETN,9680,9565,9685,9565,36426,9715
더블유게임즈,50800,48000,51000,47600,367952,52500
GKL,15150,14750,15200,14400,257156,15400
KODEX 삼성그룹,6145,6090,6145,6040,171120,6195
현대위아,34150,32950,34450,32950,280198,34850
두산중공업,4080,4030,4150,4030,2773012,3735
KODEX 인버스,7115,7190,7225,7080,37496132,7120
SK케미칼,82400,83500,84400,81300,399269,80200
영풍,504000,493000,511000,484500,1579,504000
코리안리,7500,7350,7530,7350,344890,7700
OCI,38700,37550,38900,37350,150191,38550
한솔케미칼,79900,78100,80400,77800,35962,81300
금호타이어,3160,3105,3165,3100,490706,3180
두산인프라코어,4560,4680,4830,4510,13520886,4345
오리온홀딩스,14250,13700,14350,13550,279926,14350
영진약품,4930,4875,4975,4850,728842,4915
한국테크놀로지그룹,9960,9990,10100,9710,154845,9580
HANARO 200,25110,24890,25250,24820,130561,25120
롯데리츠,4995,5030,5050,4990,383748,5000
코스맥스,82000,81800,83600,81700,100592,85200
JB금융지주,4430,4480,4480,4415,247794,4345
롯데정밀화학,33300,31900,33400,31900,96614,32900
아시아나항공,3810,3755,3835,3725,2643682,3790
신풍제약,19200,21100,21250,18200,14752932,15800
한화시스템,7380,7300,7460,7280,337285,7550
태광산업,760000,738000,769000,738000,1117,747000
코오롱인더,31150,34100,36700,31100,3244188,30300
DGB금융지주,4910,4940,4980,4880,856436,4770
현대오토에버,38000,36450,38450,36450,39501,38200
쿠쿠홈시스,35300,34700,35400,34700,21273,35300
롯데칠성,99000,99000,99700,98500,40863,98900
롯데제과,125500,124000,129000,124000,2709,121500
삼양식품,98500,97100,99200,95200,56695,102500
KODEX 단기채권PLUS,102260,102260,102260,102220,9162,102265
롯데관광개발,10900,11000,11150,10650,260773,10750
아이에스동서,24100,23700,24350,23650,67143,23900
현대홈쇼핑,61200,60800,61700,59600,25012,60700
동아에스티,84700,85000,85300,83500,20792,84900
대한유화,105500,94000,107500,92400,212409,110000
현대그린푸드,7380,7290,7470,7270,243243,7270
NICE,18900,18150,18950,18150,38773,18650
아주캐피탈,12150,12050,12350,11950,34559,12100
애경산업,26000,25850,26350,25800,95222,26350
다우기술,15450,15250,15600,15200,77844,15450
화승엔터프라이즈,11900,12000,12200,11600,408199,11300
일양약품,35150,34600,39300,33400,4158723,35700
대상,19550,19950,19950,19450,219756,19550
동원F&B,176000,173000,177500,171500,6416,175500
SK가스,74200,73800,74600,72800,10269,73500
에스엘,13700,13350,13800,13350,57294,13600
휴켐스,15900,15600,16050,15600,71557,15850
아모레퍼시픽우,61700,60800,62000,60800,14628,61100
한전기술,17750,17500,17750,17350,146860,16750
미래에셋생명,3850,3835,3880,3735,105020,3575
SPC삼립,73000,70500,74200,70100,26827,72700
쿠쿠홀딩스,87500,84200,89200,83500,5497,88200
대덕전자,7960,7840,8050,7810,337069,8000
QV 코스피 변동성 매칭형 양매도 ETN,8815,8815,8815,8815,0,8875
두산,39150,39300,39950,39000,138125,37500
락앤락,11350,10500,12000,10400,847871,11400
후성,6560,6460,6570,6420,697245,6650
JW중외제약,28850,28600,30200,28050,391712,29200
ARIRANG 200,25245,25015,25390,24950,366935,25255
종근당홀딩스,116500,118000,120000,115000,48730,118500
KODEX WTI원유선물(H),8060,8085,8095,8000,17181226,7115
넥센타이어,5930,5740,5980,5700,509957,5980
제이콘텐트리,34500,35000,35700,34100,260632,35450
KODEX 코스닥 150,9660,9500,9715,9475,5496004,9910
보령제약,12900,13050,13150,12700,515524,12850
대한전선,664,643,672,643,3409537,661
TIGER MSCI Korea TR,9985,9930,9985,9815,47239,9975
KINDEX 200,25305,25065,25450,25005,455767,25315
동원시스템즈,22100,21100,22400,21100,17634,21900
하나투어,40300,40200,41050,39950,100406,39950
동아쏘시오홀딩스,88300,89000,90900,87400,15157,88900
한섬,22450,21900,22700,21750,64265,21750
한진,43200,43100,45100,42850,358314,44500
HDC,8900,8830,8980,8750,368364,8840
한일현대시멘트,25550,23450,25650,23450,64532,31350
빙그레,53400,52700,53700,52700,38906,53200
풍산,18250,18200,18400,18100,73005,18650
롯데하이마트,21850,21550,22750,21500,100547,21850
효성티앤씨,119000,119000,122500,118000,16578,118000
KOSEF 200,25420,25240,25580,25120,206629,25460
씨에스윈드,28600,28200,28750,27550,24902,29100
LIG넥스원,22900,22350,23150,22300,57706,22800
제주항공,18650,18350,18750,18250,185194,18850
SK디스커버리,26250,27000,27550,25750,438240,26000
삼화콘덴서,46050,46500,46800,45850,140337,47600
남선알미늄,4995,4990,5190,4825,43662832,4475
필룩스,5700,5640,6040,5610,10092944,5730
롯데정보통신,31150,30000,31150,29950,36261,31500
CJ CGV,22700,22450,23050,22000,276445,22850
영원무역홀딩스,37250,37100,39100,36600,6875,35450
서흥,39900,38950,40150,38500,113146,40850
KODEX Top5PlusTR,11700,11745,11775,11565,7286,11595
SK디앤디,27550,26850,27550,25950,56277,24600
유안타증권,2365,2350,2395,2345,246909,2335
진원생명과학,14000,13000,16800,11800,27762355,14100
삼성 코스피 양매도 5% OTM ETN,9215,9215,9215,9215,0,9280
대신증권,9300,9330,9490,9260,159311,9120
현대에이치씨엔,3925,3890,4000,3830,321529,4070
동양생명,2930,2960,3000,2900,177361,2830
대한해운,19250,17950,19250,17350,196690,18650
롯데손해보험,1455,1470,1490,1400,601656,1460
HANARO 단기통안채,102475,102465,102475,102465,44,102475
두산퓨얼셀,8130,7450,8640,7310,25167308,7910
한국토지신탁,1750,1745,1765,1735,453440,1720
신영증권,46200,46300,46300,45800,5248,46000
KODEX 코스피,19045,18920,19100,18785,212032,19045
경동나비엔,32800,32400,32900,32300,30749,33650
한세실업,10600,10750,11100,10600,143499,10600
KODEX 코스닥150선물인버스,7605,7730,7770,7570,47721097,7405
삼성화재우,134500,132500,135500,132500,8348,132000
삼양홀딩스,48300,47350,48800,47350,10144,48850
BGF,4370,4325,4400,4260,220188,4340
화승인더,7750,7620,7910,7530,1282165,7460
덴티움,35750,35200,36500,35050,78407,36700
대교,4825,4680,4850,4680,392953,4795
미원에스씨,75600,76800,77000,75600,21108,76600
롯데푸드,364000,350000,369000,347500,3900,356000
풀무원,10150,10300,10350,10000,158535,10550
미래에셋대우2우B,2860,2835,2865,2835,540540,2855
남해화학,7540,7400,7780,7370,677482,7950
지역난방공사,34000,33850,34500,33600,11729,34050
이월드,4455,4570,4690,4420,9247305,4135
에이프로젠제약,1610,1630,1670,1570,6354349,1605
세방전지,28400,27700,28450,27600,27457,27600
동국제강,3965,3905,4010,3905,264103,3980
맵스리얼티1,4100,4135,4135,4065,41770,4085
한미반도체,7250,7080,7320,7080,255746,7340
한국콜마홀딩스,20800,20300,20850,20200,62485,21050
KINDEX 단기통안채,100540,100545,100545,100540,2685,100550
제일약품,26150,24850,26750,24850,99188,25650
삼양사,35950,35700,36150,35300,25527,35850
에이프로젠 KIC,2340,2280,2380,2260,6369516,2360
SMART 200TR,8220,8140,8260,8125,3922,8225
한진중공업,4400,4435,4480,4400,75839,4345
TIGER 단기채권액티브,50240,50250,50250,50240,138,50250
서울가스,72000,71500,73000,71100,292,70500
LG전자우,20400,20100,20400,20100,46839,20400
부산가스,31750,32050,32050,31700,3411,31850
우리종금,519,511,526,508,1841997,519
디피씨,7850,7850,8060,7700,4885093,8380
유니드,39250,37300,39750,37200,40510,39250
웅진씽크빅,2530,2525,2555,2505,474523,2600
아이마켓코리아,9640,9570,9730,9470,39101,9690
LG하우시스,40000,38950,41000,38650,72165,38800
SBS,18400,18250,18650,17850,145965,19050
KOSEF 200TR,28690,28465,28865,28395,224946,28730
스카이라이프,7190,7180,7330,7170,54145,7250
케이씨텍,17100,17100,17500,16950,141104,17250
농심홀딩스,74300,73700,74600,72800,3859,73600
KODEX 선진국MSCI World,13215,13015,13230,13000,17463,13255
TIGER 200 IT,20220,20100,20365,20015,138280,20570
율촌화학,13450,13300,13500,13250,54329,13550
TIGER 코스닥150,9695,9520,9730,9500,579885,9950
현대건설기계,17100,17150,17350,16750,223273,17000
한일시멘트,76800,76300,78900,76200,5202,80400
삼진제약,23900,24000,24400,23250,75233,23950
한국쉘석유,259500,254000,260000,254000,2405,256000
JW홀딩스,5050,4960,5130,4895,230732,5000
한화투자증권,1565,1570,1595,1540,715469,1535
잇츠한불,14550,14300,14750,14250,39886,14750
코오롱,23500,23200,23500,23150,698633,25500
신영증권우,45850,45900,46100,45600,1241,45600
드림텍,5100,5130,5130,5070,184839,5110
세아베스틸,9070,9090,9300,9010,115331,8930
퍼시스,28300,28300,28500,28300,3713,27800
일진다이아,20800,20500,20850,20050,234981,22500
LG헬로비전,3895,3945,3950,3870,207679,4110
진에어,10400,10250,10500,10200,138955,10600
한솔제지,12650,12450,13150,12450,262877,13350
광동제약,6020,5890,6100,5860,531893,6030
이리츠코크렙,5000,4955,5010,4955,76038,4990
신한알파리츠,6590,6680,6680,6510,94248,6590
효성첨단소재,69700,69500,70500,69300,22761,69600
한독,22600,22350,22850,22300,43656,22500
대원제약,15000,15100,15200,14900,98242,15250
미원상사,60500,60100,60800,60100,2396,60100
한라홀딩스,29750,29450,30300,29450,16983,29150
고려제강,15450,15250,15600,15200,19446,15250
한국단자,29000,28550,29800,28550,39148,29200
일동제약,12900,12450,13000,12350,85578,12650
효성화학,93800,92000,96800,90300,65269,94000
도화엔지니어링,7700,7530,7920,7440,235148,8760
조선내화,72800,72600,73300,72000,2494,72800
진흥기업,1995,1950,2010,1930,231652,2000
동양,1230,1195,1270,1165,1929489,1210
삼천리,72300,72400,73000,71800,3279,71200
유나이티드제약,17700,17550,18200,17300,262590,17650
SK렌터카,7830,7780,7990,7780,58624,7890
경농,11950,11600,12500,11300,1242409,13000
한국자산신탁,2295,2255,2305,2220,349314,2265
SK증권,590,582,597,576,3984579,593
하이트진로홀딩스,12200,12150,12400,12100,49997,12050
AK홀딩스,20900,20150,21000,20050,29322,21000
조광피혁,41550,41500,42000,40850,1600,40900
에이블씨엔씨,9800,9620,9940,9540,129786,10050
아모레G3우(전환),38500,38400,38500,37500,4862,38300
태림포장,3635,3600,3680,3595,526208,3795
금호산업,7440,7480,7520,7370,105173,7450
삼성제약,4320,4270,4380,4085,3887637,4345
송원산업,11100,10700,11350,10700,220486,11100
환인제약,14150,14200,14400,13900,74138,14300
경인양행,6420,6360,6510,6300,664840,6480
아세아제지,30000,29750,30500,29700,52371,29450
센트랄모텍,29450,30500,32100,29400,2262889,30500
모나리자,7240,7020,7440,6960,4975356,7170
코스모신소재,8460,8400,8580,8270,491881,8960
경방,9790,9720,10100,9600,165461,9520
현대일렉트릭,6980,6970,7090,6890,179246,7220
한국카본,5830,5830,5950,5800,456132,5910
KBSTAR 대형고배당10TR,9805,9820,9850,9670,5336,9700
인스코비,2595,2565,2635,2555,515673,2665
코리아오토글라스,13050,12950,13200,12800,41261,12950
SBS미디어홀딩스,1825,1805,1840,1805,68765,1850
신도리코,26300,26350,26800,26050,6998,25250
세아홀딩스,63600,61600,63900,61600,697,63600
엔에스쇼핑,7400,7320,7620,7130,76486,7540
JW생명과학,16100,15800,16350,15750,102236,16000
국도화학,40950,41800,41800,40550,5221,42850
엘브이엠씨홀딩스,4905,4780,4920,4730,282010,4870
해성디에스,14400,14300,14500,13950,82186,14550
TIGER 원유선물Enhanced(H),1885,1855,1890,1845,17786291,1760
아세아시멘트,60600,58000,60600,58000,11535,63200
일성신약,98300,92300,98500,91100,11310,92500
삼성 인버스 2X 천연가스 선물 ETN,20980,20955,21475,20865,5068,24605
넥센,4620,4505,4725,4405,39503,4590
삼성SDI우,139000,139500,140500,138000,16554,151500
한국화장품,15000,14950,15250,14800,968839,15200
삼성 레버리지 WTI원유 선물 ETN,2320,2155,2320,2155,8400118,2320
한화손해보험,2150,2125,2295,2120,344039,2045
KPX케미칼,49300,49200,50300,48150,1020,49250
E1,34850,33150,35150,33100,41086,34600
남양유업,327500,320000,330000,318000,1102,328500
디티알오토모티브,24100,23800,24450,23700,9910,23650
KBSTAR 코스피,18860,18720,18955,18720,3114,18900
모토닉,7040,7060,7100,6970,14354,7060
한일홀딩스,38400,38150,38550,38100,5226,38650
교보증권,6410,6330,6470,6250,141500,6430
삼영무역,12650,12600,12800,12550,38998,13100
넥스트사이언스,7050,7010,7200,6790,951038,7220
광주신세계,141000,140500,142000,140500,203,142500
삼성출판사,22300,21950,22650,21950,169806,22750
신대양제지,55300,54500,56100,54000,28673,56400
대상홀딩스,6330,6400,6660,6250,369962,6270
제일파마홀딩스,15500,12100,15500,12000,974441,14200
현대에너지솔루션,19700,19900,20100,19550,98267,20250
신한 인버스 2X 천연가스 선물 ETN(H),9690,9625,9860,9600,35343,11250
IHQ,1485,1450,1545,1450,3755544,1510
애경유화,6600,6070,7040,6060,583342,6890
삼양패키징,15500,15050,15550,15050,26111,15500
풍산홀딩스,28000,27500,28000,27500,2102,27950
하나 코스피 변동성추세 추종 양매도 ETN,8665,8665,8665,8665,0,8665
현대차증권,7430,7330,7450,7310,84340,7350
S&T홀딩스,13250,13250,13400,13150,8183,13200
코스모화학,7790,7890,8080,7760,707025,8220
동화약품,7500,7590,7590,7420,145195,7630
대한제분,127000,125500,127000,125000,8755,125500
삼익THK,10150,10250,10350,10050,15687,10000
CJ4우(전환),49900,49150,49950,49150,7985,49650
쌍용차,1400,1430,1440,1375,1186833,1400
LS전선아시아,6810,6740,6810,6690,118130,6840
TIGER 차이나CSI300레버리지(합성),18250,17685,18250,17600,85766,18120
대신증권우,8030,7950,8070,7950,65615,7990
케이씨씨글라스,25600,25500,26550,25200,215255,24450
이연제약,12400,12100,12600,11800,84678,12150
신세계푸드,52500,52200,53200,52000,19697,52600
한국주철관,8930,8740,9060,8740,87414,8920
무림P&P,3215,3200,3250,3185,203607,3210
토니모리,11100,11200,11450,10950,414422,11150
예스코홀딩스,32550,31000,32550,31000,2107,32750
해태제과식품,6620,6510,6620,6510,41127,6680
나노메딕스,5080,5120,5230,5000,1250827,5180
일진홀딩스,3590,3535,3620,3525,195474,3900
코오롱글로벌,8260,10850,11800,8230,7538254,7630
신세계 I&C,107000,109000,115000,106500,16143,111000
ARIRANG 고배당주,8780,8680,8795,8680,50405,8650
TIGER 미국나스닥100,46055,45130,46200,45125,97279,47495
현대리바트,9150,8850,9250,8750,169556,9240
한세예스24홀딩스,4825,4830,4940,4770,30303,4720
KOSEF 국고채10년,125830,125805,125895,125470,21089,126425
효성ITX,15900,16250,16450,15900,113848,16250
에어부산,3600,3530,3690,3500,307898,3565
QV 코스피 양매도 5% OTM ETN,9200,9200,9200,9200,0,9250
KPX홀딩스,44000,44100,45000,43800,991,43700
현대상사,12500,12200,12550,12000,100495,13950
케이씨,13500,13300,13650,13250,29428,13600
유진투자증권,1895,1875,1905,1865,185358,1900
아세아,80800,81100,82300,79500,6129,84000
대원강업,2910,2865,2970,2835,35845,2945
KISCO홀딩스,9890,9770,9920,9770,7821,9850
경보제약,7690,7550,7780,7550,44876,7590
코리아써키트,7320,7360,7570,7190,274804,7630
동아지질,14700,13900,14950,13800,550208,15600
S&T중공업,5390,5350,5440,5330,26542,5390
세화아이엠씨,2990,0,0,0,0,2990
휴비스,5100,5080,5130,5040,191109,5120
한국금융지주우,30000,29650,30100,29500,21842,29750
부국증권,17000,16750,17200,16700,6241,16700
한솔테크닉스,5230,5210,5320,5200,392872,5390
선진,7290,7150,7380,6980,80307,7250
종근당바이오,31350,32600,33600,31200,317582,31250
KINDEX 베트남VN30(합성),10905,11000,11300,10835,165495,11150
한국철강,3690,3620,3715,3620,77841,3700
성신양회,6240,5970,6240,5820,333478,6850
KG케미칼,12300,11950,12400,11850,230188,12900
무학,5810,5770,5860,5680,127627,5890
동부건설,7650,7460,7680,7460,79147,7680
KBSTAR 코스닥150,9510,9355,9560,9355,10253,9775
티웨이항공,3455,3485,3505,3370,388397,3520
KSS해운,7140,7140,7190,7040,35035,7130
세방,8560,8430,8620,8430,18683,8550
한국화장품제조,35650,35800,36850,35100,192350,36150
신한 레버리지 WTI원유 선물 ETN(H),1755,1695,1755,1690,3590402,1755
TIGER 중국소비테마,6070,6080,6100,6005,23020,6120
AJ네트웍스,3425,3430,3525,3150,150086,3440
부산산업,121500,114500,135000,114500,300259,152000
동성코퍼레이션,3485,3410,3520,3410,78360,3490
세원셀론텍,2550,2570,2665,2500,454363,2590
아시아나IDT,14000,13750,14400,13600,227824,14200
이수화학,9680,7560,9680,7500,3349399,10250
SIMPAC,2390,2350,2395,2350,26197,2390
신성이엔지,907,871,911,871,1214155,898
대성홀딩스,9960,10450,10750,9920,113985,9690
한국패러랠,1940,1910,1940,1910,9546,1935
KBSTAR 단기통안채,103610,103620,103625,103610,494239,103630
신성통상,1055,1020,1080,1015,2681308,1075
S-Oil우,38300,38150,39100,38100,13890,38150
유수홀딩스,5840,5890,5890,5800,11791,5890
대한제당,16900,17400,17400,16900,15560,17000
KODEX 골드선물(H),12450,12465,12580,12445,571054,12365
흥국화재,2415,2415,2580,2400,43427,2365
ARIRANG 단기유동성,111675,111680,111680,111675,2,111690
효성중공업,16100,15150,16200,15150,85465,16200
유니퀘스트,5210,5110,5260,5110,99805,5540
삼양통상,49800,49050,50600,48600,7980,49900
팜스코,4035,4100,4125,3955,156940,4070
신라교역,9310,9340,9370,9130,62933,9320
동아타이어,10700,10900,10900,10700,903,10750
DI동일,60100,59000,61000,59000,7657,60400
CJ씨푸드,3975,4110,4340,3970,21335179,4065
대한제강,5870,5800,5890,5800,65505,5900
대성산업,3145,3095,3185,3065,153768,3175
TIGER 글로벌4차산업혁신기술(합성 H),11425,11185,11425,11185,46436,11390
현대차3우B,59500,57900,59800,57900,8825,59000
TIGER 헬스케어,31525,31560,31725,30850,44575,31695
코스맥스비티아이,14800,13700,14800,13600,35475,14800
삼성전기우,46900,46000,46950,46000,18042,48750
텔코웨어,13900,13400,14150,13400,56534,14600
삼영전자,7150,7160,7170,7020,23528,7080
LS네트웍스,1835,1910,1950,1825,310508,1795
비티원,3150,3130,3150,3015,593602,3565
한신공영,12300,11950,12500,11900,59066,12150
미래에셋 코스피 양매도 5% OTM ETN,9275,9260,9275,9260,5,9310
한솔홀딩스,2945,2890,2945,2890,35513,2950
LG우,41800,41900,42000,40650,4776,41800
명문제약,5600,5460,5720,5240,4686728,5610
TIGER 경기방어,9785,9715,9830,9650,5856,9745
사조산업,27400,26500,27500,26500,13293,27550
DB,684,627,740,627,3465695,683
노루페인트,6610,6520,6680,6520,87132,6830
현대약품,4230,4200,4245,4145,275083,4245
계룡건설,15200,15000,15400,14950,13387,15200
SG세계물산,685,694,702,675,1721127,670
쌍방울,968,922,975,922,4069665,973
DB금융투자,3290,3240,3380,3230,142708,3190
CJ제일제당 우,102500,98800,103500,98800,5262,101500
깨끗한나라,3695,3620,3720,3585,853376,3605
사조동아원,918,929,951,918,1689144,951
알루코,1735,1725,1740,1690,253624,1800
삼화페인트,4930,4840,4975,4840,19825,5040
삼익악기,1455,1435,1480,1425,366568,1465
NH투자증권우,7050,7070,7080,7010,59520,7000
KTB투자증권,2225,2190,2235,2160,175058,2190
마니커,819,820,830,811,4562110,825
아모레G우,20600,20500,20850,20250,18257,20250
국제약품,7470,7370,7760,7090,5811416,7090
세아제강지주,27900,27600,28100,27400,6647,27250
세아제강,41050,41250,41950,39150,4312,39550
신한 인버스 2X WTI원유 선물 ETN(H),7375,7325,7470,7315,446294,9210
S&TC,14800,14600,15250,14400,30573,14700
상상인증권,1130,1145,1145,1105,96613,1145
코오롱머티리얼,1730,2215,2415,1695,17720269,1595
TIGER 200선물레버리지,7170,7050,7250,6980,929440,7155
보해양조,831,811,846,811,2729229,842
삼호개발,4135,4035,4175,4030,273481,4270
TIGER 코스피,18920,18775,19075,18760,14965,19015
극동유화,3055,3010,3150,2980,595970,3050
보락,1770,1710,1780,1700,762120,1770
화성산업,8410,8400,8460,8350,15311,8490
대한화섬,74100,70600,75000,70600,2940,79300
대동공업,4265,4200,4350,4190,201898,4415
TIGER 코스닥150 레버리지,7355,7140,7420,7085,544508,7695
두산솔루스1우,14550,15850,15950,13300,963051,14200
써니전자,3395,3310,3530,3285,4496454,3080
신세계건설,24700,23900,24800,23000,50083,25950
인천도시가스,24250,23800,24350,23800,3332,23650
대한방직,19400,19750,19750,19250,3797,19500
현대비앤지스틸,6820,6640,6880,6640,30414,6820
화승알앤에이,1590,1565,1675,1555,217399,1590
HSD엔진,3000,2975,3060,2960,214019,3100
강남제비스코,15800,15550,16000,14700,31261,15700
삼성 KTOP30 ETN,10025,9960,10055,9940,110589,10100
HDC현대EP,3100,2995,3100,2970,110853,3145
백광소재,3570,3405,3600,3390,1287966,3630
한전산업,3115,3050,3140,3050,48644,3065
한라,2430,2355,2465,2350,103015,2570
조선선재,79100,78600,80000,78200,463,79300
디와이,3785,3685,3835,3685,86176,3780
광전자,1710,1705,1735,1680,159790,1715
ARIRANG 코스피50,17510,17370,17515,17335,368806,17495
동남합성,27100,27050,27250,26700,8231,27350
SH에너지화학,884,872,905,865,3686193,884
신한 S&P500 VIX S/T 선물 ETN B,31420,32460,32730,31120,9891,32730
대우부품,2025,1965,2135,1955,3790317,2060
한국공항,30900,30400,31500,30250,14884,30850
경동도시가스,16550,16400,16650,16300,39278,16550
성창기업지주,1365,1345,1375,1335,136166,1390
남광토건,9360,8830,9470,8830,66494,9840
벽산,1390,1320,1390,1320,537425,1410
대창,1045,1020,1050,1015,965460,1055
우성사료,2985,2960,3090,2960,1721987,3110
미원홀딩스,41000,41050,41350,40400,3599,41200
TIGER 미국S&P500레버리지(합성 H),14040,13605,14145,13595,253184,14110
샘표,33450,32500,33550,32500,14414,33350
윌비스,1240,1250,1290,1225,6459579,1310
동성화학,15550,15450,15800,15250,30283,15450
계양전기,2395,2365,2460,2355,436248,2515
일진전기,2100,2100,2145,2085,171550,2210
일진디스플,2825,2820,2875,2740,155394,2885
다스코,5080,5050,5130,4955,99030,5260
세원정공,8090,0,0,0,0,8090
삼원강재,2050,2030,2080,2000,15800,2020
한미글로벌,7230,7190,7290,7110,38673,7370
디와이파워,7250,7100,7430,7100,110287,7290
성보화학,3925,3895,3950,3890,19885,3965
동방아그로,5790,5810,5830,5750,8240,5820
지엠비코리아,4130,4060,4270,4060,128155,4150
천일고속,56200,56900,57300,54100,611,55200
한국내화,3205,3000,3380,3000,670711,3440
DRB동일,3900,3855,3940,3835,19899,3945
수산중공업,1375,1305,1400,1305,1978494,1455
KC그린홀딩스,3535,3580,3580,3470,54966,3495
퍼스텍,1660,1625,1735,1620,459801,1670
오리엔트바이오,797,761,850,753,11059023,765
동방,2030,1985,2215,1965,27008527,2325
조흥,130500,135500,136000,130500,578,129500
대유에이텍,722,720,733,717,185821,726
SK우,137000,137000,140000,135500,10694,137000
동양고속,26850,26750,26950,26550,3018,26700
대림씨엔에스,5760,5610,5760,5570,62420,6070
황금에스티,5230,5300,5320,5190,46909,5510
대신증권2우B,7690,7640,7690,7530,23825,7690
남성,2070,2015,2130,2015,577246,2115
대현,1730,1700,1730,1700,111277,1725
그린케미칼,3165,3100,3165,3100,14148,3175
KODEX 미국S&P500선물(H),13360,13195,13410,13165,43258,13325
금호석유우,25450,24900,25650,24900,8867,25000
서연,3750,3670,3835,3625,1092488,3200
남영비비안,1010,1030,1050,996,2128626,1090
한양증권,5860,5850,5920,5840,43200,5850
유유제약,11700,11850,11950,11300,188372,11650
화신,2155,2135,2180,2120,134581,2095
유니온머티리얼,1660,1595,1700,1595,406827,1740
TIGER 부동산인프라고배당,4405,4410,4410,4370,30128,4385
휴니드,5150,5040,5260,5030,65114,5160
KTcs,1750,1630,1755,1615,1994008,1705
KBSTAR 단기국공채액티브,100840,100845,100845,100830,55308,100855
ARIRANG 코스피TR,9160,9105,9180,9095,61,9160
방림,1700,1660,1715,1650,18004,1710
KBSTAR 국고채3년선물인버스,99550,99550,99605,99550,6,99465
부국철강,3595,3445,3630,3440,522816,3595
두올,2640,2615,2725,2615,352953,2640
TIGER 차이나HSCEI,12520,12225,12565,12170,1453,12470
수출포장,17550,17250,17650,17200,6954,17700
신영와코루,79400,77100,79400,76200,375,78200
우진,3595,3705,3705,3550,131720,3480
금강공업,2855,2775,3185,2765,369461,2875
한솔홈데코,850,824,860,824,611380,865
KCTC,2215,2120,2275,2120,271464,2320
영풍제지,3150,3085,3175,3085,61013,3135
MH에탄올,9230,9150,9290,9070,313296,9340
TIGER 2차전지테마,6645,6640,6685,6585,271390,6950
범양건영,2840,2830,2965,2805,1232148,2770
포스코강판,11500,11250,11600,11100,58935,11450
대유플러스,633,626,640,625,262248,638
사조씨푸드,3915,3965,4030,3905,289770,3940
시디즈,34150,34650,35450,33950,3377,33900
참엔지니어링,1220,1215,1265,1205,129720,1255
엔케이,844,831,854,831,274572,843
KODEX 미국달러선물,10725,10725,10750,10700,244285,10835
조광페인트,5150,5140,5190,5070,25289,5230
한국제지,13400,12900,13600,12900,47361,13350
쎌마테라퓨틱스,6250,6000,6300,5930,276832,6600
화천기공,30200,30500,30500,29350,6438,30000
대원전선,911,887,929,887,542690,964
한농화성,4090,4005,4090,3945,40343,4195
KBSTAR 200IT,9100,9000,9125,9000,11139,9265
새론오토모티브,3515,3520,3520,3440,13894,3410
고려산업,2800,2565,2800,2540,1597960,2600
KBSTAR 국채선물10년,57190,57110,57190,57045,2227,57450
유성기업,2450,2480,2485,2440,27215,2475
KBSTAR 금융채액티브,101630,101630,101630,101600,6,101720
대호에이엘,2110,1990,2215,1945,1557398,2355
우신시스템,3410,3400,3490,3400,42013,3465
영화금속,1425,1450,1510,1400,3203615,1395
화천기계,3065,2940,3350,2860,30240927,2855
KBSTAR 중기우량회사채,104595,104605,104605,104530,209,104650
한국석유,93200,90000,93600,90000,5461,95500
KODEX 2차전지산업,6995,6965,7030,6940,227631,7285
경동인베스트,24950,24300,25250,24150,3962,25850
STX중공업,2120,2100,2230,2015,91219,2140
KTis,1715,1660,1725,1660,160684,1740
동일고무벨트,4430,4360,4520,4250,13059,4490
가온전선,14550,15000,15000,14400,4234,14400
TIGER 유로스탁스50(합성 H),9795,9740,9825,9645,10327,9470
대창단조,20850,20350,20850,20300,11753,20850
KBSTAR KQ고배당,9650,9520,9650,9520,14750,9820
서울식품,174,177,183,173,35669097,176
평화산업,1080,1045,1080,1045,186598,1075
KODEX MSCI Korea,12065,11995,12065,11995,11,11920
세하,1935,1930,1960,1900,14273,1960
주연테크,537,0,0,0,0,537
이건산업,4985,4875,5040,4875,52875,5220
모나미,2895,2800,2950,2800,865829,3025
DSR,3585,3465,3620,3465,49634,3565
KC코트렐,4360,4300,4475,4195,272510,4380
삼정펄프,23150,23000,23350,22700,2398,22750
대림B&Co,3380,3240,3425,3235,22804,3400
KODEX 중국본토 A50,17170,16955,17170,16955,3863,17155
제일연마,5650,5470,5680,5440,7570,5650
상신브레이크,2650,2600,2675,2600,27668,2630
인지컨트롤스,3465,3350,3470,3350,49588,3710
태경화학,4850,4770,4935,4770,10014,4820
KB Wise 분할매매 ETN,9310,9310,9310,9310,1,9315
세우글로벌,1860,1780,1860,1760,3217850,1945
일성건설,913,889,929,875,777243,1030
한익스프레스,4510,4590,4770,4495,712809,4625
대구백화점,5200,5200,5280,5090,6716,5120
KODEX 미디어&엔터테인먼트,11825,11650,11835,11650,904847,12025
신풍제약우,30550,35200,36050,30150,597787,25050
혜인,4050,3910,4165,3890,306867,4315
유한양행우,47000,48500,48950,46800,8338,46000
대양금속,2395,2370,2490,2360,778402,2435
TIGER 미국MSCI리츠(합성 H),11085,11190,11190,10780,42521,10825
SMART KRX300,11620,11485,11655,11485,1224,11685
화인베스틸,1820,1820,1850,1780,392610,1810
KBSTAR KRX300,11730,11620,11755,11620,1394,11745
GS우,29900,29450,30050,29450,5747,29750
CS홀딩스,46400,46850,46850,46000,1343,45300
TIGER 인버스,7785,7870,7905,7750,440925,7790
TIGER 미국채10년선물,12840,12840,12855,12795,27008,13035
체시스,2155,2135,2240,2105,855043,2155
디아이씨,1320,1305,1345,1300,123646,1325
KODEX 은행,5135,5115,5145,5065,75732,5020
에넥스,838,813,839,813,348579,856
만호제강,12600,12700,12800,12100,16612,12350
DSR제강,3540,3440,3590,3440,63311,3550
SG충방,1125,1120,1155,1105,177063,1135
까뮤이앤씨,1140,1100,1145,1085,1339391,1130
미래아이앤지,391,365,401,365,2449070,394
KOSEF 통안채1년,101730,101755,101760,101730,53401,101760
ARIRANG 코스피,19135,18980,19215,18950,1409,19195
휴스틸,6690,6600,6750,6550,23571,6660
메타랩스,939,916,948,915,264774,961
KODEX 고배당,6665,6550,6675,6550,20519,6665
파워 200,25560,25375,25695,25240,35452,25580
대교우B,2600,2565,2635,2565,380584,2560
NI스틸,1710,1665,1730,1665,95642,1735
TIGER 중장기국채,53630,53590,53635,53485,166,53835
선도전기,2450,2315,2615,2315,932710,2730
영보화학,2485,2425,2500,2425,49093,2440
한국프랜지,1650,1430,1650,1425,1229493,1600
금비,48400,48200,49000,48200,364,48650
국동,1730,1710,1790,1700,2219330,1670
폴루스바이오팜,1225,0,0,0,0,1225
우진아이엔에스,6210,6070,6260,6070,22567,6310
KODEX 코스피대형주,8885,8805,8930,8805,66721,8885
두산솔루스2우B,24700,26250,27200,23650,267033,28950
삼성 인버스 2X WTI원유 선물 ETN,7535,7535,7650,7460,1616890,9515
KB KQ 우량주30 ETN,9260,9105,9275,9085,285,9495
인터지스,1585,1525,1590,1525,54462,1595
두산퓨얼셀1우,3495,3305,3810,3255,2364272,3550
KB KTOP30 ETN,9340,9340,9340,9340,0,9485
동양피스톤,3580,3495,3590,3490,35331,3590
KODEX 중국본토CSI300,10185,10085,10185,10020,10970,10240
부국증권우,15850,15850,15950,15650,631,15700
대원화성,1130,1130,1140,1105,80282,1135
삼성 코스피 풋매도 ETN,9150,9150,9150,9150,0,9190
KB 코스피 양매도 5% OTM ETN,9075,9065,9075,9065,2,9105
QV Big Vol ETN,9045,9045,9045,9045,0,9105
한국종합기술,4020,3950,4050,3950,53119,4155
미래에셋대우우,3230,3195,3250,3195,18285,3210
한신기계,1380,1335,1390,1335,180895,1390
페이퍼코리아,1360,1400,1445,1315,462261,1280
유화증권우,2520,2475,2600,2475,7484,2570
TRUE 코스피 양매도 ATM ETN,8970,8970,8970,8970,0,8980
유엔젤,3410,3385,3540,3350,208287,3400
롯데지주우,45750,44450,45800,44450,3360,45400
TRUE 코스피 양매도 3% OTM ETN,8860,8860,8860,8860,8,8895
티에이치엔,2495,2410,2520,2410,163105,2470
KODEX IT,11930,11830,11975,11765,4457,12195
TIGER 국채3년,111515,111500,111515,111430,1027,111515
문배철강,2020,1980,2055,1950,136792,2110
평화홀딩스,2900,2880,2950,2875,26341,2940
덕성,2865,2580,2865,2560,1208232,2725
신풍제지,1210,1200,1235,1180,223522,1220
코오롱인더우,16600,20200,22950,16600,1914084,15400
KODEX 200exTOP,8480,8480,8480,8480,1,8520
한국특수형강,1305,1250,1345,1250,80066,1310
KODEX 반도체,21900,21685,22025,21460,105278,22290
TIGER 레버리지,8940,8730,9045,8725,757641,8945
신송홀딩스,3610,3775,3795,3600,78122,3540
SK케미칼우,29550,30200,30450,29200,67809,28400
TIGER 차이나CSI300인버스(합성),10800,11020,11040,10800,138473,10815
베트남개발1,299,298,299,295,75170,295
KOSEF 단기자금,101415,101425,101425,101405,121910,101425
케이비아이동국실업,598,593,609,590,82262,600
이구산업,1160,1140,1165,1135,183521,1175
삼성 레버리지 천연가스 선물 ETN,3640,3620,3665,3560,298760,3140
삼아알미늄,3525,3590,3590,3420,14024,3560
KBSTAR 200선물인버스2X,7225,7375,7450,7160,1002675,7245
선창산업,3060,3100,3100,2980,30461,3095
진양산업,3345,3005,3530,3005,2088175,3000
KODEX 증권,4920,4875,4945,4845,170190,4840
바다로19호,2580,2595,2595,2525,21285,2560
대동전자,3655,3580,3730,3580,26938,3690
롯데칠성우,49500,48850,50200,48500,4740,49900
국보,1580,1595,1650,1565,245588,1580
조일알미늄,547,550,550,537,78963,543
KR모터스,804,780,810,778,578834,800
한세엠케이,2900,2850,2945,2840,7384,2920
ARIRANG 신흥국MSCI(합성 H),8715,8695,8725,8650,19080,8640
SJM홀딩스,2530,2495,2550,2480,8605,2520
SJM,2410,2350,2480,2350,14068,2410
KBSTAR 국고채3년,113610,113620,113620,113500,160,113730
TIGER 소프트웨어,8900,8830,8925,8795,28926,9065
태양금속,1035,1015,1055,1010,485486,1020
QV WISE 배당 ETN,7465,7465,7465,7465,0,7455
신한 레버리지 금 선물 ETN,18685,18700,19065,18675,73202,18560
한솔로지스틱스,1285,1235,1295,1225,464443,1350
TCC스틸,1645,1620,1650,1610,16753,1650
케이탑리츠,810,809,822,802,351822,792
TRUE 레버리지 천연가스 선물 ETN(H),10575,10510,10655,10375,41957,9115
호텔신라우,48200,48000,48900,47850,2430,48400
TIGER KRX300,11515,11485,11530,11485,406,11550
대신 철광석 선물 ETN(H),18140,18145,18205,18060,152,17895
원림,15750,15400,15750,15150,905,16250
KODEX 미국달러선물레버리지,10735,10690,10755,10670,171447,10920
금호전기,3370,3195,3405,3055,267163,3470
KINDEX 중장기국공채액티브,103240,103235,103240,103115,22,103370
신한 인버스 천연가스 선물 ETN(H),16430,16425,16475,16330,95,17725
이화산업,11950,12050,12050,11900,142,12650
티탑스,5440,5220,5650,5220,311960,5950
ARIRANG 200동일가중,6700,6605,6730,6605,693736,6690
형지엘리트,1115,1100,1130,1100,142513,1125
KODEX 국채선물10년인버스,45525,45525,45525,45525,5,45225
신한,4945,0,0,0,0,4945
TIGER 코스피중형주,9670,9525,9705,9525,172689,9695
신한 레버리지 은 선물 ETN(H),5895,5760,5995,5720,586826,5710
갤럭시아에스엠,1265,1260,1335,1240,135126,1240
신한 인버스 WTI원유 선물 ETN(H),15245,15155,15270,15145,988,17015
TRUE 인버스 2X 천연가스 선물 ETN(H),29150,29165,30000,29085,605,34010
삼영화학,1015,1020,1060,996,108474,1000
KOSEF 국고채3년,113065,113065,113085,112975,552,113150
코아스,1035,1015,1090,1015,401103,1090
진양화학,3695,3045,3900,3020,4254852,2800
한일철강,1485,1470,1495,1460,13152,1490
QV S&P500 VIX S/T 선물 ETN B,31420,31625,33700,30700,550,33225
미래에셋 레버리지 원유선물혼합 ETN(H),3900,4000,4000,3830,810991,3020
KODEX China H,20805,20890,20890,20270,4836,20735
TRUE 레버리지 나스닥 100 ETN,10475,10205,10555,10170,125725,11045
신한 레버리지 다우존스지수 선물 ETN(H),16690,16355,16840,16185,81246,16535
KODEX 미국S&P고배당커버드콜(합성 H),7990,7835,8200,7755,75288,7865
하이스틸,15500,15050,15650,15000,5298,16500
신한 인버스 옥수수 선물 ETN(H),15960,15960,15960,15960,1,16420
삼성 레버리지 China A50 선물 ETN(H),32620,31850,32620,31850,6783,32370
미래에셋 전기전자 Core5 ETN,15955,15955,15955,15955,0,16040
TRUE 레버리지 S&P500 선물 ETN(H),10670,10415,10720,10325,69836,10665
HANARO 코스닥150,9515,9235,9575,9235,561,9790
QV 하드웨어 TOP5 ETN,15695,15695,15695,15695,0,15915
미래에셋 레버리지 S&P500 ETN(H),15950,15640,15950,15640,455,15840
KODEX 200가치저변동,6935,6815,6935,6815,2690,6885
TIGER 반도체,22410,22000,22575,21950,19931,22730
KODEX China H 레버리지(H),6000,5840,6130,5810,41657,5785
KBSTAR 중장기국공채액티브,102805,102835,102845,102680,46,102905
TBH글로벌,1550,1600,1610,1520,93140,1490
TIGER 200IT레버리지,19300,18810,19500,18810,47501,20030
WISCOM,2030,1990,2045,1980,35938,2020
KBSTAR 중국본토대형주CSI100,16155,15950,16155,15715,38591,16110
흥아해운,258,0,0,0,0,258
성문전자,1555,1535,1580,1520,206979,1535
에쓰씨엔지니어링,1185,1175,1240,1160,38669,1195
인팩,3000,2995,3050,2935,10247,2985
KOSEF 코스닥150,4775,4705,4785,4695,3716,4880
키위미디어그룹,150,0,0,0,0,150
두산2우B,33950,34100,35000,33500,920,33050
하이골드12호,2335,2340,2350,2320,14894,2260
덕양산업,885,870,896,870,113353,880
QV 소프트웨어 TOP5 ETN,13890,13890,13890,13890,0,14325
미래에셋 미국 대형주 ETN(H),14200,14200,14200,14200,0,14315
웅진에너지,914,0,0,0,0,914
한솔PNS,1330,1280,1330,1280,135157,1380
진도,2300,2245,2305,2240,54684,2270
ARIRANG KS모멘텀가중TR,9525,9450,9555,9435,50,9545
KODEX 필수소비재,7815,7730,7860,7730,5687,7805
신한 다우존스지수 선물 ETN(H),14030,13815,14060,13805,679,13985
미래에셋 미국 항공우주 ETN(H),14140,14140,14245,14140,2245,13950
이스타코,659,657,690,651,111746,651
신한 금 선물 ETN(H),14030,14045,14165,14030,7276,13920
삼성 미국 대형 성장주 ETN,13680,13620,13680,13615,645,13905
하이골드8호,2015,0,0,0,0,1865
KOSEF 미국달러선물,12915,12900,12945,12895,7778,13040
동일제강,1685,1640,1730,1635,142767,1835
삼성 China A50 선물 ETN(H),13720,13615,13720,13615,171,13720
우진플라임,2780,3000,3000,2770,39111,2730
경인전자,17200,17350,17350,16850,640,17300
ARIRANG KS퀄리티가중TR,9995,9920,10025,9865,29527,10055
TIGER 농산물선물Enhanced(H),4175,4165,4175,4130,57032,4080
KINDEX 일본TOPIX인버스(합성 H),6340,6390,6430,6300,250533,6360
KODEX 삼성그룹밸류,6330,6275,6350,6235,4728,6340
한성기업,4205,4230,4335,4170,90741,4285
TIGER 미국다우존스30,14615,14355,14670,14350,19917,14655
미래에셋 미국 헬스케어 ETN(H),12930,12930,12930,12930,5,13140
삼성 미국 대형 성장주 ETN(H),12980,12900,12990,12875,18718,13070
동원금속,573,573,593,569,584218,557
KINDEX 삼성그룹섹터가중,9535,9520,9545,9445,40442,9645
ARIRANG 미국장기우량회사채,106100,105800,106200,105460,2561,108490
TIGER 일본TOPIX(합성 H),11900,11675,11900,11675,473,11810
ARIRANG 코스피중형주,7060,6985,7080,6970,204899,7005
KINDEX 코스피,19080,18985,19080,18915,445,19100
신한 레버리지 미국달러 선물 ETN,12640,12630,12655,12610,515,12885
진양폴리,2850,2620,2900,2620,1053905,2560
대신 인버스 2X 니켈선물 ETN(H),12545,12740,12740,12430,48,12775
ARIRANG 단기채권액티브,105010,105015,105015,105010,2,105010
삼화전자,2300,2320,2465,2265,101414,2410
신화실업,20900,20600,21300,20600,1153,20550
미래에셋 중국 심천 100 ETN,12370,12370,12370,12370,40,12370
QV 바이오 TOP5 ETN,12275,12175,12320,12045,34,12350
KODEX 미국나스닥100선물(H),10825,10690,10865,10655,111446,11065
ARIRANG 단기우량채권,52840,52845,52860,52830,1290,52845
삼성 KRX 금현물 ETN,12065,11785,12155,11785,17353,12130
태원물산,3215,3260,3270,3190,26173,3185
한국전자홀딩스,516,503,518,503,47596,517
TIGER 코스닥150선물인버스,7730,7855,7885,7690,989531,7530
KBSTAR 미국S&P원유생산기업(합성 H),1965,1985,1990,1940,2517804,1860
미래에셋 일본 대형주 ETN(H),11875,11875,11875,11875,0,12025
한진칼우,45100,45000,46000,44550,15623,44450
삼성 바이오 테마주 ETN,12010,11860,12025,11705,278,11920
미래에셋 미국 중형주 ETN(H),12040,12040,12040,12040,1,11855
ARIRANG 미국단기우량회사채,101715,101835,101835,101635,164,102945
성안,414,406,418,405,150445,416
미래에셋 미디어엔터 Core5 ETN,11810,11810,11810,11810,0,11800
KOSEF 미국달러선물레버리지,10270,10255,10310,10225,25327,10465
미래에셋 미국 고배당주 ETN(H),11625,11625,11625,11625,0,11530
QV 스마트리밸런싱 260/4 ETN,11470,11455,11470,11455,455,11465
TIGER 미국달러단기채권액티브,10430,10415,10435,10400,20370,10510
유안타증권우,1840,1815,1855,1800,20866,1770
삼성 S&P500 VIX S/T 선물 ETN(H) B,29400,30305,30555,29035,9370,30375
HANARO 200선물레버리지,10340,10070,10460,10070,5647,10355
신한 인버스 2X 다우존스지수 선물 ETN(H),5640,5770,5830,5580,264135,5680
SK디스커버리우,16200,16350,16650,16000,23854,16450
신한 인버스 구리 선물 ETN(H),11000,11000,11000,11000,50,11090
ARIRANG KS로우볼가중TR,9090,9030,9110,8990,50,9035
미래에셋 미국 시니어론 100 ETN,10970,10970,10970,10970,0,11060
KOSEF Fn중소형,14600,14390,14795,14380,37115,14690
TIGER 가격조정,17940,17820,18105,17820,5622,17985
TIGER 로우볼,9025,8925,9050,8925,10540,8990
KODEX 배당성장,9690,9650,9695,9505,1071,9740
TIGER 200TR,12880,12885,12920,12710,2758,12890
미래에셋 인버스 원유선물혼합 ETN(H),19540,19540,19540,19440,865,21730
미래에셋 호주 ASX200 ETN(H),10910,10910,10910,10840,302,10820
미래에셋 일본 중형주 ETN(H),10565,10565,10565,10565,0,10715
TIGER 코스피대형주,9335,9195,9365,9195,1423,9270
KODEX TRF3070,10095,10095,10095,10050,5289,10140
미래에셋 유럽 중형주 ETN(H),10475,10475,10475,10475,0,10600
모두투어리츠,2705,2700,2710,2680,37651,2700
대신 WTI원유 선물 ETN(H),4640,4780,4780,4550,136879,4200
신한 구리 선물 ETN(H),10480,10430,10495,10430,2743,10385
KINDEX 레버리지,3735,3650,3785,3650,272242,3740
TRUE 빅5 동일가중 ETN,10270,10270,10270,10270,10,10270
미래에셋 유럽 대형주 ETN(H),10660,10660,10660,10660,0,10215
세기상사,49200,48050,49650,48050,308,50100
미래에셋 미국 시니어론 100 ETN(H),10190,10190,10190,10190,50,10190
에이엔피,240,238,244,238,292750,244
하이골드3호,1265,1240,1280,1240,34061,1250
전방,11950,12150,12300,11900,1375,12000
미래에셋 원자재 선물 ETN(H),6935,6935,6935,6935,330,6705
미래에셋 에너지화학 Core5 ETN,10055,10055,10055,10055,30,10055
신한 인버스 2X 은 선물 ETN(H),9780,10015,10070,9615,17047,9980
KODEX 국채선물10년,71990,71920,71990,71775,822,72315
에이리츠,5410,5480,5480,5380,7334,5420
QV KTOP30 ETN,9835,9835,9835,9835,0,9955
LG하우시스우,19300,18500,19450,18500,5078,19200
지코,306,0,0,0,0,306
삼성 화학 테마주 ETN,9445,9445,9445,9445,0,9880
TIGER 우량가치,8050,7940,8095,7940,7856,8010
ARIRANG KS밸류가중TR,9230,9080,9250,9080,23529,9150
신한 코스피 콘도르 6/10% ETN,9680,9680,9680,9680,0,9705
KINDEX 중기국고채,107595,107595,107595,107545,352,107655
삼성 미국 중소형 성장주 ETN,9840,9775,9840,9775,1301,9645
KOSEF 미국달러선물인버스2X,7620,7665,7670,7615,2238,7495
신한 코스피 월별 양매도 5% OTM ETN,9540,9540,9540,9540,0,9585
대덕전자1우,5770,5690,5900,5690,3716,5770
KINDEX 중국본토CSI300레버리지(합성),3260,3110,3265,3110,20358,3275
세방우,5150,5050,5160,5050,1187,5140
태영건설우,7090,6720,7170,6720,39277,7370
신한 코스피 월별 양매도 3% OTM ETN,9355,9355,9355,9355,0,9415
KODEX MSCI KOREA ESG유니버설,7525,7525,7525,7525,1,7515
신한 USD K200 선물 바이셀 ETN,9180,9305,9350,9180,124,9390
TIGER 200 금융,4980,4950,5000,4895,4079,4880
청호컴넷,2030,1950,2095,1935,180044,2170
대한항공우,16700,16600,16800,16450,14696,16750
TIGER 모멘텀,15665,15655,15765,15655,9,15855
ARIRANG 미국S&P500(H),11530,11360,11590,11330,27999,11485
삼성 코스피 풋매도 4% OTM ETN,9120,9120,9120,9120,0,9180
KODEX 배당성장채권혼합,10150,10085,10150,10085,2167,10180
신한 인버스 2X S&P500 선물 ETN,9085,9210,9335,8960,42728,9140
ARIRANG 고배당저변동50,7940,7880,7945,7830,2376,7935
삼성 미국 중소형 성장주 ETN(H),9325,9260,9325,9260,1626,9110
마이다스 200커버드콜5%OTM,11375,11375,11375,11375,3,11375
신한 은 선물 ETN(H),9190,9085,9250,9065,16438,9075
ARIRANG 200선물인버스2X,14495,14770,14925,14330,296890,14475
신한 코스피 콘도르 4/10% ETN,8980,8980,8980,8980,1,9005
HANARO KRX300,11515,11420,11595,11360,102,11595
KOSEF 200선물레버리지,8575,8430,8645,8325,29235,8535
신한 인버스 은 선물 ETN(H),8695,8865,8865,8695,537,8955
KODEX 자동차,10970,10855,11000,10840,38596,10840
TREX 200,25345,25165,25465,25145,35,25370
TRUE 인버스 2X 유로스탁스50 ETN(H),8285,8375,8470,8185,57043,8790
FOCUS KRX300,11685,11635,11685,11635,2,11700
미래에셋 미국 리츠 ETN(H),8980,8980,8980,8980,1,8710
미래에셋 글로벌 리츠 ETN(H),9000,9005,9010,9000,7,8675
신한 인버스 2X 천연가스 선물 ETN,14605,14630,14935,14600,576,17305
남양유업우,103000,102000,107500,101000,1035,102500
삼성 미국 대형 가치주 ETN(H),8890,8800,8890,8785,3377,8495
하이트진로2우B,14800,14800,14850,14500,799,14900
QV 롱숏 K150 매수 로우볼 매도 ETN,8345,8345,8345,8345,0,8415
신한 레버리지 S&P500 선물 ETN,8355,8150,8420,8110,13887,8415
미래에셋 Q150 Core5 ETN,8385,8385,8385,8385,0,8410
QV 인버스 레버리지 WTI원유 선물 ETN(H),6725,6525,7520,6525,9426,8405
QV 인버스 레버리지 10년 국채선물 ETN,16590,16590,16590,16590,0,16590
HANARO 고배당,7290,7230,7300,7205,1181,7195
대신 2X 니켈선물 ETN(H),8315,8600,8795,8155,106851,8140
대상우,11850,12000,12150,11800,2983,11850
신한 K200 USD 선물 바이셀 ETN,8000,8000,8000,8000,0,8045
KINDEX 골드선물 레버리지(합성 H),17700,17205,18000,17205,62155,17675
KODEX Fn멀티팩터,8800,8735,8830,8700,128344,8815
QV 자동차 TOP5 ETN,7930,7930,7930,7930,1,7930
TRUE 코리아프리미어 ETN,7905,7905,7905,7905,0,7920
미래에셋 인버스 에너지화학 Core5 ETN,7880,7860,7895,7860,526,7810
TIGER 200 헬스케어,20470,20310,20680,19900,26165,20495
KBSTAR 글로벌4차산업IT(합성 H),13095,12990,13145,12890,30077,12955
QV 에너지 TOP5 ETN,7750,7750,7750,7750,0,7740
QV 화학 TOP5 ETN,7460,7460,7460,7460,0,7685
QV 조선 TOP5 ETN,7355,7355,7355,7355,0,7660
KODEX KTOP30,12665,12595,12725,12560,639,12730
KODEX 심천ChiNext(합성),8660,8745,8745,8305,31138,8830
부산주공,347,341,351,338,177330,354
KODEX 바이오,9375,9390,9440,9185,63635,9355
신한 레버리지 천연가스 선물 ETN,11585,11550,11660,11355,32189,9945
TIGER 코스피고배당,9215,9165,9225,9125,2696,9170
씨아이테크,812,802,819,802,87059,820
미래에셋 인버스 미디어엔터 Core5 ETN,14770,14825,14825,14770,2,14770
QV 의료 TOP5 ETN,7245,7245,7245,7245,2,7365
KINDEX S&P아시아TOP50,10905,10815,10920,10770,512,10910
넥센타이어1우B,2230,2170,2275,2170,13749,2265
컨버즈,4100,0,0,0,0,4100
KODEX 코스피100,19560,19345,19650,19345,6268,19615
삼성 미국 중소형 가치주 ETN,7640,7595,7660,7590,5548,7345
KINDEX 모닝스타싱가포르리츠채권혼합,9725,9725,9725,9725,3,9750
KODEX 미국FANG플러스(H),13325,12990,13375,12990,93290,13925
한국주강,1290,1305,1310,1285,7715,1290
TRUE 레버리지 유로스탁스50 ETN(H),7760,7565,7850,7565,73297,7270
KBSTAR 중소형고배당,7415,7195,7415,7195,552,7430
쌍용양회우,9200,8450,9250,8300,17661,9380
KODEX 200 중소형,7140,6960,7200,6960,2645,7200
TIGER S&P글로벌헬스케어(합성),14130,13920,14130,13920,2583,14300
TRUE 섹터탑픽 ETN,7060,7060,7060,7060,0,7135
KODEX 미국달러선물인버스2X,8660,8700,8710,8645,42208,8510
KODEX 미국채울트라30년선물(H),13790,13790,13805,13750,17073,14160
신한 인버스 2X 미국달러 선물 ETN,7170,7175,7195,7165,347,7040
KODEX 건설,2095,2060,2105,2050,135263,2100
KODEX 글로벌4차산업로보틱스(합성),10430,10330,10430,10200,3075,10405
신한 WTI원유 선물 ETN(H),3650,3705,3710,3600,172127,3480
녹십자홀딩스2우,16500,16300,16600,16150,1370,16450
신한 콩 선물 ETN(H),6980,6955,6995,6955,144,6900
신한 인버스 금 선물 ETN(H),6830,6835,6840,6770,9404,6900
삼성 미국 중소형 가치주 ETN(H),7260,7145,7260,7145,4689,6900
QV CHINEXT ETN(H),6645,6640,6645,6640,1000,6820
삼성 온라인쇼핑 테마주 ETN,6715,6715,6715,6715,1,6705
QV 내수소비 TOP5 ETN,6655,6655,6655,6655,2,6690
삼성 Alerian 에너지인프라 MLP ETN,4385,4365,4385,4365,59,4415
코오롱우,13500,13500,13500,13500,114243,12300
KBSTAR 모멘텀로우볼,9785,9735,9825,9720,15,9780
TRUE 인버스 2X 나스닥 100 ETN,6855,7065,7075,6785,304867,6585
ARIRANG 미국나스닥기술주,14345,14210,14425,14085,8916,14615
미래에셋 인버스 S&P500 ETN(H),6420,6545,6545,6420,411,6565
KBSTAR 채권혼합,54620,54475,54645,54460,187,54620
하이트론,2305,2390,2400,2265,27481,2360
신한 인버스 2X 구리 선물 ETN,12615,12770,12770,12600,10015,13020
FOCUS ESG리더스,6540,6505,6540,6505,2,6505
신한 인버스 브렌트원유 선물 ETN(H),11675,11690,11700,11605,665,12950
삼성 인버스 2X 구리 선물 ETN(H),12695,12720,12765,12590,504,12930
KODEX 최소변동성,8400,8270,8480,8265,27058,8560
KOSEF 국고채10년레버리지,140150,140285,140465,139480,1023,141835
삼성 Cushing 에너지인프라 MLP ETN,4215,4215,4220,4215,2955,4190
삼성 증권 테마주 ETN,6360,6225,6360,6225,13,6270
신한 인버스 다우존스지수 선물 ETN(H),6215,6285,6305,6215,5922,6270
삼성 미디어 테마주 ETN,6155,6155,6155,6155,0,6255
TIGER 우선주,8430,8360,8440,8325,27794,8445
QV 인버스 레버리지 S&P500 ETN,6205,6330,6330,6125,3246,6245
QV 레버리지 10년 국채선물 ETN,24860,24860,24860,24860,0,24860
삼성 인버스 China A50 선물 ETN(H),12270,12270,12270,12270,17,12345
SMART 선진국MSCI World(합성 H),12045,12045,12045,12045,0,12125
QV 건설 TOP5 ETN,6360,6360,6360,6360,2,6060
신한 인버스 MSCI 인도네시아 선물 ETN(H),11690,11645,11795,11555,2178,12110
TIGER 일본TOPIX헬스케어(합성),12090,12115,12115,11980,32,12085
TRUE 인버스 2X S&P500 선물 ETN(H),5975,6100,6145,5915,185329,5965
QV 미국 IT TOP5 ETN(H),16510,16995,16995,16325,2483,16985
NPC우,2195,2065,2285,2065,18852,2235
QV 운송 TOP5 ETN,5800,5800,5800,5800,0,5885
KBSTAR 고배당,8195,8000,8195,8000,45609,8110
KODEX 200미국채혼합,11175,11105,11185,11105,9080,11285
TIGER 200 에너지화학,9490,9350,9580,9350,4261,9620
현대건설우,98800,96500,106000,96500,1274,118500
TIGER 코스닥150IT,10810,10715,10860,10665,18423,11135
KOSEF 인도Nifty50(합성),9945,10080,10190,9930,72678,10005
TRUE 레버리지 엔선물 ETN B,11345,11400,11400,11345,17,11500
삼성 음식료 테마주 ETN,5755,5730,5755,5730,23,5720
KODEX 미국S&P바이오(합성),22740,22445,22800,22445,878,22630
일정실업,9650,9910,10000,9650,6305,9510
ARIRANG 고배당주채권혼합,9530,9510,9530,9505,1230,9480
KOSEF 코스피100,19585,19455,19585,19300,40098,19555
KODEX WTI원유선물인버스(H),21195,21195,21345,21075,68986,23760
TRUE 코스피 커버드풋 ETN B,11175,11195,11195,11175,4,11220
TIGER 경기방어채권혼합,9325,9300,9335,9290,2763,9325
신한 달러인덱스 선물 ETN(H),11125,11125,11125,11125,3,11190
TIGER 미국S&P500선물인버스(H),6360,6430,6445,6305,121750,6380
TRUE 인버스 HSCEI ETN(H) B,11190,11190,11190,11190,0,11105
KODEX 헬스케어,13815,13945,13950,13545,10405,13880
KOSEF 200 선물,11105,10955,11150,10905,78859,11090
TIGER 200 중공업,1940,1925,1950,1910,11716,1915
TRUE 엔선물 ETN B,10810,10810,10810,10810,112,10810
삼성 인버스 2X 금 선물 ETN(H),10630,10615,10640,10415,81031,10800
ARIRANG 우량회사채50 1년,107350,107355,107380,107350,705,107500
신한 옥수수 선물 ETN(H),5460,5465,5480,5445,28526,5330
TIGER 200커버드콜ATM,8790,8760,8815,8760,111,8825
HANARO 200선물인버스,16260,16415,16500,16175,6174,16280
미래에셋 인버스 전기전자 Core5 ETN,5245,5250,5250,5245,2,5285
TIGER 화장품,2890,2900,2920,2870,65844,2910
삼양홀딩스우,33950,33500,33950,33000,233,34100
파워 코스피100,19620,19520,19680,19420,155,19610
KODEX TRF5050,10050,9985,10050,9915,662,10070
신한 코스피 콘도르 6/10% 콜 2204-01 ETN,10015,10005,10015,10005,2,10030
신한 FnGuide 5G 테마주 ETN,9470,8975,9525,8975,14966,10025
TIGER 미국나스닥바이오,16560,16275,16575,16175,5894,16700
KODEX TRF7030,9950,9865,9950,9865,819,9970
KINDEX 싱가포르리츠,9900,9745,9920,9735,2623,9970
QV 인버스 레버리지 MSCI 선진국 ETN,13460,13615,13615,13295,640,14125
TRUE 인버스 유로선물 ETN B,9750,9750,9750,9750,0,9740
TRUE 인버스 유로스탁스50 ETN(H) B,9415,9480,9495,9390,781,9725
넥센우,2660,2645,2670,2635,188,2700
신한 천연가스 선물 ETN(H),3500,3505,3510,3455,47699,3235
남선알미우,33000,31500,33300,30350,51773,31450
KINDEX 미국4차산업인터넷(합성 H),11950,11790,11965,11790,2805,12100
신한 코스피 월별 양매도 5% 콜 2206-1 ETN,9675,9675,9675,9675,1,9675
KOSEF 200선물인버스2X,7215,7305,7415,7130,132023,7215
TIGER 인도니프티50레버리지(합성),8145,8105,8150,7985,51717,8050
KODEX S&P글로벌인프라(합성),9845,9630,9850,9615,2363,9740
ARIRANG KS로우사이즈가중TR,9480,9400,9505,9365,57,9525
덕성우,8000,7180,8100,7010,656928,6810
한화우,20200,19500,20350,19350,8791,19750
KINDEX 밸류대형,5950,5910,5950,5910,38,5910
신한 코스피 콘도르 4/10% 콜 2204-01 ETN,9440,9440,9440,9440,1,9455
삼성 레버리지 은 선물 ETN(H),9790,9530,9960,9500,133020,9450
신한 코스피 월별 양매도 3% 콜 2206-1 ETN,9450,9450,9450,9450,1,9450
QV 제약 TOP5 ETN,4685,4595,4850,4500,1480,4715
TIGER 200커뮤니케이션서비스,16910,16750,16940,16640,579,16830
KODEX 모멘텀Plus,8360,8295,8395,8220,7027,8540
SK증권우,2405,2380,2445,2380,45819,2390
한화솔루션우,8400,8400,8500,8380,8713,8310
대신 인버스 아연선물 ETN(H),13275,13400,13400,13210,118,13275
삼성 레저 테마주 ETN,4640,4640,4640,4640,2,4640
삼양사우,24900,24050,25400,24000,5565,25000
TRUE 인버스 2X HSCEI ETN(H),8975,9135,9135,8900,20576,9245
TIGER 일본니케이225,13130,12910,13130,12830,4337,13080
KOSEF 블루칩,6545,6500,6545,6450,913,6530
KINDEX 인도네시아MSCI(합성),6765,6725,6850,6700,19066,6510
계양전기우,6120,6100,6320,6020,53133,6500
KTOP 코스피50,17890,17835,17965,17715,106,17805
QV 인버스 MSCI 선진국 ETN,12455,12590,12590,12455,2,12955
신한 인버스 달러인덱스 선물 ETN(H),9110,9110,9110,9110,0,9065
TRUE 인버스 엔선물 ETN B,9135,9115,9135,9115,191,9045
TIGER 일본엔선물,11130,11105,11200,11105,1315,11220
대신 인버스 철광석 선물 ETN(H),4380,4380,4380,4380,26,4465
유유제약1우,7900,7740,7900,7740,16429,7870
KODEX 미국채10년선물,12530,12530,12540,12475,5195,12730
일양약품우,20100,19600,20550,19500,9095,20000
TIGER 미국달러선물레버리지,10825,10850,10850,10765,212,10995
HANARO KAP초장기국고채,51060,51025,51060,50915,728,51480
KINDEX 스마트로우볼,10905,10845,10905,10845,20,10855
KBSTAR 차이나HSCEI(H),11035,10825,11035,10825,111,10850
KBSTAR 헬스케어채권혼합,10785,10800,10800,10725,9533,10800
TIGER 원유선물인버스(H),15410,15330,15500,15295,16241,17225
KODEX 미국러셀2000(H),8100,7945,8135,7945,4554,7785
KODEX MSCI밸류,7830,7830,7830,7830,1,7775
KBSTAR 미국장기국채선물레버리지(합성 H),15010,15040,15125,14940,2317,15530
KBSTAR 5대그룹주,4700,4670,4730,4660,285,4740
KBSTAR 팔라듐선물(H),13165,12820,13250,12820,130230,13080
TRUE 레버리지 HSCEI ETN(H),8830,8615,8830,8615,22488,8500
TIGER 글로벌자원생산기업(합성 H),8730,8740,8790,8730,2558,8490
태양금속우,2630,2645,2660,2570,76537,2570
TIGER 일본엔선물레버리지,11800,11780,11815,11725,822,12005
KODEX 턴어라운드투자,8405,8320,8405,8315,152,8395
TRUE 코스피 커버드콜 ETN B,8375,8305,8375,8305,123,8395
KOSEF 미국달러선물인버스,9945,9970,9970,9930,105,9855
KBSTAR IT플러스,11380,11275,11415,11275,207,11615
KODEX 게임산업,9135,9110,9145,9100,609,9290
KODEX KRX300레버리지,7595,7500,7660,7360,30808,7580
SK네트웍스우,72000,72100,72100,71100,123,72500
KOSEF 고배당,6230,6190,6230,6125,665,6090
KODEX MSCI퀄리티,9025,9025,9025,9025,0,9130
KODEX 미국달러선물인버스,9535,9560,9575,9530,5974,9460
대신 2X 아연선물 ETN(H),4035,3775,4070,3775,9608,4020
TIGER 유로스탁스레버리지(합성 H),5385,5225,5415,5190,62697,4990
동북아13호,5030,5030,5030,5030,1900,5030
ARIRANG 중형주저변동50,7250,7230,7260,7205,136,7245
TIGER 국채선물3년인버스,49650,49650,49650,49650,0,49655
KODEX 철강,5145,5125,5215,5120,1747,5145
TIGER KTOP30,6250,6185,6250,6180,447,6325
TIGER 골드선물(H),13260,13255,13385,13255,18757,13170
KODEX 보험,4995,4915,4995,4915,48015,4935
금호산업우,26050,25100,26600,25100,6622,27000
동북아12호,4975,4975,4975,4975,0,4975
대신 니켈선물 ETN(H),11280,11090,11305,11090,3760,11165
TIGER 대만TAIEX선물(H),12950,12485,12950,12485,390,12910
삼성 모멘텀 탑픽 ETN,3785,3785,3790,3785,61,3870
ARIRANG 200선물레버리지,17170,16855,17355,16720,16834,17170
KBSTAR 주식혼합,30860,30710,30905,30710,5,30860
KOSEF 배당바이백Plus,11090,11020,11120,10975,50,11005
KODEX 일본TOPIX100,12795,12550,12820,12550,1681,12825
TIGER 중장기국채선물인버스,48075,48075,48075,48075,0,48075
마이티 코스피100,19230,19230,19230,19230,4,19230
TRUE 코스피 타겟볼20 ETN,7580,7580,7580,7580,0,7650
KINDEX 스마트모멘텀,10870,10805,10910,10800,1035,10910
KBSTAR 미국장기국채선물(H),12530,12600,12600,12490,494,12685
KINDEX 일본Nikkei225(H),12900,12470,12900,12470,1280,12675
KBSTAR KRX300레버리지,7570,7380,7590,7365,2884,7600
신한 MSCI 인도네시아 선물 ETN(H),7705,7695,7730,7695,183,7595
KOSEF 코스닥150선물인버스,13725,13875,13940,13635,4770,13340
TIGER 국채선물10년인버스,46675,46675,46675,46675,0,46675
KBSTAR 헬스케어,10665,10725,10725,10530,10692,10660
신한 레버리지 구리 선물 ETN,7520,7425,7555,7425,19413,7450
KODEX 성장투자,8080,8060,8085,7995,25367,8245
KOSEF 코스닥150선물레버리지,2915,2875,2945,2815,48846,3070
TIGER 삼성그룹펀더멘털,7885,7875,7885,7840,629,7870
대한제당우,11550,11500,11600,11200,128,11400
KOSEF KRX100,4100,4075,4115,4055,219,4100
ARIRANG 주도업종,6655,6605,6695,6605,5329,6675
한화투자증권우,1530,1520,1550,1520,9318,1525
KBSTAR KRX300선물인버스,10460,10630,10630,10445,152,10445
KODEX KRX300선물인버스,10495,10590,10625,10415,677,10410
TIGER 차이나항셍25,16175,16120,16175,15915,497,16050
SMART 중국본토 중소형 CSI500(합성 H),3965,3915,3990,3915,192,4000
TIGER 구리실물,5680,5645,5700,5645,11450,5875
KOSEF 200선물인버스,9185,9285,9295,9100,4301,9190
KBSTAR 모멘텀밸류,9045,8895,9045,8895,15,8920
KINDEX 러시아MSCI(합성),24900,24005,24900,23700,3567,23710
TIGER 의료기기,11685,11725,11860,11545,5303,11850
서울식품우,3185,3280,3280,3185,164610,3160
KODEX 미국S&P산업재(합성),13150,13180,13200,13070,14845,13155
KINDEX 삼성그룹동일가중,11655,11610,11655,11500,44,11655
TIGER 200에너지화학레버리지,5030,4945,5235,4915,52673,5170
대원전선우,2590,2545,2595,2465,40537,2660
HANARO e커머스,9120,9120,9170,9050,1121,9260
KINDEX 스마트하이베타,8690,8645,8690,8645,20,8680
KBSTAR KRX300미국달러선물혼합,9830,9675,9840,9675,6,9910
깨끗한나라우,18700,18150,19150,18150,6388,18900
KODEX 200ESG,8670,8585,8715,8585,50,8635
삼성 인버스 2X 은 선물 ETN(H),6745,6910,6910,6600,33662,6855
KINDEX 미국다우존스리츠(합성 H),69980,73000,73000,68100,1005,68540
KBSTAR 내수주플러스,8090,8000,8105,8000,5,8080
QV 레버리지 WTI원유 선물 ETN(H),1670,1670,1670,1600,322993,1670
KBSTAR V&S셀렉트밸류,9515,9440,9550,9415,53,9540
KOSEF 저PBR가중,9550,9470,9580,9445,743,9460
흥국 S&P코리아로우볼,7875,7875,7875,7875,10,7825
CJ씨푸드1우,32600,32900,33600,32500,15097,32850
KINDEX 스마트밸류,9435,9380,9435,9380,20,9380
KODEX 에너지화학,8385,8270,8410,8270,10489,8480
TIGER 코스닥150바이오테크,9230,9300,9315,9050,10577,9295
삼성 레버리지 구리 선물 ETN(H),6590,6500,6640,6475,126195,6465
QV MSCI 선진국 ETN,9135,9135,9135,9135,0,9120
ARIRANG 국채선물3년,53190,53130,53190,53130,1235,53190
KBSTAR 차이나H선물인버스(H),11365,11565,11565,11330,1650,11550
TIGER 중장기국채선물인버스2X,45300,45300,45300,45300,100,45060
TIGER KRX300선물인버스,10220,10340,10460,10220,55,10410
TIGER 일본엔선물인버스,8995,8920,8995,8920,118,8915
신한 인버스 2X 금 선물 ETN,6065,6030,6065,5915,95690,6190
파워 중기국고채,103155,103155,103155,103155,0,103155
TREX 펀더멘탈 200,24495,24495,24495,24495,1,24365
KBSTAR KRX국채선물3년10년스티프너2X,50700,50715,50725,50690,6,50615
ARIRANG 국채선물10년,57995,57935,58000,57820,1179,58310
KBSTAR KRX국채선물3년10년스티프너,50480,50490,50495,50475,6,50440
KBSTAR KRX국채선물3년10년플래트너,49970,49965,49975,49955,6,50015
KBSTAR V&S셀렉트밸류채권혼합,9965,9925,9970,9925,84,10000
KODEX 퀄리티Plus,7490,7455,7520,7455,13031,7500
KODEX 200동일가중,7415,7425,7425,7415,603,7490
TIGER 유로스탁스배당30,9085,9085,9130,8940,8738,8540
KBSTAR KRX국채선물3년10년플래트너2X,49720,49720,49750,49665,6,49785
성신양회우,7470,7080,7500,7080,17781,8100
마이티 200커버드콜ATM레버리지,6610,6560,6610,6560,13,6590
대신 인버스 니켈선물 ETN(H),8360,8415,8415,8335,18,8435
TIGER 200 건설,1790,1750,1805,1750,48314,1785
ARIRANG 스마트베타Quality채권혼합,9740,9720,9740,9715,462,9750
하나니켈1호,272,278,281,269,2237118,257
KODEX 콩선물(H),7400,7405,7425,7375,7877,7310
KBSTAR 200생활소비재,7190,7160,7190,7160,10,7130
하이트진로홀딩스우,12350,12250,12650,12200,3644,12400
삼성중공우,48250,47850,48850,46500,890,50600
성문전자우,10000,10150,10350,9930,27816,9670
ARIRANG S&P글로벌인프라,9575,9305,9600,9305,930,9580
KODEX FnKorea50,7095,6980,7115,6980,54,7135
KODEX 미국S&P에너지(합성),4995,5030,5030,4920,68448,4775
KINDEX 일본TOPIX레버리지(H),11545,11130,11600,11130,7942,11385
TIGER 금은선물(H),9485,9395,9570,9395,12468,9420
파워 고배당저변동성,20920,20800,20970,20655,467,20820
KBSTAR 중국MSCI China선물(H),10430,10150,10485,10150,237,10215
TIGER 200커버드콜5%OTM,11290,11115,11290,11115,130,11205
HANARO 코스닥150선물레버리지,5900,5695,5955,5685,5783,6215
KBSTAR ESG사회책임투자,7945,7865,7970,7865,10,7960
현대비앤지스틸우,46900,46950,47000,44600,940,50700
TIGER MSCI KOREA ESG유니버설,7500,7425,7505,7425,39,7410
KODEX 한국대만IT프리미어,10975,10745,10985,10720,15860,11040
KBSTAR 200선물인버스,9190,9340,9340,9115,3330,9165
TIGER 베타플러스,10435,10435,10435,10435,0,10495
ARIRANG 미국다우존스고배당주(합성 H),10650,10700,10730,10410,8325,10265
대신 아연선물 ETN(H),7730,7700,7770,7675,433,7740
KINDEX 코스닥(합성),8785,8785,8785,8785,20,9020
KODEX 기계장비,3115,3090,3130,3080,34825,3105
코오롱글로벌우,18150,24100,26500,17750,637592,17100
KODEX 3대농산물선물(H),7315,7360,7360,7275,73997,7110
TIGER 일본엔선물인버스2X,7630,7630,7655,7605,608,7580
ARIRANG 글로벌MSCI(합성 H),11665,11550,11715,11550,121,11660
ARIRANG 코스닥150선물인버스,11995,12135,12195,11900,24285,11660
TIGER KRX300레버리지,7485,7235,7525,7235,2671,7445
진흥기업2우B,14000,13750,14300,13750,3162,13800
TIGER 지속배당,10540,10325,10540,10325,439,10385
KODEX 미국채울트라30년선물인버스(H),6900,6900,6925,6900,4418,6740
ARIRANG 심천차이넥스트(합성),8595,8495,8595,8425,1095,8790
KG동부제철우,72600,68500,72800,68500,839,73700
TIGER 중소형가치,7010,7005,7010,7005,2,7010
KBSTAR 게임테마,8310,8240,8315,8180,34,8465
한양증권우,7060,7050,7080,6880,1004,7220
KODEX 골드선물인버스(H),7440,7450,7450,7365,32449,7505
KBSTAR 국채선물10년인버스,45955,45980,46045,45955,7,45725
ARIRANG KRX300산업재,8145,8065,8195,8040,58,8120
KOSEF 코스닥150선물,6105,5995,6110,5995,66,6270
흥국화재우,4960,4960,5170,4960,43130,4815
KBSTAR KQ모멘텀로우볼,8015,7960,8025,7960,16,8175
JW중외제약2우B,39000,38000,39000,37050,443,39900
TIGER 라틴35,2460,2500,2500,2435,24112,2395
TIGER 200 생활소비재,9520,9455,9545,9420,126,9445
TIGER 증권,2890,2825,2895,2820,3879,2845
TIGER 200 철강소재,5385,5375,5430,5370,350,5370
코리아써키트2우B,4440,4490,4490,4345,540,4500
KODEX 밸류Plus,5905,5855,5905,5805,219,5840
KBSTAR 200경기소비재,6660,6570,6685,6560,1499,6605
KBSTAR KQ모멘텀밸류,7425,7370,7435,7370,5,7560
KBSTAR 200산업재,6740,6645,6755,6645,5,6715
TIGER 대형가치,7505,7505,7505,7505,1,7440
노루홀딩스우,17750,17100,17850,17100,1398,17900
신원우,33300,32500,36400,32500,6252,36300
KBSTAR 200건설,7205,7060,7255,7060,7,7150
TIGER 은행,5265,5200,5265,5145,4105,5115
KODEX MSCI EM선물(H),7155,7170,7170,7155,12,7080
KBSTAR 팔라듐선물인버스(H),6135,6270,6275,6080,14222,6210
KBSTAR 중소형모멘텀밸류,7685,7610,7690,7610,5,7660
KBSTAR 미국장기국채선물인버스2X(합성 H),5715,5725,5725,5675,1936,5535
동양우,4935,4960,4960,4805,1014,4900
TIGER 200 산업재,3720,3670,3720,3670,23,3695
흥국화재2우B,20000,21950,22250,19800,39229,19250
ARIRANG 스마트베타 Quality,7220,7165,7240,7165,31,7230
TIGER 여행레저,3830,3825,3870,3755,6611,4015
유유제약2우B,17700,17400,17700,17100,595,17500
ARIRANG 스마트베타 Value,6790,6735,6795,6735,30,6710
ARIRANG 선진국MSCI(합성 H),8615,8490,8615,8335,854,8380
KBSTAR 200철강소재,5150,5115,5180,5115,100,5115
TREX 중소형가치,5900,5900,5900,5900,3,5900
동양2우B,8350,8100,8450,8100,3821,8300
KBSTAR 중소형모멘텀로우볼,7205,7130,7210,7130,5,7280
ARIRANG 스마트베타 LowVOL,7300,7255,7310,7255,31,7260
KBSTAR 200금융,6085,6035,6090,6030,4270,5975
KBSTAR 200중공업,6015,5870,6020,5870,38,5955
TIGER 금속선물(H),4005,4000,4005,4000,1390,4045
KODEX 운송,2910,2870,2940,2870,22852,2955
ARIRANG ESG우수기업,6550,6500,6570,6500,2072,6495
TIGER K게임,7405,7360,7420,7335,393,7525
ARIRANG KRX300IT,10860,10795,10915,10725,191,11100
KBSTAR 200에너지화학,6285,6215,6295,6215,43,6365
ARIRANG KRX300금융,7075,6970,7075,6930,271,6885
ARIRANG 스마트베타 Momentum,6710,6650,6725,6650,31,6690
ARIRANG KRX300자유소비재,8875,8805,8920,8735,58,8855
KBSTAR 지주회사,6175,6125,6190,6125,16,6155
TIGER 미디어컨텐츠,4625,4630,4670,4585,29811,4770
TIGER 대형성장,7990,7960,7995,7940,364,7910
TIGER 지주회사,9210,9170,9230,9170,23,9210
KODEX 국채선물3년인버스,49650,49650,49650,49650,0,49660
TIGER 중소형성장,7080,7045,7080,7045,41,7230
KODEX 경기소비재,8345,8150,8370,8145,1318,8405
KBSTAR 200고배당커버드콜ATM,7165,7155,7165,7105,115,7130
KINDEX 국채선물3년인버스,99160,99160,99160,99160,0,99170
QV 레버리지 MSCI 선진국 ETN,7400,7305,7400,7305,13,7055
노루페인트우,10650,10550,10700,10350,5397,10650
TIGER 이머징마켓MSCI레버리지(합성 H),7110,6950,7115,6945,3963,7020
KINDEX 멕시코MSCI(합성),6445,6240,6445,6225,2568,6090
KODEX 구리선물(H),4510,4480,4520,4430,33964,4425
KINDEX 배당성장,24120,23855,24120,23855,95,24215
삼성 건축자재 테마주 ETN,2290,2290,2290,2290,0,2400
대상홀딩스우,5260,5300,5300,5190,7124,5250
마이티 코스피고배당,9380,9380,9380,9380,0,9380
금강공업우,7800,7740,8070,7560,20188,8100
TIGER MSCI KOREA ESG리더스,6965,6965,6965,6965,11,6905
KINDEX 스마트퀄리티,11810,11710,11810,11710,20,11870
KODEX MSCI모멘텀,7820,7820,7820,7820,1,7900
KODEX China H선물인버스(H),11530,11750,11750,11520,1845,11810
TIGER 200 경기소비재,10755,10700,10810,10700,824,10705
크라운제과우,6140,6020,6220,6020,11085,6090
KINDEX 필리핀MSCI(합성),11745,11750,11750,11350,132,11720
KBSTAR 우량업종,7785,7695,7805,7695,10,7805
KBSTAR 코스닥150선물인버스,7980,8090,8135,7935,97927,7770
KODEX 가치투자,7765,7630,7800,7630,2034,7710
HANARO 농업융복합산업,7660,7625,7680,7600,578,7710
KINDEX 국채선물10년인버스,92140,92140,92140,92140,0,92140
TIGER 방송통신,7090,7040,7090,6945,2502,7155
DB하이텍1우,40500,39100,40500,39000,1413,40700
KODEX 멀티에셋하이인컴(H),9195,9195,9195,9090,7210,9110
파워 스마트밸류,10225,10165,10265,10110,50,10100
KBSTAR 미국장기국채선물인버스(H),7710,7710,7710,7710,22,7545
TIGER S&P글로벌인프라(합성),9125,9000,9125,8925,462,9035
JW중외제약우,25300,25500,25750,24800,6426,26200
KBSTAR 200커뮤니케이션서비스,10455,10420,10455,10310,459,10535
ARIRANG 코스닥150,9560,9445,9590,9385,1152,9780
동부건설우,19650,18300,20600,18300,10461,19300
KINDEX 한류,5350,5315,5350,5305,202,5440
ARIRANG KRX300헬스케어,9735,9735,9825,9515,580,9820
TIGER LG그룹+펀더멘털,5870,5825,5900,5820,414,5945
KBSTAR 수출주,7025,6975,7045,6975,94,7100
TIGER 현대차그룹+펀더멘털,12620,12405,12675,12405,1734,12450
진흥기업우B,5080,5060,5160,4955,7988,4930
하나니켈2호,1315,1350,1395,1305,254600,1265
TIGER 200동일가중,7475,7470,7475,7470,10,7505
미원화학,43100,43000,43500,42600,1064,43150
제이에스코퍼레이션,7180,7130,7340,7100,53830,7110
유니켐,1390,1360,1410,1360,402919,1400
금양,2165,2120,2205,2090,303242,2150
비상교육,7210,7140,7210,7000,85748,7250
크라운제과,7470,7430,7540,7400,44806,7500
제주은행,2915,2920,2940,2870,32252,2915
미창석유,53800,53300,54000,53300,4484,53800
조비,17350,16900,18400,16200,805189,18000
제이준코스메틱,3000,3075,3090,2990,306137,3035
미래산업,109,105,111,104,31166144,110
디아이,2920,2905,2950,2870,105236,2925
호전실업,11550,11400,11600,11400,3769,11500
한창,2230,2135,2465,2125,21224117,2635
세이브존I&C,2255,2255,2275,2230,28942,2230
한진중공업홀딩스,3190,3200,3300,3095,32540,3095
세아특수강,10500,10250,10500,10200,8647,10650
신흥,9400,9300,9400,9250,3869,9470
TIGER 200선물인버스2X,7435,7590,7660,7350,3106057,7435
우리들휴브레인,2510,2530,2655,2470,2531173,2505
YG PLUS,1400,1450,1465,1385,1281684,1540
삼부토건,640,614,668,614,1714035,651
삼화전기,12950,13150,13400,12800,47706,13450
광명전기,1920,1745,2140,1745,7254192,2050
KODEX 은선물(H),3465,3415,3490,3410,1455054,3415
키다리스튜디오,5330,5340,5370,5160,101192,5200
NH프라임리츠,4715,4655,4720,4655,21363,4725
세종공업,3885,3890,3980,3885,79029,3900
KODEX KRX300,11615,11635,11700,11520,6088,11705
콤텍시스템,1265,1220,1325,1215,2891175,1290
티웨이홀딩스,1105,1105,1150,1085,276037,1140
SK이노베이션우,70700,69900,70900,69800,8850,69900
기신정기,2975,2930,3000,2925,35876,2970
KB 코스피 마운틴 ETN,8670,8670,8670,8670,10,8670
서연이화,3270,3270,3350,3235,127782,3200
KEC,739,726,744,725,584305,740
태평양물산,1745,1745,1785,1720,811838,1730
금호에이치티,3355,3565,3565,3270,47392,3350
웰바이오텍,2010,2090,2090,2005,697869,1985
무림페이퍼,2025,2030,2060,2015,157916,2050
삼화왕관,39350,39000,39400,38950,380,39450
우리들제약,6600,6550,6790,6490,535339,6510
테이팩스,14950,15050,15400,14900,13100,17850
KODEX Fn성장,10790,10705,10820,10680,157,10885
영흥,1000,1040,1055,999,1639644,973
웅진,1060,1050,1075,1050,261027,1050
CJ우,36800,36400,36900,35950,6063,36850
KODEX 국고채3년,57710,57700,57715,57660,6646,57730
HDC아이콘트롤스,7670,7650,7680,7420,78681,7920
일신방직,54300,54500,55200,54300,1492,54300
HANARO MSCI Korea TR,9990,9940,10005,9895,102,9980
두산우,33900,34500,34650,33850,18934,32450
신일산업,1795,1760,1805,1760,2230656,1825
유화증권,2270,2180,2280,2180,62858,2275
대영포장,1120,1095,1150,1085,6697970,1190
TIGER 미국S&P500선물(H),32520,32190,32640,32050,53123,32445
삼광글라스,26450,26050,26900,26050,18519,26550
샘표식품,27900,27900,28000,27500,16538,28200
핸즈코퍼레이션,5960,5930,6100,5750,25827,5870
큐로,799,791,810,791,683605,805
KBSTAR 코스닥150선물레버리지,6730,6535,6920,6425,193738,7190
GS글로벌,1535,1470,1570,1465,385819,1545
진양홀딩스,2295,2230,2370,2230,189580,2255
코오롱플라스틱,3620,4170,5090,3580,11046397,3300
태경산업,4220,4110,4220,4110,26490,4290
대성에너지,4545,4565,4585,4530,24167,4555
동양물산,972,960,995,958,1358022,993
인디에프,1820,1655,1860,1655,3588178,2120
크라운해태홀딩스,8060,8060,8170,7940,21822,8380
한창제지,2345,2370,2465,2300,12391846,2080
사조대림,13450,13600,13600,13300,28497,13500
아남전자,1535,1545,1560,1510,636650,1600
이수페타시스,3000,2905,3050,2905,443977,2990
KODEX 배당가치,8480,8350,8480,8350,6943,8410
디씨엠,10350,10450,10550,10200,53510,10400
카프로,2845,2830,2895,2765,453733,3030
한국ANKOR유전,1725,1710,1725,1710,64156,1730
백광산업,2670,2590,2710,2590,1556823,2695
동일산업,49350,48650,49400,48600,954,49700
대신 골드 커버드콜 타겟 5%인컴 ETN(H),12065,12030,12070,12030,902,12050
노루홀딩스,8850,8900,8990,8700,14538,9050
NPC,3205,3190,3285,3165,88647,3270
고려개발,7760,7400,7950,7340,29935,7870
BYC,190500,188000,192000,187500,338,191500
동양철관,924,897,937,893,1284232,1000
백산,5000,4965,5090,4915,220161,4890
신한 레버리지 천연가스 선물 ETN(H),3370,3350,3390,3285,359561,2885
STX엔진,5130,5060,5220,5030,24200,5130
대림산업우,31350,30900,31600,30550,16788,31050
삼성물산우B,71700,71500,72100,70700,15668,71600
KODEX 단기변동금리부채권액티브,101955,101955,101955,101955,0,101970
이아이디,206,202,211,202,5870644,210
서원,2615,2605,2690,2570,4724637,2425
STX,5850,5510,6060,5340,71259,5800
삼일제약,17450,17400,17900,17350,32135,17400
