삼성전자,49250,49400,49700,48700,26890124,49850
SK하이닉스,81300,80600,82200,80200,5078686,83900
삼성바이오로직스,579000,568000,583000,557000,987325,580000
삼성전자우,42650,42600,43150,42000,2110942,42950
NAVER,178500,180500,181500,173500,758687,182000
셀트리온,212000,213000,218000,207000,1774847,214000
LG화학,354000,348000,359500,343500,709266,355000
LG생활건강,1299000,1262000,1310000,1228000,91181,1337000
현대차,93500,96100,96500,91300,3617534,92600
삼성SDI,283000,278500,285500,274000,1094889,285500
삼성물산,93900,94900,95900,92500,569994,97000
SK텔레콤,209500,203000,209500,201500,448613,214500
현대모비스,176500,178500,179000,173000,379981,176500
카카오,175500,176500,177500,168500,1228106,177000
엔씨소프트,642000,644000,650000,620000,123985,677000
POSCO,171000,173500,175000,168500,558964,170000
한국전력,21500,21850,22250,20500,6476049,22400
신한지주,27700,28000,28150,27200,2548406,27600
KB금융,31700,31700,32100,31000,2352834,31500
SK,183000,185500,187500,178500,330017,184000
삼성에스디에스,165500,165500,170500,161000,300754,166000
기아차,28850,29000,29100,28150,2436518,28400
KT&G,78000,77500,78100,76100,630154,79000
LG,62300,60600,62300,59600,322637,62100
아모레퍼시픽,172000,176000,178500,164000,487846,175000
삼성생명,47550,48100,48250,46300,825918,47350
SK이노베이션,98500,97500,101000,95300,969955,96300
삼성화재,186500,189000,191500,182000,138508,185000
LG전자,52600,53400,53500,51700,1022834,52400
삼성전기,110000,110500,112500,106000,1241226,112000
넷마블,92500,93500,94800,90500,413284,91500
S-Oil,68300,65200,68400,65000,1205878,67900
고려아연,396000,399500,401500,388500,49668,395500
하나금융지주,23750,24250,24450,23400,2822011,23700
롯데케미칼,203500,207500,208000,194000,263447,202000
KT,22800,23000,23350,22400,1461383,23200
우리금융지주,7940,8060,8100,7800,2856734,7970
KODEX 200,25330,25490,25595,24910,17161645,25550
LG유플러스,12350,12300,12550,12100,2255381,12650
한국조선해양,77000,79700,80400,76000,755757,75700
강원랜드,24650,24300,24650,23350,1172621,24800
한진칼,81500,80400,91200,75600,6662064,83000
한온시스템,9180,9330,9470,9010,1175135,9030
아모레G,58700,60700,60800,56700,235334,58300
오리온,112500,113500,116500,110500,191037,118500
코웨이,59500,60000,60800,58100,283896,59900
기업은행,7480,7560,7620,7400,3407224,7340
맥쿼리인프라,11200,11150,11200,11050,841106,11400
현대글로비스,100500,103000,103500,99000,165971,99900
현대중공업지주,224500,229500,231500,221500,78186,221000
CJ제일제당,233500,233000,235500,227500,57738,236000
GS,37850,37700,38300,37250,281506,37350
미래에셋대우,5230,5270,5330,5120,3943809,5210
CJ대한통운,142500,145500,145500,138500,67360,148000
포스코케미칼,51600,51700,53000,49000,593183,53200
KODEX 레버리지,9680,9765,9880,9350,184967511,9855
삼성카드,28050,28500,28600,27800,155759,27750
에스원,83300,83500,84700,82400,72083,84600
유한양행,46500,46850,47400,45600,487652,47200
이마트,110500,113500,114000,109000,274706,111000
LG이노텍,128000,130000,131000,125500,253802,129500
한미약품,258500,265000,268000,251500,65592,257500
호텔신라,77900,78500,79600,75800,811607,77600
대림산업,81400,82400,84200,75300,767210,85200
TIGER 200,25370,25435,25600,24925,3495233,25610
DB손해보험,39850,37500,39900,37450,413700,41300
롯데지주,26600,27350,27550,25900,252287,26400
쌍용양회,5010,5000,5080,4770,1845885,5440
더존비즈온,89800,90300,92500,85700,289194,89500
삼성중공업,4160,4225,4245,4050,8519753,4195
한국금융지주,47450,47200,48550,46050,325175,46900
한국타이어앤테크놀로지,21300,21250,22000,20800,388294,20900
BGF리테일,143000,146500,148500,139500,48997,146500
현대제철,19400,19750,20000,19000,1039598,18900
삼성증권,27850,28000,28400,27300,584194,27850
신세계,259500,256500,262000,250000,144225,252000
NH투자증권,8720,8800,8890,8620,1810104,8760
두산밥캣,24450,24650,25050,22850,1105555,24450
롯데쇼핑,86700,88100,88200,85000,186340,86300
한국가스공사,26700,27300,27300,25500,483675,25900
GS리테일,31200,31600,31900,30600,220892,30950
한국항공우주,24900,23600,28800,23050,7893266,24000
한화솔루션,14400,14500,14700,13850,1274838,13950
현대해상,24400,24400,24750,23650,353005,24350
현대차2우B,59700,61300,61300,59000,86347,59200
삼성엔지니어링,11000,11000,11200,10700,2174070,10950
KODEX 200선물인버스2X,7100,7040,7345,6960,356308788,6965
CJ,70700,72200,72700,69700,100508,71300
하이트진로,28750,29050,29050,28300,311723,29500
금호석유,65800,67800,69200,65600,217976,67000
휠라홀딩스,33750,33100,34150,32100,589488,33300
GS건설,24200,24400,24650,23250,902761,25100
SKC,53800,51300,54000,48550,985413,53000
제일기획,16650,17000,17000,16250,1116793,16700
오뚜기,526000,536000,539000,517000,5873,532000
일진머티리얼즈,40500,40300,41300,37500,1222796,40650
대우조선해양,16500,16200,16500,15500,367516,17350
부광약품,28550,29600,29900,26800,10124646,27850
한미사이언스,27300,28500,28550,26350,158527,27100
F&F,111000,111500,114000,108000,114769,114500
농심,283500,289000,291000,278000,34082,289000
녹십자,144000,148500,149500,139500,135280,149000
현대엘리베이,62900,66700,68800,57300,1917229,63600
KODEX 단기채권,102190,102190,102195,102190,9596,102190
팬오션,3270,3290,3345,3120,1770976,3205
한샘,71300,68000,72000,67000,356129,70900
동서,16550,17000,17300,16200,116513,16500
포스코인터내셔널,12950,13100,13300,12650,387322,12950
현대백화점,66300,67700,68100,65700,118215,68200
키움증권,71300,72100,73100,69400,276314,71900
메리츠화재,13900,13850,13900,13400,150685,13700
현대로템,17900,18250,20050,15450,28204054,18250
BNK금융지주,4695,4780,4795,4635,1255774,4675
TIGER 단기통안채,100435,100440,100440,100430,896044,100430
LG생활건강우,699000,695000,723000,669000,7247,718000
한화생명,1745,1755,1830,1610,14208477,1725
신세계인터내셔날,206500,205000,208000,195000,67182,208500
KG동부제철,16750,16700,18750,16400,212973,14500
한전KPS,31650,31500,32250,30800,124335,31950
NHN,72600,73000,74600,70000,99121,73400
대우건설,3310,3350,3405,3205,2031720,3445
효성,65300,66300,66700,64500,70995,66500
현대차우,57400,57900,57900,56200,167004,56900
KBSTAR 200,25300,25410,25540,24845,538258,25535
대웅제약,107000,114000,114500,101500,249932,116000
한화,17900,17850,21000,17500,1899218,17800
SK네트웍스,5120,5060,5150,4905,1637575,5340
메리츠금융지주,9560,9730,9730,9390,28219,9420
한올바이오파마,24450,24800,25000,23250,706682,25100
KCC,139500,143000,144000,135500,60249,144500
LG화학우,166000,166500,172500,163000,44828,165500
파미셀,23650,23000,25000,20750,34277510,21200
HDC현대산업개발,18750,19150,19450,17700,1004715,18750
KODEX 코스닥150 레버리지,7285,7390,7565,6805,68880633,7455
한화에어로스페이스,24650,23400,29500,22500,5889281,24150
KODEX 종합채권(AA-이상)액티브,109685,109750,109805,109335,57138,109395
현대미포조선,29200,30050,30150,28100,422823,29000
HMM,3685,3755,3830,3455,3759167,3650
LS,35950,35350,36450,34400,251837,35600
LS ELECTRIC,38200,38950,39350,37450,125175,37950
이노션,58300,61800,61800,57100,68253,56700
DB하이텍,24300,23500,24350,22750,1398988,25500
만도,24350,25050,25150,23600,473149,23650
태영건설,14050,14100,14350,13350,367517,14450
KODEX 200TR,7980,8000,8040,7825,2781071,8060
두산솔루스,34750,33200,35450,31000,4552451,33500
지누스,72300,74200,75700,68100,181146,71400
종근당,91900,92300,93300,89300,42911,93000
두산중공업,4040,4115,4250,3800,4883990,3985
KODEX 인버스,7055,7035,7185,6990,72060048,6995
코리안리,8140,8100,8150,7780,392710,8270
신풍제약,18350,19300,20000,16500,9695032,18700
더블유게임즈,53300,53100,54100,49600,314836,54000
녹십자홀딩스,20550,21300,21550,20100,141203,20650
한국콜마,42400,43250,43400,40000,278129,42300
TIGER TOP10,8195,8215,8250,8070,5808,8285
TRUE 코스피 양매도 5% OTM ETN,9735,9740,9750,9680,4950,9725
아시아나항공,4070,3940,4175,3810,5053488,4255
영진약품,5270,5040,5410,4815,5808354,5190
KODEX 삼성그룹,6330,6305,6395,6185,277877,6385
한솔케미칼,82500,85000,85000,80100,97917,83000
OCI,39150,39550,39900,37900,188847,39100
영풍,509000,511000,513000,500000,1973,503000
SK케미칼,77700,80000,80500,74000,425258,78900
롯데리츠,5180,5200,5210,5070,443975,5370
GKL,14800,15200,15250,14250,528774,14900
HANARO 200,25310,25335,25550,24885,133041,25555
한화시스템,8290,8160,9700,7970,10739582,8130
현대위아,33300,33700,33750,32050,262118,32700
두산인프라코어,4370,4500,4525,4210,4330506,4265
한국테크놀로지그룹,9590,9710,9750,9420,100275,9520
금호타이어,3125,3220,3225,3050,642617,3040
코스맥스,84400,86000,86100,81000,142711,85300
JB금융지주,4370,4430,4430,4285,275848,4335
롯데정밀화학,33000,33350,33850,32500,95038,33000
오리온홀딩스,13500,13650,13800,13150,193933,13300
대한유화,120000,118000,124500,111500,133884,127000
현대오토에버,38400,39000,39350,36750,50537,38800
DGB금융지주,4860,4900,4965,4785,1033015,4800
현대홈쇼핑,67300,67100,68000,64500,60910,66900
태광산업,727000,751000,759000,723000,2701,717000
코오롱인더,28800,29300,29600,28100,546951,29250
롯데칠성,98300,98800,99400,95000,37759,98400
삼양식품,98400,98900,98900,95000,60237,102500
쿠쿠홈시스,34300,35700,35700,33650,39647,34350
KODEX 단기채권PLUS,102270,102265,102275,102265,5263,102270
동원산업,196000,195500,196500,189500,3391,203000
롯데관광개발,10600,11000,11200,10150,495078,10750
롯데제과,118000,120000,120000,114000,6497,115000
KODEX MSCI Korea TR,8005,8065,8065,7850,422621,8035
NICE,19250,19000,19250,18400,28055,19300
아이에스동서,22900,24000,24050,22550,117499,23000
동아에스티,85800,88800,88900,84600,30727,84000
애경산업,26650,26700,26900,24850,146546,26650
아주캐피탈,12000,12100,12200,11600,37982,12150
동원F&B,179500,179500,180500,173000,7220,179500
아모레퍼시픽우,64100,65100,65100,61400,45485,64400
다우기술,15400,15950,15950,15000,192603,15150
SK가스,75500,75800,75900,74000,15891,74200
대상,19050,19100,19250,18450,282750,18900
JW중외제약,29650,31000,31050,28200,500504,31150
휴켐스,16200,16750,16800,16050,136934,15850
미래에셋생명,3750,3765,3800,3580,110511,3640
일양약품,33900,35200,35500,31100,574512,33650
한전기술,16650,16850,17000,16000,221685,16550
QV 코스피 변동성 매칭형 양매도 ETN,8895,8895,8895,8895,0,8920
후성,6750,6860,6890,6410,1169523,6740
대덕전자,7960,7960,8080,7730,557187,7960
KODEX WTI원유선물(H),5655,5700,6025,5605,82608558,3960
한일현대시멘트,31400,32300,34950,28300,305990,36550
ARIRANG 200,25450,25530,25655,24995,379006,25700
두산,37850,38200,38600,36550,122466,37000
SPC삼립,69900,72100,72100,68400,25661,70100
에스엘,12950,13350,13350,12650,96131,12450
한진중공업,6110,4700,6110,4580,3368396,7190
한진,48700,45850,50400,43450,758066,49400
쿠쿠홀딩스,84600,86900,87900,83500,7238,82800
풍산,20700,20100,24900,19800,3089556,20850
락앤락,10650,11200,11350,10300,467228,10700
TIGER MSCI Korea TR,10055,10065,10070,9850,49247,10150
KINDEX 200,25520,25585,25750,25055,676901,25735
종근당홀딩스,112500,113500,114500,107500,18867,113500
하나투어,41000,41750,41750,39450,182523,40750
제이콘텐트리,33400,34450,34450,32000,170506,34600
대한전선,640,648,650,600,2833028,653
넥센타이어,5730,5890,5890,5610,707062,5660
한섬,22600,23250,23500,22050,164804,22400
빙그레,55900,55500,56000,53100,87765,55700
보령제약,12350,12550,12800,11750,557108,12250
동원시스템즈,21050,21500,21900,20600,28849,21050
HDC,8800,9000,9070,8510,560522,8990
동아쏘시오홀딩스,87300,89700,89800,86700,15837,86900
남선알미늄,4695,4435,4820,4250,47286409,4810
제주항공,19800,20150,20400,18500,399060,20100
효성티앤씨,118500,119500,120000,113000,9121,122000
CJ CGV,25050,25000,25350,23600,481619,24950
KOSEF 200,25645,25695,25860,25200,136872,25885
LIG넥스원,23650,23150,28350,22650,2016250,23350
KODEX 코스닥 150,9920,10005,10100,9590,6558080,10020
삼화콘덴서,48350,48900,49200,46200,335116,48400
롯데하이마트,21500,22100,22400,20750,116506,21200
S&T모티브,34800,35400,35400,34100,68787,33800
씨에스윈드,29150,30250,30250,28300,38215,28300
영원무역홀딩스,35000,35200,35600,34400,5419,35300
롯데정보통신,31300,31500,31950,29800,44750,30950
LG상사,12250,12550,12650,12050,359785,12250
동양생명,2915,2950,2965,2780,176366,2940
KODEX 코스닥150선물인버스,7400,7345,7650,7265,97294227,7315
유안타증권,2340,2375,2375,2255,647508,2370
KODEX Top5PlusTR,11470,11610,11610,11345,13960,11635
현대에이치씨엔,4190,4055,4190,3650,917926,4140
삼성 코스피 양매도 5% OTM ETN,9305,9290,9305,9290,20,9320
SK디스커버리,24800,25350,25450,23300,277938,24400
대신증권,9090,9220,9220,8960,197144,9080
진원생명과학,13800,14450,14500,12000,6374052,13850
경동나비엔,36100,36600,36800,33900,115000,35350
대한해운,18000,17850,18100,16800,149561,18250
SK디앤디,22850,23650,23900,22550,95413,23300
한세실업,10900,10950,11150,10450,161260,10850
한국토지신탁,1755,1770,1775,1700,756895,1710
롯데손해보험,1415,1470,1475,1375,662422,1390
두산퓨얼셀,7880,8180,8320,7420,2766964,7760
KODEX 코스피,19265,19265,19430,18840,89018,19390
화승인더,7610,7670,7710,7200,1564164,7640
덴티움,37550,37400,37850,35800,85237,37950
신영증권,45400,46400,46400,44400,4866,44750
풀무원,10800,10750,10900,10000,203499,11000
삼성화재우,134000,133000,135000,129500,10027,130500
삼양홀딩스,49700,51000,51900,49100,25543,48150
대교,4755,4800,4820,4500,327753,4845
한미반도체,7800,7770,7900,7530,256166,7900
지역난방공사,36050,36000,36050,34700,16123,35050
이월드,4260,4215,4500,3850,6465693,4235
미래에셋대우2우B,2890,2920,2950,2870,481370,2850
롯데푸드,354500,355500,355500,342000,3517,350000
남해화학,7810,8120,8350,7300,890665,7920
미원에스씨,74400,74200,75500,74200,421,74400
한국콜마홀딩스,21800,22300,22600,20100,181255,21800
BGF,4125,4250,4275,4045,518052,4060
제일약품,26000,26300,26800,24100,39503,25950
SMART 200TR,8285,8405,8405,8140,31820,8385
동국제강,4040,4075,4105,3900,448163,3965
세방전지,27350,28400,28400,26800,62847,27000
KINDEX 단기통안채,100555,100555,100555,100550,519,100555
맵스리얼티1,4090,4130,4130,4030,145757,4020
한일시멘트,83700,86200,89000,79200,24024,89900
부산가스,33450,33450,33500,33000,1557,33650
TIGER 단기채권액티브,50250,50250,50255,50250,1171,50250
드림텍,5800,5300,5800,5060,3017094,5820
우리종금,538,542,556,517,2769139,535
삼양사,35400,36500,36500,34000,32624,34850
현대건설기계,17800,18250,18400,17150,263257,18150
스카이라이프,7090,7260,7260,6900,108656,7440
LG하우시스,39100,39900,40000,38150,53645,39200
LG전자우,20450,20800,20850,20000,77066,20450
KOSEF 200TR,28945,29075,29185,28450,16667,29220
웅진씽크빅,2620,2655,2660,2515,1268083,2605
LF,12100,12500,12600,11950,190391,11950
아이마켓코리아,9520,9890,9890,9260,67072,9690
디피씨,7900,8140,8280,7500,5734471,8320
에이프로젠 KIC,2195,2325,2330,2095,6099327,2245
율촌화학,13300,13400,13550,12900,84031,13950
케이씨텍,17300,17450,18000,16800,128356,17400
일진다이아,24450,24700,25200,22550,482708,24150
TIGER 200 IT,20955,20855,21050,20500,182467,21215
HANARO 단기통안채,102475,102485,102485,102475,10,102475
서울가스,68600,72000,72100,67600,463,68100
유니드,38500,39250,39600,37750,21411,38050
KODEX 선진국MSCI World,13310,13300,13475,13185,20056,13065
농심홀딩스,72500,72900,73900,70800,4805,72400
TIGER 코스닥150,9940,9960,10110,9600,2841356,10045
삼진제약,24200,24450,24600,22950,101731,24050
LG헬로비전,4340,4425,4425,4100,460894,4310
한화투자증권,1540,1575,1580,1470,1211202,1555
SBS,18300,18900,19050,17750,207617,18250
이리츠코크렙,5260,5390,5390,5100,113526,5250
JW홀딩스,4930,5040,5060,4735,294784,4970
한국쉘석유,251000,253500,256000,247000,3243,251500
효성첨단소재,73100,74400,75300,71000,38009,72900
에이프로젠제약,1310,1385,1390,1255,14417741,1345
효성화학,103000,100500,104500,96000,65132,101500
퍼시스,28750,28050,29450,26250,5311,28000
잇츠한불,14650,15000,15350,13900,93788,14600
도화엔지니어링,9240,9550,9950,7980,1269620,9490
진에어,10700,10750,11000,10200,440088,10650
신영증권우,45350,45700,45700,45300,3953,45100
한솔제지,13350,13350,13550,12800,162610,13300
송원산업,12700,11950,12750,11550,646043,13100
광동제약,6070,6050,6160,5830,361209,5990
삼호,20050,19750,20450,19550,38189,20600
미원상사,60900,62100,62100,60000,3042,61500
신한알파리츠,6520,6640,6640,6410,122347,6400
진흥기업,2070,2070,2140,1960,268625,2095
세아베스틸,8810,9160,9160,8750,166366,8480
한독,22000,22200,22550,21150,88250,21900
일동제약,12700,13100,13100,12300,90074,12650
동화약품,10450,8240,10450,8220,11147480,10750
대원제약,14850,15100,15150,14200,77603,14750
현대일렉트릭,8040,7760,8250,7310,599636,8270
동양,1200,1240,1250,1150,1828334,1245
조선내화,73000,73900,74000,71700,2655,74000
AK홀딩스,21800,22100,22500,21200,57606,22050
SK렌터카,8300,8530,8610,7500,98760,8130
동성제약,11200,11350,11550,10550,380563,11150
삼천리,70500,72100,72100,68900,5033,71400
SK증권,608,616,617,588,4881166,610
경방,10750,10200,11150,10050,423189,10500
유나이티드제약,17750,19500,19850,16750,1119299,17500
에이블씨엔씨,10200,10200,10800,9940,651712,10400
고려제강,14500,15150,15200,14300,32655,14050
경인양행,6880,7000,7060,6400,1068727,6870
아세아시멘트,64400,68000,69300,62500,48650,71300
조광피혁,42000,42200,42800,41200,2829,41600
경농,12300,13150,13600,11100,1349966,12700
한국카본,5950,6030,6080,5730,668789,6220
금호산업,7340,7450,7620,7120,252464,7580
하이트진로홀딩스,11750,11950,12100,11450,24327,11750
한국자산신탁,2190,2225,2235,2090,594790,2170
아모레G3우(전환),37800,38750,38750,37000,8158,37700
환인제약,14350,14650,14700,13900,41962,14350
신도리코,25500,25750,25850,24850,12725,26450
코스모신소재,9100,9100,9360,8650,705511,9070
인스코비,2705,2820,2885,2545,1531262,2705
태림포장,3675,3790,3790,3420,1029504,3695
KBSTAR 대형고배당10TR,9655,9725,9735,9515,5187,9770
센트랄모텍,30300,30600,31100,29100,464874,30300
SBS미디어홀딩스,1855,1890,1895,1810,138699,1850
모나리자,6840,7100,7120,6400,3611921,7010
아세아제지,28750,29000,29400,27300,61796,28600
신한 인버스 2X WTI원유 선물 ETN(H),13245,12825,13500,11400,3286881,21185
삼성제약,4110,4245,4325,3850,3124744,4125
엔에스쇼핑,7540,7560,7610,7190,52751,7530
세아홀딩스,64500,66200,66200,63000,526,63200
JW생명과학,15700,16000,16300,15200,115566,15850
한일홀딩스,40000,40600,40600,39450,7917,41850
삼영무역,13400,12900,13400,12550,24439,13550
코리아오토글라스,12600,12850,12850,12300,79192,12500
삼성SDI우,151500,149500,156000,148000,37972,152500
엘브이엠씨홀딩스,4805,4945,5010,4435,629210,4780
일성신약,93000,95500,97100,89000,11596,91700
코오롱,19500,19850,20550,18200,514985,19150
KBSTAR 코스피,19115,19160,19240,18755,764,19285
디티알오토모티브,24200,24050,24350,23250,14741,24000
쌍용차,1555,1590,1595,1455,2026078,1590
한화손해보험,2040,2085,2085,2000,433005,2040
한국화장품,14500,15150,15300,13650,1128300,14800
KPX케미칼,48400,48600,48600,47100,1026,48900
넥센,4440,4590,4590,4290,80440,4415
해성디에스,13950,14400,14400,13500,124883,13900
모토닉,7200,7470,7470,6970,30723,7160
국도화학,39950,41750,41750,39800,9355,40000
용평리조트,4755,5080,5320,4100,1699076,4810
교보증권,6460,6520,6590,6300,181529,6400
삼양패키징,15600,15800,15800,15150,34412,16150
남양유업,323500,332000,334000,319500,2423,316500
E1,33900,34850,34850,33350,18687,33100
넥스트사이언스,7320,7090,7380,6530,1516775,7080
IHQ,1510,1530,1560,1400,1966886,1535
광주신세계,142000,142500,143000,141000,415,140000
삼성출판사,22250,23150,23650,21300,464367,22350
성신양회,7380,7700,8070,6620,1527253,9100
현대차증권,7520,7560,7640,7310,144255,7560
S&T홀딩스,13800,14450,14450,13600,36707,13600
TIGER 원유선물Enhanced(H),1650,1635,1680,1630,17499190,1350
신대양제지,54700,54300,55000,52600,16166,54700
제일파마홀딩스,13550,14000,14150,12950,103601,13750
풍산홀딩스,28050,28400,32950,27050,96057,28000
동아지질,16100,17300,17700,14600,1327615,19050
삼성 레버리지 WTI원유 선물 ETN,2085,0,0,0,0,2085
하나 코스피 변동성추세 추종 양매도 ETN,8750,8750,8750,8750,0,8750
애경유화,6750,6990,6990,6300,202757,6740
LS전선아시아,7050,7300,7310,6670,315906,6980
삼익THK,10100,10400,10400,9850,78085,10150
대상홀딩스,5810,6040,6060,5650,294411,5830
CJ4우(전환),50400,50600,51200,49550,14746,49950
토니모리,11550,12000,12250,11050,514848,11950
TIGER 차이나CSI300레버리지(합성),17930,18015,18300,17805,122766,18250
대신증권우,8000,7980,8080,7910,122780,8060
현대리바트,9730,9550,9820,9300,257406,10150
에어부산,3880,3875,3995,3710,582057,4000
대한제분,123000,122500,123500,118000,5543,122500
신세계푸드,54000,53300,54000,50400,29666,53300
코스모화학,7860,8000,8190,7550,678660,7860
나노메딕스,5420,5560,5690,5010,1684492,5500
이연제약,11950,12450,12550,11050,110781,12200
한국주철관,8940,8900,9100,8410,98281,8960
케이씨씨글라스,24100,24900,24900,22700,170670,24450
해태제과식품,6890,7050,7100,6600,78041,6940
예스코홀딩스,33600,33200,33600,33000,1024,33300
KOSEF 국고채10년,125975,126270,126315,125200,10425,125120
무림P&P,3190,3300,3330,3090,214288,3150
일신석재,2440,2620,2815,2130,32083773,2525
유진투자증권,1980,1970,2000,1905,517420,2010
현대상사,14400,15400,16100,13000,442534,14700
ARIRANG 고배당주,8675,8785,8795,8510,66414,8690
효성ITX,16400,15650,16900,15400,375301,16550
삼성 인버스 2X 천연가스 선물 ETN,17705,16750,17720,16710,64099,19085
신한 레버리지 WTI원유 선물 ETN(H),905,1200,1225,860,259094390,650
TIGER 차이나CSI300,8630,8745,8785,8590,678507,8725
TIGER 미국나스닥100,47990,47640,48345,47600,86687,47100
코오롱글로벌,7370,7570,7580,7240,204425,7450
KINDEX 중국본토CSI300,23110,22920,23300,22905,2208,23050
QV 코스피 양매도 5% OTM ETN,9275,9275,9275,9275,0,9300
신세계 I&C,109000,108500,109500,104500,12333,108000
티웨이항공,3810,3840,4000,3505,598481,3930
KISCO홀딩스,10150,9920,10300,9860,18798,9910
ARIRANG 단기유동성,111685,111685,111685,111685,0,111690
대원강업,2920,3030,3050,2850,43727,2920
KPX홀딩스,43550,43800,44350,42450,3042,42850
케이씨,13550,13800,13900,13150,38246,13250
일진홀딩스,3665,3755,3800,3520,335884,3635
동부건설,7930,8050,8300,7430,98551,8210
경보제약,7440,7660,7680,7320,78421,7440
부국증권,16850,17000,17950,16700,32881,17150
세화아이엠씨,2990,0,0,0,0,2990
휴비스,5200,5300,5330,4930,384325,5140
S&T중공업,5400,5490,5990,5340,589942,5300
아세아,79500,82100,82500,78300,5924,80100
한국철강,3870,3880,4005,3710,98849,3800
한국금융지주우,30200,30750,30750,29500,33624,29800
신한 인버스 2X 천연가스 선물 ETN(H),8075,7680,8105,7655,302930,8680
유니퀘스트,6030,6000,6100,5500,244826,6370
아시아나IDT,14750,14300,15200,13000,336345,15600
한솔테크닉스,5340,5520,5520,5150,434619,5370
선진,7170,7210,7290,6570,65948,7210
KG케미칼,12650,12650,13100,11850,312928,13150
종근당바이오,30450,31000,31150,29050,128818,30900
KINDEX 베트남VN30(합성),11075,11490,11490,11005,58315,11055
KBSTAR 코스닥150,9790,9835,9940,9485,26726,9890
무학,5980,6040,6080,5730,87222,5900
동성코퍼레이션,3555,3555,3590,3400,65567,3655
세방,8610,8820,8820,8480,16217,8580
한국화장품제조,35650,36750,37850,33900,293358,36300
TIGER 중국소비테마,6135,6170,6210,5940,84977,6165
부산산업,149500,157000,171000,126500,540560,154000
KSS해운,6980,7050,7050,6790,45765,6990
AJ네트웍스,3480,3545,3545,3320,134064,3440
세원셀론텍,2665,2740,2780,2505,539893,2640
흥국화재,2390,2425,2520,2305,112445,2455
유수홀딩스,6000,6050,6130,5800,48774,6020
한국패러랠,1950,1950,1955,1940,16710,1955
대성홀딩스,9830,9740,9850,9400,48909,9720
신성통상,1055,1065,1120,1000,4007007,1070
KODEX 골드선물(H),12075,12060,12075,12020,323781,12035
한신공영,12250,12500,12700,11800,49766,13200
SIMPAC,2340,2425,2425,2300,109406,2330
S-Oil우,38350,37550,38750,37000,28606,37850
효성중공업,16600,17350,17350,16150,129414,16300
LS네트웍스,1870,1900,1950,1845,136228,1925
노루페인트,7140,7440,8100,6840,1031701,7580
신성이엔지,886,905,910,876,1477249,870
삼양통상,50900,50600,50900,48450,5998,50200
대한제강,5980,6000,6000,5680,76298,6100
동아타이어,11000,11200,11200,10850,1079,10900
신라교역,9300,9470,9470,9200,33750,9330
HANARO 200TR,28980,28865,29215,28510,223,29250
삼성전기우,50600,51700,52400,49800,35359,51200
대한제당,16900,17000,17100,16600,9617,16550
팜스코,4015,4070,4075,3670,128862,4015
남광토건,13950,11200,13950,11100,2917300,14950
DI동일,59600,60800,61700,58100,10740,59400
이수화학,9630,9950,10150,9060,912283,9480
TIGER 헬스케어,32025,32035,32500,30855,138297,32140
TIGER 글로벌4차산업혁신기술(합성 H),11635,11730,11745,11465,43110,11445
신한 레버리지 천연가스 선물 ETN(H),3770,3955,3975,3730,2210545,3515
계룡건설,15350,15300,16000,14600,42196,16100
코스맥스비티아이,14400,15000,15000,13550,35062,14950
삼영전자,7130,7250,7320,7090,31751,7160
TIGER 경기방어,9930,9935,10000,9630,45640,10090
DB,705,699,716,669,1594826,710
알루코,1900,1965,1970,1795,577803,1905
삼호개발,5280,4800,5650,4580,9306264,5660
사조산업,28000,28100,28700,26350,26481,28150
신원,1660,1730,1820,1460,9466458,1650
LG우,42300,42300,42650,41000,7485,42300
한솔홀딩스,2970,3030,3035,2905,93521,2970
미래에셋 코스피 양매도 5% OTM ETN,9320,9320,9320,9320,0,9330
현대약품,4285,4315,4440,4140,777481,4340
이수페타시스,3140,2955,3180,2830,1487709,3365
현대차3우B,57500,58600,58600,56100,13765,57100
CJ씨푸드,3870,3940,3985,3550,4345464,3850
텔코웨어,14150,13800,14350,13000,51723,14200
삼화페인트,4990,5270,5650,4825,381993,5210
한국공항,44350,43700,47500,39350,361113,43400
KTB투자증권,2200,2230,2240,2100,150157,2245
아모레G우,20850,21250,21450,20100,21122,20800
대성산업,3035,3235,3255,2955,243917,2955
한창제지,2255,2225,2350,2015,12663993,2235
HDC아이콘트롤스,7980,8250,8820,7710,318956,8080
DB금융투자,3130,3180,3190,3070,220652,3125
삼광글라스,26300,26850,26850,25500,17961,27250
태경산업,4605,4570,4640,4305,94250,4520
NH투자증권우,7030,7070,7070,6930,87398,7000
HANARO MSCI Korea TR,10055,10045,10145,9920,50,10155
쌍방울,958,996,999,899,4345927,946
국제약품,7180,7760,7790,6550,4131300,7160
명문제약,5300,5500,5590,4935,2079842,5320
깨끗한나라,3505,3685,3685,3315,1149753,3515
삼익악기,1445,1480,1500,1375,891448,1445
GS글로벌,1585,1630,1655,1500,710122,1585
CJ제일제당 우,99200,99700,100500,96400,6757,98500
고려개발,8450,8400,8750,7760,61048,8570
유화증권,2285,2300,2300,2270,28045,2295
SG세계물산,644,670,672,605,2158252,642
마니커,811,833,833,750,7393649,819
자화전자,7250,7430,7500,6920,182070,7240
동양철관,1040,1105,1200,920,9297297,1090
KBSTAR 코스닥150선물레버리지,7195,7325,7475,6730,152970,7340
한라,3220,2885,3660,2840,6822646,3330
TIGER 미국S&P500선물(H),32640,32825,32965,32300,142081,32125
대림산업우,32550,33400,33700,30900,20793,33750
신일전자,1810,1845,1850,1670,4027588,1805
진양홀딩스,2280,2290,2305,2265,69540,2290
사조동아원,895,947,948,853,2793957,906
샘표식품,28000,28100,28600,26600,12604,27900
동양물산,1010,1040,1055,965,4353795,1010
크라운해태홀딩스,8500,8670,9000,7900,77086,8560
아남전자,1640,1655,1705,1500,1508467,1640
대성에너지,4600,4625,4630,4555,30618,4575
백산,5260,5490,5490,5000,403656,5190
일신방직,52600,54200,54200,51600,3408,52100
HDC현대EP,3870,3770,3940,3630,491529,3910
STX엔진,5570,5500,5740,5270,20822,5410
비티원,3220,3400,3400,3020,485469,3125
노루홀딩스,9290,9400,9800,9170,19682,9300
KODEX 배당가치,8405,8430,8430,8270,229,8455
코오롱플라스틱,3125,3230,3245,3045,315980,3225
NPC,3320,3405,3460,3200,46260,3300
디씨엠,10450,10500,10700,10200,26321,10350
백광산업,2710,2750,2805,2460,2413224,2695
한국ANKOR유전,1720,1720,1725,1715,1009,1725
BYC,192000,191500,193500,182500,1022,193000
사조대림,13100,13450,13500,12750,31958,13150
서원,2455,2460,2585,2275,3588690,2530
대신 골드 커버드콜 타겟 5%인컴 ETN(H),11925,11890,11925,11885,141,11930
두산우,31200,31800,31800,30000,31129,29750
삼성물산우B,71700,72600,73300,69400,11169,73000
동일산업,49300,49000,49500,48250,6363,48950
이아이디,219,226,226,204,10470240,215
카프로,2990,3025,3125,2820,591424,2935
KODEX 단기변동금리부채권액티브,101945,101945,101945,101945,2,101945
삼일제약,17650,18200,18250,16600,78767,17850
대우부품,2435,2340,2505,2155,14910986,2435
벽산,1450,1465,1525,1360,1223783,1690
세아제강지주,28250,28700,29200,27250,11448,27700
강남제비스코,16700,16750,17200,16400,26977,17600
인디에프,1895,2045,2135,1665,7419230,1925
삼부토건,819,776,827,660,10192353,821
보해양조,880,915,922,825,5069476,878
자이에스앤디,4180,4320,4320,4000,266587,4150
신한 S&P500 VIX S/T 선물 ETN B,35250,34590,36475,33835,61820,36880
세아제강,39700,40400,41150,38950,5059,39000
S&TC,14850,14950,15350,14400,58300,14600
TIGER 200선물레버리지,7265,7290,7410,7000,2516613,7390
대한화섬,79800,77200,79800,76500,2020,82000
대동공업,4590,4530,4670,4280,254188,4575
삼성 인버스 2X WTI원유 선물 ETN,13555,13435,14350,11600,12681937,21685
세진중공업,2845,2950,2950,2775,132842,2825
상상인증권,1150,1185,1185,1070,179361,1120
코오롱머티리얼,1545,1595,1595,1450,693326,1560
인천도시가스,24250,24750,24750,24000,2495,24350
TIGER 코스피,19150,19320,19380,18820,13493,19325
현대비앤지스틸,7050,6920,7400,6710,71687,7040
화성산업,8500,8740,8750,8310,36685,8480
한진중공업홀딩스,4155,3300,4165,2900,1536630,3560
보락,1755,1800,1805,1665,674131,1750
동남합성,28450,30500,30500,28000,5843,28900
극동유화,3050,3065,3175,2920,890212,2995
써니전자,3015,3120,3190,2810,3864525,3055
HSD엔진,3150,3220,3220,2920,534054,3120
삼성 KTOP30 ETN,10205,10235,10270,10070,125836,10260
디아이,3130,3050,3210,3015,322145,3255
미창석유,58500,58900,58900,56100,4368,58900
화승알앤에이,1585,1615,1620,1525,69343,1585
신세계건설,25000,23850,25300,23000,86479,25550
대한방직,19250,19350,19650,19050,21524,19250
디와이,3875,3980,4000,3705,99796,3870
TIGER 코스닥150 레버리지,7715,7860,8020,7195,1856665,7885
KINDEX 200TR,14855,14820,14985,14620,547,14990
한전산업,3040,3120,3130,3000,100814,3075
경동도시가스,17100,17150,17200,16600,16540,17000
성창기업지주,1425,1410,1435,1330,314459,1425
조선선재,79000,79100,79900,78000,1639,79000
금양,2220,2215,2265,2130,152038,2250
광전자,1700,1740,1740,1655,99554,1705
삼화전기,14550,14950,15050,13700,178585,14900
제주은행,3080,3050,3105,2990,75670,3040
두산솔루스1우,13850,14050,14300,12650,184319,13250
대창,1060,1075,1095,1000,1814335,1070
제이에스코퍼레이션,7440,7600,7600,7250,68741,7220
YG PLUS,1600,1625,1670,1460,2431719,1655
샘표,32700,33350,33700,31600,14127,33300
윌비스,1455,1470,1590,1250,45602230,1510
TIGER 200선물인버스2X,7305,7240,7555,7160,6133024,7155
SH에너지화학,871,883,906,805,3664060,853
미원화학,43200,43200,43500,43000,891,43100
세아특수강,10950,11250,11300,10550,13252,10950
크라운제과,7560,7690,7740,7300,67579,7460
일동홀딩스,8090,8300,8300,7970,7210,8090
유니켐,1375,1430,1435,1315,652045,1375
티웨이홀딩스,1185,1235,1255,1140,792091,1210
세이브존I&C,2275,2290,2320,2180,50009,2245
조비,16850,18450,18550,15050,435145,17700
비상교육,7170,7300,7390,6850,132284,7060
콤텍시스템,1275,1310,1320,1210,1586449,1345
다스코,5580,5970,6130,5200,491376,5920
우성사료,2950,3070,3130,2770,1880694,2950
TIGER 미국S&P500레버리지(합성 H),14115,14260,14435,13815,180212,13745
NH프라임리츠,4800,4810,4850,4480,51527,4855
금호에이치티,3530,3540,3630,3270,95394,3515
세종공업,4010,4100,4130,3780,205164,4010
제이준코스메틱,2990,3150,3200,2835,2115517,2950
호전실업,11300,11400,11400,11050,2681,11250
태평양물산,1685,1780,1795,1635,1109886,1800
KODEX 은선물(H),3350,3365,3370,3325,686490,3220
한창,2525,2625,2885,2130,22849221,2570
퍼스텍,2005,1820,2325,1750,28179192,1910
광명전기,2020,2100,2160,1885,1652103,2060
신흥,9380,9400,9400,9260,1593,9260
ARIRANG 코스피50,17640,17630,17780,17340,2030,17830
SK이노베이션우,71400,72000,73300,70000,15608,70200
우리들휴브레인,2490,2600,2600,2340,2019954,2440
KB 코스피 마운틴 ETN,8755,8755,8755,8755,0,8755
웰바이오텍,2005,2070,2085,1865,628813,2030
KEC,756,767,772,725,1130008,747
영흥,969,985,1010,915,1015389,1010
기신정기,2990,3035,3050,2900,86940,2960
일진전기,2300,2380,2480,2160,359328,2330
서연이화,3195,3300,3300,3030,144825,3195
KODEX Fn성장,11035,11045,11045,10740,6136,11190
테이팩스,17800,17500,18350,16550,38836,18250
무림페이퍼,2020,2085,2100,1955,155732,2055
삼화왕관,40300,40350,40350,39900,326,39450
대호에이엘,3000,2930,3400,2575,9985540,3130
우리들제약,6500,6620,6750,6080,717352,6430
동성화학,15700,16000,16000,15150,33342,15750
수산중공업,1435,1495,1540,1370,1470382,1555
디와이파워,7660,7990,8050,7200,200199,7580
CJ우,37300,38200,38200,36150,7663,36950
KODEX 국고채3년,57695,57700,57740,57595,2402,57670
키다리스튜디오,4780,4805,4890,4400,194965,4890
한미글로벌,7510,7870,7990,7210,115922,7560
KODEX KRX300,11720,11835,11905,11580,26303,11825
계양전기,2565,2570,2690,2420,470414,2535
웅진,1030,1075,1085,999,646617,1040
지엠비코리아,4370,4515,4540,4200,357743,4320
지투알,4905,5140,5140,4900,18841,4955
SK우,143500,144000,146500,138500,21311,143500
황금에스티,5640,5980,5980,5150,132236,5790
세원정공,8090,0,0,0,0,8090
그린케미칼,3255,3250,3390,3150,82147,3370
삼원강재,2025,2080,2080,1900,33775,2020
조흥,135000,137500,137500,133500,278,134000
일진디스플,2890,2930,2985,2720,282830,2835
부국철강,3800,3855,3920,3305,1254741,4000
대림씨엔에스,6190,6380,6440,6000,59498,6270
KC그린홀딩스,3600,3730,3780,3460,136588,3530
천일고속,55600,56200,56200,55000,406,55400
한국내화,3405,3535,3790,3125,1345087,3450
성보화학,3930,3950,3960,3860,35739,3930
DRB동일,3905,3990,4040,3760,37823,3940
범양건영,3000,2775,3000,2645,2445832,3155
금호석유우,25750,26100,26900,24750,19774,25900
남성,2150,2200,2260,2030,686244,2145
동양고속,26600,26950,26950,25800,3952,26700
대현,1740,1820,1830,1655,168969,1740
휴니드,5710,5340,6830,5170,5855667,5440
대유에이텍,720,736,746,702,336118,717
대신증권2우B,7560,7630,7630,7490,33945,7580
조광페인트,5500,5570,5800,5100,105340,5900
한양증권,6020,6170,6350,5870,52074,5920
KODEX 미국S&P500선물(H),13400,13475,13530,13260,82890,13215
오리엔트바이오,734,762,770,701,1825377,739
화신,2095,2125,2125,2005,119706,2145
ARIRANG 코스피TR,9220,9305,9310,9065,1293,9300
TIGER 부동산인프라고배당,4405,4470,4470,4330,64012,4455
유니온머티리얼,1715,1770,1790,1605,557571,1765
신풍제약우,31150,32200,33950,27800,466245,33550
KTcs,1685,1720,1720,1620,703521,1710
KBSTAR 단기국공채액티브,100855,100855,100855,100815,61497,100860
유유제약,11500,11850,11850,10900,227323,11400
KBSTAR 국고채3년선물인버스,99590,99550,99750,99550,4504,99690
서연,2960,3115,3140,2770,503670,3070
KODEX 미국달러선물,10845,10765,10935,10760,238334,10855
남영비비안,1005,1040,1060,950,1974896,1040
유양디앤유,1220,0,0,0,0,1220
영풍제지,3190,3205,3240,3040,65668,3200
우진,3515,3750,3835,3310,957734,3510
시디즈,36400,37400,37650,35600,6346,35450
TIGER 차이나HSCEI,12245,12270,12460,11740,5620,12425
MH에탄올,9100,9240,9260,8370,316670,9580
사조오양,7410,7720,7720,7020,189768,7500
한솔홈데코,875,902,904,838,1126339,875
금강공업,2875,2935,2945,2755,82692,2875
수출포장,17650,18050,18100,17450,8089,17550
한농화성,4240,4300,4365,4055,81446,4475
두올,2620,2720,2755,2460,520391,2585
동방,2060,2275,2310,1910,8280718,2090
포스코강판,11500,11650,12150,11000,51584,11650
신영와코루,77400,77500,78900,76400,162,77500
KCTC,2260,2350,2360,2130,547014,2305
참엔지니어링,1285,1315,1315,1225,112896,1280
평화산업,1350,1175,1350,1090,3601706,1250
엔케이,875,901,906,835,496056,856
대원전선,988,1025,1050,923,1546066,1005
영화금속,1380,1405,1425,1220,1378903,1500
쎌마테라퓨틱스,7060,7100,7450,6550,563858,6720
KBSTAR 200IT,9365,9355,9455,9200,490,9520
대유플러스,632,650,653,615,565217,626
사조씨푸드,3890,3980,3990,3650,220907,3875
한국제지,13400,13550,13700,13150,36563,13300
새론오토모티브,3435,3535,3550,3400,22614,3465
유성기업,2530,2655,2655,2480,64192,2530
화천기공,29800,30800,30800,29550,5901,29700
한국석유,97000,99300,102500,91900,21673,99000
경동인베스트,27500,27950,28200,26500,6592,27350
KBSTAR 금융채액티브,101565,101615,101615,101480,6,101500
KODEX 2차전지산업,7410,7395,7520,7200,278261,7435
KBSTAR 국채선물10년,57230,57330,57355,56935,19,56860
동일고무벨트,4535,4695,4700,4400,18382,4655
대림통상,4145,4090,4200,4020,11298,4160
고려산업,2440,2535,2620,2330,716120,2520
이건산업,5580,5820,5970,5370,183821,5670
가온전선,14700,15200,15600,14000,11204,14850
일성건설,1060,1050,1190,958,4571090,1140
미래산업,78,83,83,75,126965807,73
KBSTAR KQ고배당,10045,10025,10115,9760,480,10115
까뮤이앤씨,1260,1225,1290,1170,4863594,1355
우신시스템,3325,3470,3490,3160,88871,3300
대창단조,21450,22250,22250,20700,19969,21150
STX중공업,2140,2200,2200,1985,77811,2120
화천기계,2680,2815,2840,2535,2040681,2730
대림B&Co,3470,3390,3630,3350,94358,3590
KODEX MSCI Korea,11985,12120,12120,11985,138,12130
TIGER 유로스탁스50(합성 H),9650,9750,9750,9505,24198,9405
KBSTAR 중기우량회사채,104500,104555,104555,104365,98,104420
DSR,3670,3700,3730,3400,92628,3650
KC코트렐,4470,4650,4700,4250,337054,4450
에넥스,980,1025,1030,950,2063706,962
KODEX 중국본토 A50,17255,17330,17395,17190,6817,17450
한익스프레스,4705,4960,4995,4125,569818,4795
엔케이물산,699,720,720,668,1645075,688
세하,1995,2080,2085,1870,75961,1945
서울식품,170,175,176,159,30697675,170
주연테크,537,0,0,0,0,537
태경케미컬,4875,4940,4945,4755,30614,4920
삼정펄프,22550,23200,23200,22450,2439,22800
제일연마,5670,5900,5900,5540,15513,5690
KB Wise 분할매매 ETN,9410,9410,9410,9410,2,9420
대구백화점,5300,5370,5370,5130,5924,5190
모나미,3000,3105,3130,2720,1159094,2955
상신브레이크,2650,2715,2715,2570,34215,2600
체시스,2270,2295,2350,2000,2804697,2325
유한양행우,47200,46750,47350,45500,7093,46700
화인베스틸,1795,1905,1925,1555,452672,1865
국동,1780,1855,1880,1665,2762097,1830
혜인,4365,4455,5240,4330,6279983,4330
SMART KRX300,11745,11760,11860,11590,5812,11930
세우글로벌,1800,1920,1940,1740,3780141,1910
신한 인버스 WTI원유 선물 ETN(H),20635,20445,20730,19275,24871,26825
만호제강,12900,13200,13400,12550,6361,12850
디아이씨,1385,1400,1450,1320,140183,1365
SG충방,1190,1230,1230,1110,389531,1175
TIGER 인버스,7730,7700,7865,7655,715998,7655
영보화학,2650,2690,2690,2540,60533,2640
TIGER 미국채10년선물,13110,13045,13215,13000,77998,13170
KBSTAR KRX300,11850,11840,11940,11660,13427,11965
CS홀딩스,45500,46700,46700,44700,391,45500
GS우,29650,30000,30100,29000,4519,29400
휴스틸,6850,7020,7020,6510,32876,6820
KOSEF 통안채1년,101760,101765,101765,101745,30536,101755
대양금속,2380,2450,2450,2220,963175,2330
KODEX 은행,4960,4985,5030,4880,146318,4940
DSR제강,3600,3660,3735,3300,93656,3550
TIGER 미국MSCI리츠(합성 H),10490,10765,10765,10400,16031,10210
ARIRANG 코스피,19365,19505,19590,19015,1076,19595
KODEX 코스피대형주,8980,8970,9025,8830,10182,9070
파워 200,25765,25855,25975,25325,76173,25985
KODEX 고배당,6640,6730,6730,6535,50428,6675
금비,49800,51800,52700,49800,835,49900
한국특수형강,1550,1570,1570,1415,223328,1535
한국프랜지,1570,1640,1740,1525,1322833,1625
우진아이엔에스,6490,6550,6660,6150,34608,6470
NI스틸,1710,1805,1805,1650,122147,1720
TIGER 중장기국채,53400,53665,53700,53345,244,53395
미래아이앤지,382,387,424,365,16087366,377
대원화성,1200,1235,1235,1145,242618,1180
KB KTOP30 ETN,9780,9780,9780,9780,0,9675
삼성 레버리지 천연가스 선물 ETN,4170,4315,4350,3945,1689711,3865
폴루스바이오팜,1225,0,0,0,0,1225
메타랩스,929,987,998,909,553675,915
삼성공조,5980,6110,6110,5830,11746,5880
대교우B,2450,2565,2565,2410,588106,2445
부국증권우,15850,16100,16100,15150,1388,15800
KODEX 중국본토CSI300,10175,10280,10280,10090,37031,10285
인터지스,1600,1615,1620,1480,55629,1590
두산솔루스2우B,30000,29750,31300,27200,222551,28450
유엔젤,3500,3625,3625,3020,330058,3545
롯데지주우,46500,47000,47650,45300,5021,47300
평화홀딩스,3195,3170,3215,2850,134780,3190
유화증권우,2660,2660,2670,2655,10613,2660
QV Big Vol ETN,9355,9355,9355,9355,0,9265
KB KQ 우량주30 ETN,9525,9505,9525,9505,98,9235
동양피스톤,3585,3700,3730,3400,106064,3500
ARIRANG 200동일가중,6700,6815,6815,6615,44,6770
삼성 코스피 풋매도 ETN,9200,9200,9200,9200,1,9200
KODEX 미디어&엔터테인먼트,12180,12265,12265,11795,12429,12410
한신기계,1425,1450,1455,1320,330257,1415
한국종합기술,3970,4175,4275,3800,185931,4185
KB 코스피 양매도 5% OTM ETN,9105,9105,9110,9095,7,9120
미래에셋대우우,3210,3250,3290,3205,13322,3235
TRUE 코스피 양매도 ATM ETN,9060,9060,9060,9060,1,9065
두산퓨얼셀1우,3460,3460,3565,3255,111572,3390
KODEX IT,12370,12335,12495,12100,34581,12500
티에이치엔,2525,2620,2635,2400,271602,2475
TRUE 코스피 양매도 3% OTM ETN,8900,8900,8900,8900,0,8900
신풍제지,1265,1285,1310,1200,203638,1270
TRUE 레버리지 천연가스 선물 ETN(H),11940,12570,12615,11900,147591,11095
신한 WTI원유 선물 ETN(H),2405,2520,2600,2380,3955913,1830
TIGER 국채3년,111480,111470,111540,111290,3595,111400
문배철강,2075,2205,2235,1995,322547,2115
페이퍼코리아,1220,1305,1360,1175,325526,1230
선창산업,3155,3230,3230,3025,69129,3420
KODEX 200exTOP,8620,8650,8650,8450,1225,8540
덕성,2690,2695,2785,2550,272009,2720
신송홀딩스,3585,3550,3620,3350,34560,3555
KODEX 반도체,22270,22250,22590,21750,58137,22680
이구산업,1255,1310,1310,1180,314040,1250
코오롱인더우,14700,15100,15100,14300,76559,14950
TIGER 레버리지,9060,9065,9240,8745,1171709,9215
KOSEF 단기자금,101425,101430,101435,101415,74451,101430
삼아알미늄,3480,3555,3650,3405,74497,3630
동원수산,8470,8820,8980,7930,210015,8550
TIGER 소프트웨어,9250,9285,9340,8970,35264,9420
TCC스틸,1715,1755,1760,1675,28887,1725
케이비아이동국실업,599,603,604,588,140413,599
ARIRANG 신흥국MSCI(합성 H),8665,8800,8800,8635,18258,8665
KOSEF Fn중소형,14595,14785,14845,14215,20056,14705
바다로19호,2580,2585,2590,2575,20197,2585
태양금속,1065,1110,1110,1000,617769,1070
베트남개발1,286,299,299,286,145626,285
국보,1575,1620,1655,1490,435870,1605
KODEX 증권,4910,4960,4985,4820,195603,4925
삼영화학,1060,1030,1105,999,372049,1140
조일알미늄,547,561,565,530,256840,552
진양산업,2960,2985,3050,2805,477680,2965
대동전자,3630,3715,3795,3570,14066,3670
롯데칠성우,49900,50700,50700,47850,3345,49500
QV 인버스 레버리지 WTI원유 선물 ETN(H),11875,12930,13255,10595,106823,18995
호텔신라우,50800,51600,51600,48000,8428,50500
KBSTAR 미국S&P원유생산기업(합성 H),1965,1925,1965,1900,3520136,1950
QV WISE 배당 ETN,7705,7705,7705,7705,0,7555
KODEX 미국달러선물레버리지,10935,10825,11155,10790,545007,10990
SJM,2370,2500,2580,2330,25427,2415
KR모터스,807,825,830,766,594337,794
KBSTAR 국고채3년,113540,113670,113670,113420,108,113505
케이탑리츠,806,810,821,785,474152,804
한세엠케이,2860,2960,2965,2720,24342,2865
KBSTAR 200선물인버스2X,7110,7070,7350,6965,1528974,6975
SJM홀딩스,2475,2560,2560,2450,8539,2470
QV S&P500 VIX S/T 선물 ETN B,35140,33015,37900,33015,1315,36775
TIGER 코스피중형주,9870,9855,9975,9670,1093,9885
형지엘리트,1185,1230,1255,1020,577544,1160
한솔로지스틱스,1330,1355,1370,1265,505500,1310
코아스,1115,1165,1225,1040,1522344,1150
KINDEX 중장기국공채액티브,103285,103370,103370,103285,20,103080
대신 철광석 선물 ETN(H),17735,18530,18530,17530,202,17675
원림,15850,15900,16400,15800,999,16050
신한 레버리지 금 선물 ETN,17665,17475,17725,17470,30061,17575
이화산업,12400,13100,13100,11650,3016,12500
KODEX 국채선물10년인버스,45500,45310,45500,45310,67,45515
신한,4945,0,0,0,0,4945
KBSTAR 200선물레버리지,8740,8920,8925,8445,95642,8900
한일철강,1545,1565,1620,1495,95835,1545
TIGER KRX300,11535,11675,11760,11500,575,11755
KOSEF 국고채3년,112995,113090,113090,112905,33,112970
금호전기,3365,3460,3490,3255,86701,3300
하이스틸,16400,17900,18400,15050,59218,16850
TIGER 200IT레버리지,20755,20200,21100,20000,102312,20950
갤럭시아에스엠,1245,1340,1340,1100,224018,1210
KODEX 미국S&P고배당커버드콜(합성 H),7930,7985,7985,7800,99544,7855
KODEX China H,20440,20695,20695,20375,6993,20580
삼성 레버리지 China A50 선물 ETN(H),32185,33355,33355,32060,13769,32915
미래에셋 전기전자 Core5 ETN,16870,16870,16870,16870,0,16455
미래에셋 인버스 원유선물혼합 ETN(H),25025,24825,25285,24030,7415,32530
TIGER 반도체,22820,22945,23135,22185,46454,23085
진양화학,2680,2710,2805,2510,490561,2690
TRUE 레버리지 나스닥 100 ETN,11185,11125,11330,11045,144794,10730
HANARO 코스닥150,9785,9700,9920,9495,6956,9870
KODEX 200가치저변동,6920,6895,6955,6755,3684,6965
신한 레버리지 다우존스지수 선물 ETN(H),16350,16565,16730,16015,67191,15985
KODEX China H 레버리지(H),5695,5840,5885,5620,59623,5735
에쓰씨엔지니어링,1260,1250,1300,1175,68721,1260
TRUE 레버리지 S&P500 선물 ETN(H),10755,10905,10990,10580,42711,10455
신한 인버스 천연가스 선물 ETN(H),15100,14820,15105,14735,1662,15665
KBSTAR 중장기국공채액티브,102735,102940,102940,102715,607,102825
WISCOM,2030,2095,2095,1980,35204,2025
KBSTAR 중국본토대형주CSI100,16175,16150,16235,16030,8563,16300
TBH글로벌,1465,1545,1545,1410,98114,1475
미래에셋 레버리지 S&P500 ETN(H),15875,16095,16355,15695,818,15340
성문전자,1605,1670,1670,1500,474667,1570
삼성 레버리지 금 선물 ETN(H),30740,30680,30740,30510,17913,30580
티탑스,5240,5350,5400,5030,216264,5140
신한 레버리지 은 선물 ETN(H),5505,5505,5575,5440,268618,5080
KOSEF 코스닥150,4900,4935,4975,4720,13838,4955
흥아해운,258,0,0,0,0,258
인팩,3025,3100,3115,3000,8861,2985
키위미디어그룹,150,0,0,0,0,150
진도,2350,2435,2450,2215,119219,2360
하이골드12호,2215,2220,2245,2210,46729,2235
KODEX 필수소비재,7900,7975,7975,7720,12078,8065
ARIRANG KS모멘텀가중TR,9680,9685,9735,9500,51,9795
덕양산업,900,919,924,850,193799,880
QV 소프트웨어 TOP5 ETN,14755,14755,14755,14755,0,14270
미래에셋 미국 대형주 ETN(H),14460,14550,14550,14460,20,14215
신한 인버스 콩 선물 ETN(H),14065,14065,14065,14065,0,14175
우진플라임,2875,2880,3075,2725,28882,2830
웅진에너지,914,0,0,0,0,914
동일제강,1860,1940,2120,1700,450796,1885
ARIRANG 코스피중형주,7195,7265,7275,7040,201,7215
두산2우B,32050,32800,32800,31650,450,31400
ARIRANG KS퀄리티가중TR,10195,10195,10245,9990,50,10330
KOSEF 미국달러선물,13075,12975,13175,12975,60828,13090
삼화전자,2600,2680,2680,2505,140125,2650
한솔PNS,1335,1370,1400,1270,175614,1350
신한 다우존스지수 선물 ETN(H),13860,14005,14045,13810,2900,13765
삼성 미국 대형 성장주 ETN,14205,14080,14245,14050,2745,13735
이스타코,653,653,670,611,146652,640
미래에셋 미국 항공우주 ETN(H),14055,14055,14055,13950,436,13655
신한 금 선물 ETN(H),13550,13545,13560,13520,6335,13535
KINDEX 일본TOPIX인버스(합성 H),6415,6345,6435,6325,192638,6435
KODEX 삼성그룹밸류,6395,6420,6435,6255,25303,6430
TIGER 농산물선물Enhanced(H),4040,4045,4070,4020,40024,3970
KINDEX 삼성그룹섹터가중,9840,9890,9910,9625,12083,9935
한성기업,4370,4400,4430,4100,66699,4305
미래에셋 미국 헬스케어 ETN(H),13585,13760,13760,13585,7,13225
KINDEX 코스피,19140,19395,19395,18910,153,19500
TRUE 인버스 2X 천연가스 선물 ETN(H),24390,23735,24490,23275,39546,26245
ARIRANG 미국장기우량회사채,108850,108030,109800,108030,384,109250
진양폴리,2515,2600,2660,2350,427609,2620
TIGER 미국다우존스30,14610,14455,14775,13740,22992,14495
동원금속,569,600,600,542,571544,556
QV 바이오 TOP5 ETN,12780,12815,13100,12770,133,12985
신한 레버리지 미국달러 선물 ETN,12975,12835,13120,12835,2279,12980
한진칼우,47750,47350,52000,44450,144084,48300
경인전자,16800,16950,17100,16550,1093,16500
성안,460,444,470,425,353511,454
태원물산,3305,3370,3395,3300,12766,3395
두산퓨얼셀2우B,8700,8920,9150,8200,67353,8640
삼성 미국 대형 성장주 ETN(H),13320,13295,13320,13295,344,12845
TIGER 일본TOPIX(합성 H),11750,11800,11835,11645,410,11630
삼성 S&P500 VIX S/T 선물 ETN(H) B,32615,32200,33390,31415,55039,34075
ARIRANG 단기채권액티브,105025,105025,105025,105025,12,105025
미래에셋 중국 심천 100 ETN,12530,12620,12620,12505,147,12600
ARIRANG 단기우량채권,52845,52835,52845,52835,1012,52845
대신 인버스 2X 니켈선물 ETN(H),11500,11225,11600,11180,315,12075
한국전자홀딩스,519,529,532,508,126364,516
삼성 바이오 테마주 ETN,11685,11985,12055,11685,1659,12010
삼성 KRX 금현물 ETN,11970,11465,12020,11465,14696,11950
ARIRANG 미국단기우량회사채,103575,102745,103670,102745,71,103625
미래에셋 미국 중형주 ETN(H),12195,12195,12195,12195,0,11835
미래에셋 미디어엔터 Core5 ETN,11985,11985,11985,11985,0,11750
HANARO 200선물레버리지,10490,10675,10675,10135,24237,10675
신한 코스피 월별 양매도 3% OTM ETN,9435,9435,9435,9435,0,9450
ARIRANG 200선물인버스2X,14215,14000,14715,13955,808521,13955
신한 인버스 브렌트원유 선물 ETN(H),14420,13790,14420,13700,5778,18745
신한 인버스 은 선물 ETN(H),9025,9015,9025,9015,2216,9370
신한 인버스 2X S&P500 선물 ETN,9030,8850,9250,8810,76985,9325
신한 레버리지 천연가스 선물 ETN,13345,13890,13900,13240,97501,12365
삼성 코스피 풋매도 4% OTM ETN,9280,9280,9280,9280,0,9250
KOSEF 200선물레버리지,8600,8735,8810,8340,9668,8805
TIGER 200 금융,4815,4900,4905,4765,20832,4840
쌍용양회우,9270,9520,9570,9000,12229,9970
KBSTAR 글로벌4차산업IT(합성 H),13200,13490,13620,13000,16185,12810
KODEX 심천ChiNext(합성),8875,8975,9150,8780,33021,8955
QV 에너지 TOP5 ETN,7890,7890,7890,7890,0,7595
TIGER 단기선진하이일드(합성 H),10950,11000,11000,10875,770,10840
QV 의료 TOP5 ETN,7480,7655,7705,7480,22,7585
한국주강,1350,1350,1365,1300,27919,1340
하이트론,2650,2485,3115,2430,175285,2735
KODEX 건설,2155,2185,2205,2065,131127,2225
미래에셋 인버스 미디어엔터 Core5 ETN,14880,15000,15000,14880,8,14880
KINDEX S&P아시아TOP50,10900,10935,11075,10820,1653,10930
TIGER S&P글로벌헬스케어(합성),14780,14785,14920,14775,5366,14750
KBSTAR 중소형고배당,7530,7555,7555,7400,2072,7560
컨버즈,4100,0,0,0,0,4100
TIGER 코스피고배당,9235,9315,9320,9020,3279,9255
QV 조선 TOP5 ETN,7160,7360,7360,7160,5,7320
KODEX 200 중소형,7240,7335,7370,7140,3798,7315
넥센타이어1우B,2315,2310,2320,2240,25516,2250
KODEX 미국달러선물인버스2X,8480,8595,8595,8305,111944,8435
삼성 미국 중소형 가치주 ETN,7430,7390,7430,7390,157,7290
TRUE 섹터탑픽 ETN,7290,7290,7290,7290,0,7280
삼성 Alerian 에너지인프라 MLP ETN,4795,4665,4830,4665,546,4820
KODEX 미국채울트라30년선물(H),14215,14205,14270,14175,14059,14425
KODEX 바이오,9360,9495,9520,8875,60115,9450
KODEX 글로벌4차산업로보틱스(합성),10735,10660,10800,10645,3208,10600
TRUE 레버리지 유로스탁스50 ETN(H),7400,7540,7550,7280,25651,7155
ARIRANG KRX300,11750,11770,11840,11550,62,11865
KINDEX 모닝스타싱가포르리츠채권혼합,9675,9675,9675,9675,20,9480
신한 인버스 금 선물 ETN(H),7070,7080,7095,7070,1903,7070
QV CHINEXT ETN(H),7045,7045,7045,7045,0,7025
신한 인버스 2X 미국달러 선물 ETN,6990,7055,7065,6910,22659,6975
삼성 온라인쇼핑 테마주 ETN,7035,7035,7035,7035,0,6960
삼성 미국 중소형 가치주 ETN(H),6955,6955,6955,6955,500,6845
신한 인버스 2X 구리 선물 ETN,13190,12825,13260,12815,2162,13680
신한 콩 선물 ETN(H),6715,6755,6755,6700,718,6765
TRUE 인버스 2X 나스닥 100 ETN,6495,6330,6670,6330,301663,6745
삼성 Cushing 에너지인프라 MLP ETN,4510,4360,4530,4360,4040,4485
녹십자홀딩스2우,15950,16200,16200,15700,1685,15900
삼성 인버스 2X 구리 선물 ETN(H),13000,12800,13055,12715,1201,13370
신한 인버스 2X 천연가스 선물 ETN,12400,11745,12400,11700,65456,13360
FOCUS ESG리더스,6645,6650,6715,6645,4,6670
QV 내수소비 TOP5 ETN,6585,6585,6585,6585,3,6585
KBSTAR 채권혼합,54685,54785,54835,54410,18,54845
미래에셋 인버스 S&P500 ETN(H),6405,6310,6405,6310,202,6505
ARIRANG 미국나스닥기술주,14845,14870,14880,14700,19004,14380
KODEX 코스피100,19710,19925,19945,19450,3359,19910
신한 인버스 다우존스지수 선물 ETN(H),6290,6245,6345,6210,11807,6390
TIGER 우선주,8580,8725,8725,8420,2371,8610
KINDEX 미국WideMoat가치주,11700,11715,11745,11575,18670,11510
TIGER 배당성장,12355,12220,12355,12110,646,12400
QV 건설 TOP5 ETN,6320,6420,6535,6320,1600,6320
삼성 미디어 테마주 ETN,6300,6300,6300,6300,10,6300
KODEX 미국S&P바이오(합성),25705,25430,26170,25045,2736,24905
TIGER 200 에너지화학,9850,9795,9945,9650,33924,9820
KBSTAR 모멘텀로우볼,9890,9825,9890,9725,66,10005
KOSEF 국고채10년레버리지,140395,141000,141255,139260,628,138490
삼성 증권 테마주 ETN,6510,6510,6510,6510,0,6225
QV 레버리지 10년 국채선물 ETN,24750,24750,24750,24750,1,24750
삼성 인버스 China A50 선물 ETN(H),12265,12310,12310,12265,12,12200
TIGER 일본TOPIX헬스케어(합성),12200,12075,12200,12070,234,12165
현대건설우,119500,125500,128500,110000,3754,123000
TIGER 원유선물인버스(H),20775,20830,20910,19640,117343,27005
TRUE 인버스 2X S&P500 선물 ETN(H),5890,5825,6005,5760,286558,6055
SMART 선진국MSCI World(합성 H),12310,12055,12310,12055,114,11970
KODEX 200미국채혼합,11315,11325,11375,11265,29787,11400
QV 운송 TOP5 ETN,6145,6145,6145,6145,0,5895
TIGER 코스닥150IT,11200,11175,11360,10765,4771,11285
KOSEF 인도Nifty50(합성),10100,10270,10270,10065,27009,10175
TRUE 레버리지 엔선물 ETN B,11420,11420,11420,11420,1,11690
QV 미국 IT TOP5 ETN(H),17130,17195,17320,16705,7257,16565
NPC우,2195,2240,2240,2180,3506,2195
대신 WTI원유 선물 ETN(H),3295,3370,3445,3255,240044,2310
삼성 인버스 2X 금 선물 ETN(H),11325,11355,11420,11325,48420,11430
TIGER 경기방어채권혼합,9360,9375,9400,9275,6365,9390
신한 달러인덱스 선물 ETN(H),11230,11230,11230,11230,22,11235
TIGER 미국S&P500선물인버스(H),6320,6275,6385,6255,69445,6400
삼성 음식료 테마주 ETN,5500,5615,5615,5500,21,5600
TRUE 코스피 커버드풋 ETN B,10935,10935,10935,10935,0,11200
TRUE 인버스 HSCEI ETN(H) B,10970,10970,10970,10970,0,11190
KOSEF 200 선물,11170,11225,11270,10995,370,11270
KBSTAR 고배당,8095,8210,8210,7990,2437,8140
TRUE 엔선물 ETN B,10825,10825,10825,10825,0,10950
일정실업,9160,9330,9510,9160,2457,9120
신한 천연가스 선물 ETN(H),3760,3815,3850,3750,129138,3620
ARIRANG 우량회사채50 1년,107470,107490,107500,107450,100,107470
TIGER 200커버드콜ATM,8765,8765,8765,8765,12,8900
TIGER 화장품,2955,2980,2995,2820,75308,2960
TIGER 200 중공업,1940,1980,1990,1880,208377,1940
TIGER 미국나스닥바이오,18160,17950,18160,17925,17390,17570
ARIRANG 고배당주채권혼합,9485,9515,9515,9405,540,9485
코오롱우,9700,10000,10000,9500,45891,9690
HANARO 200선물인버스,16120,16050,16405,15975,252731,16005
파워 코스피100,19780,19830,19905,19470,57,19885
미래에셋 인버스 전기전자 Core5 ETN,5185,5215,5215,5185,21,5170
삼양홀딩스우,34150,35400,35400,34050,830,33850
신한 옥수수 선물 ETN(H),5230,5235,5270,5210,174589,5145
TRUE 유로선물 ETN B,10285,10275,10285,10275,1005,10270
한화솔루션우,9000,8760,9630,8670,50897,8930
신한 코스피 콘도르 6/10% 콜 2204-01 ETN,10015,10015,10015,10015,0,10030
TIGER 200커뮤니케이션서비스,17460,17450,17460,17045,548,17890
KODEX TRF5050,10045,10065,10070,10015,1240,9985
삼성 레저 테마주 ETN,5030,5030,5030,5030,0,4990
QV 인버스 레버리지 MSCI 선진국 ETN,13595,13540,13900,13540,832,14190
KODEX 헬스케어,13995,14135,14320,13575,38050,14190
KODEX TRF7030,9955,9970,9985,9910,1115,9915
KINDEX 싱가포르리츠,10040,10290,10295,10000,8884,9855
TRUE 인버스 유로스탁스50 ETN(H) B,9625,9560,9650,9555,1118,9765
남선알미우,31550,31900,33250,29000,36594,31650
ARIRANG KS로우사이즈가중TR,9655,9715,9780,9400,50,9740
신한 코스피 월별 양매도 5% 콜 2206-1 ETN,9725,9725,9725,9725,950,9730
KINDEX 미국4차산업인터넷(합성 H),12415,12545,12545,12415,2906,12135
TIGER 인도니프티50레버리지(합성),7970,8190,8290,7900,77393,8080
TRUE 인버스 유로선물 ETN B,9670,9670,9670,9670,333,9670
넥센우,2685,2835,2835,2655,325,2675
KODEX 모멘텀Plus,8585,8645,8715,8345,507,8730
KINDEX 밸류대형,5945,5970,5970,5945,20,5995
QV 제약 TOP5 ETN,4660,4775,4775,4575,18,4760
SK증권우,2425,2470,2505,2280,46033,2430
신한 코스피 월별 양매도 3% 콜 2206-1 ETN,9470,9470,9470,9470,0,9485
신한 코스피 콘도르 4/10% 콜 2204-01 ETN,9435,9435,9435,9435,0,9450
KODEX S&P글로벌인프라(합성),9800,9695,9925,9695,2086,9575
대신 인버스 아연선물 ETN(H),13510,13370,13515,13370,60,13465
계양전기우,6630,6910,7800,6120,304298,6730
TRUE 인버스 2X HSCEI ETN(H),9375,9120,9500,9120,932,9400
KINDEX 인도네시아MSCI(합성),6595,7050,7050,6455,11952,6705
KOSEF 200선물인버스2X,7055,7045,7295,6945,250193,6970
KTOP 코스피50,17895,18080,18100,17645,123,18130
KOSEF 블루칩,6595,6625,6650,6480,521,6595
덕성우,6410,6690,6810,5840,151344,6600
TIGER 일본니케이225,13195,12945,13255,12945,439,13030
TIGER 일본엔선물,11365,11130,11405,11130,1333,11355
QV 인버스 MSCI 선진국 ETN,12630,12630,12630,12630,1,12960
신한 인버스 달러인덱스 선물 ETN(H),9025,9030,9030,9025,201,9020
대신 인버스 철광석 선물 ETN(H),4505,4410,4545,4390,20068,4500
TRUE 인버스 엔선물 ETN B,8985,8985,8985,8985,10,8985
KODEX 미국채10년선물,12760,12645,12860,12645,30771,12800
삼양사우,24900,24900,25300,24500,2223,24200
TIGER 미국달러선물레버리지,11070,11025,11240,10935,6707,11095
유유제약1우,7790,7880,7990,7700,15160,7830
TRUE 인버스 나스닥 100 ETN,8670,8565,8805,8565,23334,8850
KINDEX 스마트로우볼,10940,10975,10975,10940,20,11025
KBSTAR 미국장기국채선물레버리지(합성 H),15570,15535,15670,15535,6807,15900
코리아써우,2935,3055,3055,2935,2230,2940
KBSTAR 5대그룹주,4770,4765,4835,4685,1119,4840
태양금속우,2605,2640,2660,2515,80754,2630
KBSTAR 차이나HSCEI(H),10810,10835,11110,10750,295,10815
KODEX MSCI밸류,7825,7725,7825,7675,39,7855
KBSTAR IT플러스,11765,11740,11870,11590,27,11960
KODEX 미국러셀2000(H),7870,7950,7990,7785,15014,7795
KODEX KRX300레버리지,7655,7820,7850,7430,43272,7795
금호산업우,27350,27500,28400,26000,5452,29250
TIGER 일본엔선물레버리지,12145,11875,12195,11845,5377,12160
TRUE 코스피 커버드콜 ETN B,8395,8380,8395,8380,159,8460
KODEX 게임산업,9230,9335,9340,9000,5988,9400
삼성 레버리지 은 선물 ETN(H),9140,9120,9240,9015,86994,8400
일양약품우,19000,19750,19750,18750,4320,18800
TRUE 레버리지 HSCEI ETN(H),8350,8555,8555,8255,14449,8355
TIGER 글로벌자원생산기업(합성 H),8590,8570,8590,8570,5214,8330
KODEX MSCI퀄리티,9220,9170,9220,9010,954,9220
SK네트웍스우,72900,72100,72900,70100,640,73000
KOSEF 미국달러선물인버스,9845,9910,9910,9765,207,9760
KODEX 턴어라운드투자,8285,8415,8425,8230,504,8280
KOSEF 고배당,6085,6145,6160,5995,1860,6070
KODEX 미국달러선물인버스,9440,9480,9485,9345,12220,9410
삼성 모멘텀 탑픽 ETN,3945,3975,3975,3920,111,4040
ARIRANG 중형주저변동50,7290,7375,7375,7160,4916,7305
대신 니켈선물 ETN(H),11755,11885,11905,11640,3091,11430
TIGER KTOP30,6295,6475,6475,6295,370,6395
동북아13호,5040,5040,5040,5040,833,5040
KODEX 미국S&P에너지(합성),4850,4790,4920,4650,81504,4710
ARIRANG 200선물레버리지,17415,17745,17755,16785,590682,17730
KODEX 보험,4970,4970,4995,4835,7604,4985
TIGER 국채선물3년인버스,49665,49665,49665,49665,0,49705
동북아12호,5000,5000,5000,5000,0,5000
TIGER 유로스탁스레버리지(합성 H),5075,5185,5190,4960,48273,4950
KBSTAR KRX300레버리지,7670,7640,7800,7400,11870,7815
KBSTAR 주식혼합,30995,31100,31225,30875,5,31230
KINDEX 스마트모멘텀,10975,11035,11035,10815,26,11090
KBSTAR 미국장기국채선물(H),12790,12780,12795,12770,352,12895
대신 2X 아연선물 ETN(H),3885,4050,4050,3825,20849,3865
KOSEF 배당바이백Plus,10970,11105,11105,10770,60,11015
TIGER 골드선물(H),12850,12830,12850,12805,29477,12835
TIGER 중장기국채선물인버스,48030,48030,48030,48030,0,48060
삼성 인버스 2X 은 선물 ETN(H),7120,7105,7175,7050,9922,7685
마이티 코스피100,19210,19210,19210,19210,5,19210
삼성 화장품 테마주 ETN,3815,3870,3870,3730,3703,3840
삼성 레버리지 구리 선물 ETN(H),6390,6500,6550,6315,77430,6110
KBSTAR 200생활소비재,7315,7345,7345,7035,227,7430
KBSTAR KRX국채선물3년10년스티프너2X,50615,50590,50670,50590,6,50770
KODEX 에너지화학,8710,8670,8780,8435,17505,8670
KBSTAR KRX국채선물3년10년스티프너,50445,50435,50465,50435,6,50520
KBSTAR V&S셀렉트밸류채권혼합,10020,10050,10065,9955,161,10060
TIGER KRX300선물인버스,10195,10045,10200,10045,33,10050
ARIRANG 국채선물10년,57965,58165,58205,57770,6316,57915
현대비앤지스틸우,54300,57700,59400,52400,4529,54600
KBSTAR KRX국채선물3년10년플래트너,50020,50030,50030,50000,6,49945
미래에셋 원유선물혼합 ETN(H),8540,8900,9005,8540,60710,5980
KODEX 200동일가중,7550,7520,7550,7520,212,7475
마이티 200커버드콜ATM레버리지,6595,6655,6655,6555,5002,6620
KINDEX 인버스,8605,8630,8760,8505,115423,8500
KBSTAR KRX국채선물3년10년플래트너2X,49785,49825,49835,49740,6,49590
삼성중공우,52100,51000,53800,50000,1375,51700
하이트진로홀딩스우,12400,12600,12600,12150,4184,12600
ARIRANG 스마트베타Quality채권혼합,9820,9830,9830,9735,30,9835
KODEX 3대농산물선물(H),7085,7095,7095,7030,33559,6985
TIGER 유로스탁스배당30,8500,8430,8595,8415,7766,8375
노루페인트우,11000,11450,12050,10350,71334,12550
동원시스템즈우,21500,22450,22650,21500,1825,21700
ARIRANG 코스닥150선물인버스,11625,11555,12035,11250,122636,11500
대신 인버스 니켈선물 ETN(H),8000,7915,8050,7915,6,8215
KODEX FnKorea50,7150,7110,7235,7025,85,7180
TIGER MSCI KOREA ESG유니버설,7490,7520,7580,7440,123,7635
KBSTAR 중국MSCI China선물(H),10400,10400,10510,10400,231,10410
KBSTAR ESG사회책임투자,8065,8085,8120,8015,5,8170
KODEX 콩선물(H),7065,7170,7170,7065,15666,7140
TIGER 200커버드콜5%OTM,11290,11290,11290,11290,10000,11310
KODEX 한국대만IT프리미어,11160,11225,11290,11050,2363,11275
성문전자우,9580,9890,9970,9010,28475,9390
KINDEX 일본TOPIX레버리지(H),11325,11450,11455,11260,4776,11260
HANARO 코스닥150선물레버리지,6230,6285,6445,5810,48565,6360
ARIRANG S&P글로벌인프라,9480,9565,9565,9460,709,9325
파워 고배당저변동성,20885,21040,21090,20600,876,20715
TIGER 베타플러스,10735,10735,10735,10735,0,10600
TIGER 금은선물(H),9145,9110,9190,9110,8286,9145
KINDEX 코스닥(합성),9100,9095,9285,8930,41,9075
TIGER KRX300레버리지,7450,7620,7720,7350,1299,7730
KBSTAR 200선물인버스,9105,9085,9235,9000,15478,9005
하나니켈2호,1255,1340,1345,1165,370501,1630
대신 아연선물 ETN(H),7535,7715,7715,7535,2222,7615
TIGER 대형성장,8005,8080,8080,7990,104,8190
ARIRANG 미국다우존스고배당주(합성 H),10170,10340,10340,10155,4714,10035
코오롱글로벌우,17200,17000,17350,16500,12353,16950
TIGER 일본엔선물인버스2X,7455,7700,7700,7360,3843,7500
TIGER 중소형성장,7505,7505,7505,7505,0,7370
TIGER 중소형가치,7250,7250,7250,7250,0,7165
KBSTAR 게임테마,8590,8695,8720,8275,203,8715
TIGER 대만TAIEX선물(H),12895,13130,13130,12790,17900,12915
KODEX 골드선물인버스(H),7690,7700,7700,7670,19714,7695
ARIRANG KRX300산업재,8220,8260,8350,8095,21,8295
KBSTAR 국채선물10년인버스,45885,45810,46085,45810,16,46225
KBSTAR KQ모멘텀로우볼,8265,8260,8380,8245,7,8410
JW중외제약2우B,40650,42450,42850,38450,873,41600
KOSEF 코스닥150선물,6280,6335,6335,6250,5,6340
TIGER 200 생활소비재,9475,9680,9680,9300,1298,9795
한양증권우,6960,7240,7390,6730,3592,7090
TIGER 코스닥150로우볼,10755,10755,10755,10755,5,10780
TIGER 라틴35,2345,2390,2390,2325,15284,2280
흥국화재우,4735,4925,4930,4560,18258,4750
TIGER 증권,2860,2885,2900,2825,29607,2870
KODEX 밸류Plus,5930,5935,6020,5830,178,5930
TIGER 200 철강소재,5320,5440,5440,5320,1611,5215
KG동부제철우,69500,72500,73500,66000,3182,66100
KBSTAR KQ모멘텀밸류,7630,7640,7775,7595,5,7740
코리아써키트2우B,4425,4445,4530,4400,94,4430
KBSTAR 200건설,7330,7415,7455,7160,1059,7515
KBSTAR 팔라듐선물인버스(H),6395,6275,6465,6260,9779,6900
KBSTAR 200경기소비재,6575,6630,6630,6420,313,6600
KBSTAR 200산업재,6855,6815,6890,6805,25,6845
신원우,38000,39500,43400,35000,14934,37200
TIGER 대형가치,7445,7525,7525,7445,6,7460
노루홀딩스우,17700,17950,18100,17150,803,17850
TIGER 은행,5060,5155,5155,4985,2124,5045
KODEX MSCI EM선물(H),7060,7035,7060,6955,52,6995
KBSTAR 중소형모멘텀밸류,7770,7765,7825,7725,5,7790
TIGER K게임,7550,7740,7740,7460,280,7650
동양우,4870,4980,4980,4800,1737,4870
흥국화재2우B,19350,20000,20250,18800,14439,19550
TIGER 200 산업재,3775,3775,3775,3775,2,3730
KBSTAR 미국장기국채선물인버스2X(합성 H),5450,5485,5495,5445,641,5390
ARIRANG 스마트베타 Quality,7420,7425,7445,7245,46,7360
유유제약2우B,17400,17600,17600,16650,994,17400
신한 브렌트원유 선물 ETN(H),3690,3720,3875,3690,78286,2850
ARIRANG 스마트베타 Value,6745,6810,6820,6620,156,6760
TREX 중소형가치,5955,6005,6020,5850,153,5980
동양2우B,8500,8690,8690,8400,2641,8630
ARIRANG 선진국MSCI(합성 H),8370,8500,8560,8360,824,8215
KBSTAR 200철강소재,5090,5175,5175,5050,5017,5050
KBSTAR 중소형모멘텀로우볼,7350,7380,7400,7305,5,7380
ARIRANG 스마트베타 LowVOL,7335,7370,7375,7215,190,7370
동양3우B,27600,27250,27600,27200,1401,28100
KBSTAR 200중공업,6005,6190,6190,5920,20,6000
KBSTAR 200금융,5940,5985,5985,5805,201,5915
TIGER 금속선물(H),4100,4085,4100,4080,715,4010
ARIRANG ESG우수기업,6595,6615,6615,6475,1375,6610
ARIRANG KRX300IT,11320,11300,11485,11130,687,11460
KBSTAR 200에너지화학,6500,6460,6550,6335,148,6470
ARIRANG KRX300금융,6845,6890,6920,6725,81,6825
ARIRANG 스마트베타 Momentum,6780,6795,6805,6650,31,6850
ARIRANG KRX300자유소비재,8795,8910,8910,8660,21,8785
KBSTAR 일본TOPIX레버리지(H),10890,11090,11090,10810,189,10780
삼성 건축자재 테마주 ETN,2570,2580,2580,2535,2013,2570
KODEX 기계장비,3115,3205,3205,3010,24756,3120
KODEX 국채선물3년인버스,49705,49705,49705,49705,6,49705
KODEX 경기소비재,8395,8465,8480,8195,1269,8380
TIGER 지주회사,9115,9115,9115,9115,4,9130
KINDEX 배당성장,24855,24810,24855,24810,21,24905
KBSTAR 200고배당커버드콜ATM,7150,7090,7195,7090,443,7100
KINDEX 국채선물3년인버스,99265,99265,99265,99265,6,99340
TIGER MSCI KOREA ESG리더스,7255,7255,7255,7255,0,7130
QV 레버리지 MSCI 선진국 ETN,7315,7315,7340,7315,5853,7010
TIGER 이머징마켓MSCI레버리지(합성 H),7045,7305,7305,7005,6785,6975
KINDEX 멕시코MSCI(합성),6220,6265,6265,6135,640,6100
KINDEX 스마트퀄리티,11975,12025,12055,11975,21,12115
KINDEX 필리핀MSCI(합성),12055,11975,12075,11975,316,12020
KODEX 구리선물(H),4420,4475,4490,4385,27035,4365
KODEX MSCI모멘텀,8015,8015,8015,8015,1,7970
TIGER 방송통신,7405,7475,7490,7220,2468,7470
KBSTAR 우량업종,7810,7865,7895,7710,20,7920
대상홀딩스우,5150,5260,5260,5090,4150,5200
마이티 코스피고배당,9275,9275,9275,9275,1,9275
HANARO 농업융복합산업,7735,7875,7915,7595,1541,7865
KODEX 가치투자,7775,7935,7940,7710,723,7865
KODEX China H선물인버스(H),11835,11660,11900,11660,997,11790
TIGER 200 경기소비재,10660,10675,10675,10450,1595,10660
동부건설우,20000,20300,21000,19450,880,20600
크라운제과우,6050,6130,6290,5860,13860,6010
KBSTAR 200커뮤니케이션서비스,10780,10775,10865,10575,1169,11005
금강공업우,7800,8090,8270,7600,18832,7820
KINDEX 국채선물10년인버스,92215,92210,92215,92210,11,92215
DB하이텍1우,41450,40100,41450,39000,622,41050
파워 스마트밸류,10055,10125,10170,9905,549,10050
KODEX 멀티에셋하이인컴(H),9100,9110,9110,9005,179,9010
ARIRANG 코스닥150,9820,9885,9980,9490,2593,9925
KINDEX 한류,5530,5585,5590,5335,454,5580
KBSTAR 미국장기국채선물인버스(H),7535,7535,7535,7535,1,7435
JW중외제약우,25300,26150,26150,24000,11216,25850
TIGER S&P글로벌인프라(합성),9040,9045,9045,8890,141,8875
ARIRANG KRX300헬스케어,9915,9940,10055,9595,671,9985
TIGER LG그룹+펀더멘털,6055,6020,6100,5930,537,6070
TIGER 중소형,7335,7335,7335,7335,0,7280
흥국 S&P코리아로우볼,8020,8020,8020,8020,0,7975
KBSTAR 수출주,7080,7140,7185,7010,11,7170
진흥기업우B,4885,4920,4955,4750,15082,4920
TIGER 여행레저,4040,4130,4145,3880,33983,4120
TIGER 200동일가중,7835,7835,7835,7835,0,7570
TIGER 현대차그룹+펀더멘털,12290,12575,12575,12070,6209,12195
TIGER 지속배당,10430,10440,10440,10220,117,10435
KODEX 미국채울트라30년선물인버스(H),6705,6705,6715,6680,63,6610
TRUE 코스피 타겟볼20 ETN,7735,7735,7735,7735,0,7680
ARIRANG 주도업종,6800,6855,6865,6695,141,6920
KODEX 일본TOPIX100,12815,12875,12915,12550,2166,12665
KINDEX 일본Nikkei225(H),12670,12800,12800,12640,200,12580
KOSEF KRX100,4130,4125,4165,4065,467,4175
KODEX 철강,5150,5170,5185,5080,38763,5110
KBSTAR 헬스케어,10665,10800,10800,10390,530,10725
KODEX 성장투자,8310,8280,8310,8145,246,8310
TIGER 국채선물10년인버스,46710,46710,46710,46710,7,46710
TIGER 삼성그룹펀더멘털,7985,8025,8025,7920,24478,7945
한화투자증권우,1550,1620,1620,1500,24090,1555
대한제당우,11400,11600,11600,11350,633,11450
TIGER 의료기기,12120,12400,12475,11765,6414,12330
KOSEF 코스닥150선물레버리지,3075,3170,3185,2865,30432,3135
대원전선우,2685,2790,2885,2450,85539,2800
SMART 중국본토 중소형 CSI500(합성 H),3975,4070,4070,3950,9405,4050
KODEX KRX300선물인버스,10390,10230,10495,10230,7241,10380
성신양회우,8200,8930,8930,7640,97209,9800
HANARO e커머스,9510,9555,9620,9290,1070,9575
TIGER 차이나항셍25,15955,15995,16015,15950,872,15955
TIGER 구리실물,5920,5935,5975,5875,3837,5845
KOSEF 코스피100,19730,19785,19890,19345,1590,19875
KINDEX 삼성그룹동일가중,11820,11880,11880,11610,64,11875
서울식품우,3145,3270,3270,3005,128616,3195
신한 레버리지 구리 선물 ETN,7365,7455,7540,7325,12344,7095
KBSTAR KRX300미국달러선물혼합,9950,9975,10025,9940,74,10135
KINDEX 스마트하이베타,8775,8820,8820,8775,21,8860
KODEX 200ESG,8745,8760,8815,8605,56,8805
KOSEF 200선물인버스,9105,9100,9225,9015,9532,9020
KBSTAR 내수주플러스,8275,8290,8300,8050,19,8370
KODEX 미국S&P산업재(합성),13355,13130,13395,13130,586,13045
KBSTAR 팔라듐선물(H),12600,12795,12835,12500,110681,11535
깨끗한나라우,18550,19300,19300,17550,9168,18800
KBSTAR V&S셀렉트밸류,9655,9755,9765,9530,70,9690
KBSTAR 모멘텀밸류,8910,8985,8985,8835,37,8940
TIGER 200에너지화학레버리지,5360,5360,5490,5100,52542,5360
KOSEF 저PBR가중,9555,9670,9685,9365,555,9560
KINDEX 스마트밸류,9455,9495,9495,9425,23,9525
하나니켈1호,225,243,244,223,2619700,292
KINDEX 미국다우존스리츠(합성 H),67500,70300,70300,64735,407,66245
TIGER 코스닥150바이오테크,9395,9285,9450,8985,27671,9445
KINDEX 러시아MSCI(합성),22845,23395,23395,22500,5416,21880
신한 인버스 2X 금 선물 ETN,6525,6495,6600,6480,40910,6535
KBSTAR 코스닥150선물인버스,7745,7720,8005,7605,100559,7675
CJ씨푸드1우,32550,33500,33500,31100,7706,32350
QV MSCI 선진국 ETN,9225,9215,9225,9180,151,9225
KBSTAR 차이나H선물인버스(H),11680,11460,11700,11460,5569,11645
ARIRANG 국채선물3년,53120,52670,53120,52670,4012,53120
TIGER 중장기국채선물인버스2X,45195,45195,45195,45195,0,45375
KODEX 퀄리티Plus,7740,7795,7880,7540,132,7845
TIGER 200 건설,1815,1830,1870,1745,80913,1865
TIGER 일본엔선물인버스,8855,8805,8875,8750,3158,8855
파워 중기국고채,103130,103130,103130,103130,0,103130
크라운해태홀딩스우,10100,10650,11050,9950,21499,10300
마이다스 200커버드콜5%OTM,11665,11665,11665,11665,0,11520
KODEX 배당성장채권혼합,10245,10240,10245,10135,2270,10240
신한 USD K200 선물 바이셀 ETN,9370,9250,9450,9225,1438,9195
ARIRANG 고배당저변동50,7950,8020,8020,7800,10893,7945
HANARO KRX300,11695,11615,11715,11420,313,11655
TREX 200,25555,25590,25670,25165,51,25785
미래에셋 원자재 선물 ETN(H),6540,6540,6540,6465,314,6010
신한 코스피 콘도르 4/10% ETN,8955,8955,8955,8955,0,9015
삼성 미국 중소형 성장주 ETN(H),9325,9325,9325,9325,61,8990
FOCUS KRX300,11860,11955,11955,11860,2,11920
TIGER 200 헬스케어,20675,20815,21000,19905,32229,20785
삼성 미국 대형 가치주 ETN,9150,9125,9170,9120,345,8915
KODEX WTI원유선물인버스(H),28805,28550,28850,27180,553429,37445
TRUE 인버스 2X 유로스탁스50 ETN(H),8615,8430,8760,8365,70733,8840
미래에셋 레버리지 원유선물혼합 ETN(H),2470,2610,2615,2450,1744002,1600
신한 은 선물 ETN(H),8850,8900,8940,8850,9060,8555
대신 2X 니켈선물 ETN(H),8965,9470,9470,8800,103749,8540
하이트진로2우B,15000,15000,15100,14550,1631,15100
미래에셋 글로벌 리츠 ETN(H),8495,8665,8665,8490,701,8475
QV 롱숏 K150 매수 로우볼 매도 ETN,8475,8475,8475,8475,1,8475
KODEX 자동차,10765,10880,10880,10575,73403,10585
미래에셋 미국 리츠 ETN(H),8460,8570,8570,8460,24,8460
TIGER 미국달러선물인버스2X,8465,8600,8600,8355,1408,8445
남양유업우,104000,105500,106500,101500,390,100000
HANARO 고배당,7210,7230,7275,7100,142,7220
삼성 미국 대형 가치주 ETN(H),8565,8565,8585,8565,763,8285
QV 인버스 레버리지 10년 국채선물 ETN,16535,16535,16535,16535,0,16550
TIGER 모멘텀,16030,16010,16030,15885,506,16175
신한 레버리지 S&P500 선물 ETN,8460,8515,8625,8370,10098,8225
KODEX 미국FANG플러스(H),14015,13965,14140,13900,72410,13645
미래에셋 Q150 Core5 ETN,8045,8045,8045,8045,5,8045
KODEX Fn멀티팩터,8875,8820,8940,8650,189313,8925
신한 K200 USD 선물 바이셀 ETN,7995,7905,7995,7905,200,7985
대상우,11600,11800,11800,11500,3218,11600
QV 화학 TOP5 ETN,7965,8245,8245,7965,36,7920
TRUE 코리아프리미어 ETN,8130,8130,8130,8130,0,7910
미래에셋 인버스 에너지화학 Core5 ETN,7755,7745,7790,7745,498,7860
부산주공,378,380,385,351,677933,366
KINDEX 골드선물 레버리지(합성 H),17265,17030,17270,17030,30928,17240
미래에셋 일본 대형주 ETN(H),12100,12100,12100,12100,0,11735
KOSEF 미국달러선물레버리지,10495,10345,10685,10340,50952,10530
신한 인버스 2X 다우존스지수 선물 ETN(H),5710,5600,5820,5555,326835,5810
신화실업,19050,19200,19550,18550,3006,19000
QV 스마트리밸런싱 260/4 ETN,11535,11535,11535,11535,17,11535
TIGER 코스닥150선물인버스,7510,7435,7765,7375,3067859,7435
TIGER 미국달러단기채권액티브,10525,10445,10620,10445,58926,10555
미래에셋 미국 고배당주 ETN(H),11580,11755,11755,11580,68,11470
신한 인버스 구리 선물 ETN(H),11150,11020,11150,11020,32,11315
BYC우,105000,105000,105000,101500,299,105000
KODEX 배당성장,9955,9790,9995,9730,2069,9990
ARIRANG KS로우볼가중TR,9090,9110,9140,8940,52,9140
미래에셋 미국 시니어론 100 ETN,11115,11115,11115,11115,0,11165
TIGER 코스피대형주,9330,9375,9375,9235,370,9495
신한 인버스 2X 은 선물 ETN(H),10340,10285,10425,10205,18158,11150
TIGER 200TR,12990,13115,13115,12765,2044,13080
QV 레버리지 S&P500 ETN,11385,10885,11760,10885,2661,11050
TIGER 로우볼,9080,9130,9130,8980,606,9090
TIGER 가격조정,18100,18165,18165,17875,388,18155
모두투어리츠,2700,2705,2790,2670,72975,2725
KINDEX 레버리지,3800,3850,3875,3650,516688,3865
미래에셋 일본 중형주 ETN(H),10730,10730,10730,10730,0,10575
미래에셋 유럽 중형주 ETN(H),10555,10555,10555,10555,29,10555
KODEX TRF3070,10155,10200,10200,10040,3866,10050
미래에셋 유럽 대형주 ETN(H),10515,10865,10865,10515,83,10535
TRUE 빅5 동일가중 ETN,10615,10615,10615,10615,0,10520
미래에셋 호주 ASX200 ETN(H),10590,10805,10805,10590,583,10500
SK디스커버리우,15450,16000,16100,14950,21005,15400
미래에셋 에너지화학 Core5 ETN,10370,10300,10370,10300,9,10365
에이리츠,5460,5450,5460,5370,6434,5460
삼성 화학 테마주 ETN,10375,10445,10505,10220,3000,10315
미래에셋 미국 시니어론 100 ETN(H),10225,10225,10225,10225,0,10210
QV KTOP30 ETN,10305,10305,10305,10305,0,10180
신한 구리 선물 ETN(H),10325,10415,10445,10305,1216,10135
세기상사,48750,51000,51500,48500,643,49650
청호컴넷,2270,2250,2295,2120,196714,2340
씨아이테크,975,890,1020,870,888007,1110
하이골드3호,1230,1230,1230,1220,9727,1240
전방,12000,12000,12200,11450,2792,11900
LG하우시스우,19500,19450,19950,18950,1189,19350
삼성 미국 중소형 성장주 ETN,10060,10060,10060,10060,0,9950
지코,306,0,0,0,0,306
KODEX 국채선물10년,72045,72165,72230,71670,8896,71560
대한항공우,17500,17100,18600,16650,106265,17750
태영건설우,7450,7670,7670,7260,48263,7690
ARIRANG KS밸류가중TR,9235,9265,9320,9080,50,9295
ARIRANG 미국S&P500(H),11550,11530,11785,11405,42783,11445
신한 코스피 콘도르 6/10% ETN,9700,9700,9700,9700,0,9700
에이엔피,243,253,255,228,507464,234
KINDEX 중기국고채,107530,107625,107625,107530,30,107525
신한 코스피 월별 양매도 5% OTM ETN,9635,9635,9635,9635,0,9645
세방우,5220,5200,5240,5120,64058,5220
KINDEX 중국본토CSI300레버리지(합성),3260,3300,3310,3210,31839,3300
KOSEF 미국달러선물인버스2X,7480,7570,7570,7335,17900,7445
TIGER 우량가치,8140,8190,8190,7970,5142,8135
