삼성전자,50100,51400,51400,50000,21578328,49250
SK하이닉스,82000,83900,83900,82000,5013553,81300
삼성바이오로직스,566000,560000,576000,555000,456706,579000
삼성전자우,43500,44500,44500,43450,1768421,42650
NAVER,180000,181000,182000,179000,623851,178500
셀트리온,212000,210500,216000,208000,905925,212000
LG화학,351500,362500,369500,351000,503302,354000
LG생활건강,1262000,1225000,1273000,1224000,54112,1299000
현대차,97600,100000,100500,97100,2132540,93500
삼성SDI,283000,287000,294000,278000,859381,283000
삼성물산,95200,95500,97700,95000,388955,93900
SK텔레콤,203500,200000,204500,200000,340048,209500
현대모비스,179500,179000,181000,178000,265218,176500
카카오,175000,172500,179000,172000,857324,175500
POSCO,175500,176000,178000,174500,389752,171000
엔씨소프트,642000,649000,657000,638000,116284,642000
한국전력,21350,20700,21400,20650,3528300,21500
신한지주,28200,28850,28950,28150,1975856,27700
KB금융,31900,32700,32700,31850,2707397,31700
SK,188000,187000,191500,186000,149864,183000
삼성에스디에스,166000,165500,172000,165000,241177,165500
기아차,29350,29950,30100,29200,1590443,28850
LG,60600,61500,62300,60500,324048,62300
KT&G,77900,78100,78600,77600,524233,78000
아모레퍼시픽,177000,180500,182500,177000,293680,172000
삼성생명,48500,49150,49650,48500,739178,47550
SK이노베이션,99000,99200,102500,98300,894930,98500
삼성화재,189000,189500,192000,189000,113464,186500
LG전자,53800,54700,54800,53500,806295,52600
삼성전기,111000,113000,116000,109500,1197632,110000
넷마블,94300,95700,96000,94000,326949,92500
S-Oil,66800,67300,68400,66700,666309,68300
고려아연,399500,400000,406500,398500,50687,396000
하나금융지주,24550,25050,25050,24500,1926013,23750
롯데케미칼,200500,194000,205500,193500,244444,203500
KT,23050,22100,23400,22050,1901363,22800
KODEX 200,25615,25890,25980,25545,7159755,25330
우리금융지주,8120,8220,8260,8070,2446879,7940
한국조선해양,81000,82000,82700,80900,210495,77000
LG유플러스,12400,12200,12700,12200,2434708,12350
강원랜드,24400,24950,25400,24100,1125121,24650
한온시스템,9320,9120,9450,9050,1305458,9180
아모레G,60600,62000,62800,60300,174672,58700
한진칼,81000,109500,111000,77400,6442688,81500
오리온,114500,116500,119500,114500,113425,112500
코웨이,60100,61100,62400,59800,330149,59500
기업은행,7700,7800,7830,7650,3910768,7480
LG디스플레이,11300,11550,11550,11250,2242873,11100
맥쿼리인프라,11200,11200,11300,11150,955414,11200
현대중공업지주,232000,231000,235000,230000,38733,224500
GS,38350,38950,39400,38300,310370,37850
CJ제일제당,235500,237000,239000,234500,51926,233500
미래에셋대우,5320,5490,5500,5260,4023080,5230
CJ대한통운,144500,149500,150000,144000,57105,142500
삼성카드,28600,29050,29150,28500,162641,28050
KODEX 레버리지,9915,10100,10190,9850,78922734,9680
에스원,83600,82700,84600,82700,74954,83300
포스코케미칼,52200,53200,53800,52100,456858,51600
유한양행,46900,46800,48000,46300,554113,46500
이마트,114000,114500,116500,114000,184052,110500
TIGER 200,25640,25900,25990,25555,2313551,25370
한미약품,263000,262500,266000,262000,38376,258500
호텔신라,79400,78300,81900,78000,1100292,77900
LG이노텍,130000,129500,132000,128500,274358,128000
대림산업,81600,78400,84700,77600,736596,81400
DB손해보험,37600,37550,38100,36900,270998,39850
롯데지주,27550,27450,28050,27100,234108,26600
더존비즈온,91400,90900,95400,90000,294332,89800
한국금융지주,47650,49150,49650,47550,336839,47450
한국타이어앤테크놀로지,21500,21400,21850,21200,453960,21300
삼성중공업,4320,4350,4385,4310,5468192,4160
현대제철,19850,19800,20250,19700,1068636,19400
신세계,255000,250000,267000,249000,162446,259500
쌍용양회,4990,4975,5100,4955,1905190,5010
삼성증권,28250,29000,29250,28250,578833,27850
BGF리테일,145500,148000,154000,145500,39374,143000
한국가스공사,27400,26950,27650,26900,413269,26700
NH투자증권,8920,9170,9190,8850,1558139,8720
롯데쇼핑,88500,87300,91400,86800,241261,86700
두산밥캣,24900,22850,26450,22800,2623767,24450
한국항공우주,23600,22700,24400,22600,1115128,24900
GS리테일,31750,31800,32500,31350,204655,31200
한화솔루션,14500,14550,14950,14500,1173738,14400
현대해상,24550,24450,24750,24150,286478,24400
현대차2우B,62000,63700,63700,62000,47329,59700
삼성엔지니어링,11250,11550,11600,11250,1834594,11000
KODEX 200선물인버스2X,6940,6820,6990,6755,157651775,7100
CJ,72000,72400,73500,71900,90274,70700
휠라홀딩스,33250,33500,34300,33150,420368,33750
SKC,50800,51100,52700,50200,494279,53800
하이트진로,29100,28700,29400,28700,266173,28750
금호석유,67900,66200,69200,65600,220381,65800
GS건설,23950,23750,24700,23400,773794,24200
제일기획,17100,16950,17350,16750,845130,16650
오뚜기,536000,533000,542000,532000,5056,526000
일진머티리얼즈,40750,40900,41750,40150,785780,40500
부광약품,28250,27700,30350,26450,17017844,28550
한미사이언스,28150,27600,28400,27600,117827,27300
대우조선해양,16500,16650,17000,16500,286304,16500
팬오션,3300,3260,3420,3260,1974218,3270
농심,288500,288500,291000,287000,33835,283500
KODEX 단기채권,102190,102185,102190,102185,27257,102190
현대엘리베이,66000,64200,69300,63800,1279383,62900
F&F,113000,113000,117000,111000,113518,111000
녹십자,148500,148500,149500,144500,98350,144000
한샘,67500,64700,68600,63800,193527,71300
KG동부제철,16000,13000,17000,13000,185184,16750
동서,17050,16650,17300,16500,148125,16550
포스코인터내셔널,13400,13350,13650,13100,355870,12950
메리츠화재,13750,13800,13950,13650,90807,13900
키움증권,74200,74800,75700,74000,46819,71300
현대백화점,67700,66500,69000,66400,162104,66300
BNK금융지주,4780,4805,4860,4755,1380393,4695
현대로템,16950,14100,17550,14000,14045713,17900
한화생명,1775,1845,1885,1770,13071263,1745
TIGER 단기통안채,100435,100435,100435,100425,281059,100435
신세계인터내셔날,206500,205500,211000,204500,60230,206500
LG생활건강우,696000,680000,702000,678000,4603,699000
한전KPS,31950,31600,32650,31250,140336,31650
NHN,73200,73900,74500,72500,75978,72600
파미셀,24050,19950,24050,19600,52111729,23650
현대차우,58600,60200,60200,58400,127338,57400
KBSTAR 200,25565,25855,25920,25490,622432,25300
효성,66100,66900,67300,66100,63926,65300
대우건설,3360,3345,3460,3305,2108942,3310
한화,17950,18200,18600,17950,301184,17900
메리츠금융지주,9610,9790,9900,9610,58053,9560
한올바이오파마,25000,25600,25950,24950,844296,24450
LG화학우,169000,176000,178000,168500,39936,166000
SK네트웍스,5060,5060,5210,5000,1969029,5120
한화에어로스페이스,23400,23350,24100,23050,311559,24650
대웅제약,113500,125000,129500,113000,658567,107000
KCC,143000,145000,147000,142500,38440,139500
HDC현대산업개발,19100,19000,19650,18850,928067,18750
KODEX 코스닥150 레버리지,7435,7500,7635,7380,30859872,7285
KODEX 종합채권(AA-이상)액티브,109755,109740,109840,109650,5522,109685
HMM,3750,3720,3810,3655,2409306,3685
현대미포조선,30550,30400,30950,30150,145734,29200
이노션,61900,60300,62200,59900,56864,58300
LS,34750,34500,35500,34100,121174,35950
LS ELECTRIC,38950,38650,39500,38300,88080,38200
만도,25300,25500,25700,25050,298425,24350
DB하이텍,23700,24000,24300,23400,849955,24300
태영건설,14100,13900,14500,13800,304644,14050
두산솔루스,33900,32150,33900,31300,2738186,34750
지누스,74200,71900,76700,70800,150495,72300
KODEX 200TR,8055,8160,8170,8035,1029623,7980
두산중공업,4090,3940,4290,3850,6030570,4040
KODEX 인버스,6975,6910,7005,6885,36101654,7055
종근당,92100,90900,93300,90900,41721,91900
코리안리,8100,8100,8330,8040,412477,8140
더블유게임즈,53300,52200,54300,51500,289128,53300
신풍제약,18950,16500,20350,15100,34540587,18350
한국콜마,43000,43050,43900,42750,195894,42400
녹십자홀딩스,21350,21050,21800,20800,124341,20550
영진약품,5030,5020,5150,4990,1449974,5270
TRUE 코스피 양매도 5% OTM ETN,9735,9700,9740,9700,95674,9735
KODEX 삼성그룹,6385,6440,6500,6330,357528,6330
영풍,508000,505000,515000,502000,1640,509000
OCI,39750,39400,40300,39200,171896,39150
한솔케미칼,85200,87500,87500,84200,72750,82500
GKL,15350,15550,15900,15100,306517,14800
한화시스템,8160,7890,8280,7720,972788,8290
SK케미칼,79200,80000,81300,78900,385395,77700
두산인프라코어,4525,4255,4640,4245,9515220,4370
HANARO 200,25580,25950,25950,25510,45936,25310
아시아나항공,4030,4045,4245,3990,7513450,4070
현대위아,34100,35150,35450,34050,216500,33300
금호타이어,3225,3255,3310,3190,619543,3125
한국테크놀로지그룹,9760,9700,9950,9650,131323,9590
롯데리츠,5210,5180,5230,5110,504686,5180
JB금융지주,4440,4410,4475,4410,311120,4370
롯데정밀화학,33500,33300,34650,33150,98172,33000
코스맥스,86000,85400,87600,85300,135308,84400
오리온홀딩스,13800,14150,14300,13650,191432,13500
DGB금융지주,4955,4970,5030,4945,967497,4860
태광산업,760000,756000,773000,756000,1183,727000
현대홈쇼핑,66400,64000,68500,62800,53977,67300
현대오토에버,39000,38600,40150,38500,42448,38400
대웅,14600,15500,16150,14300,1129735,13750
롯데칠성,98800,99900,100500,98200,37173,98300
대한유화,117000,108000,119000,107000,106505,120000
코오롱인더,29600,30350,30700,29550,526010,28800
쿠쿠홈시스,35650,35600,36150,35250,20539,34300
KODEX WTI원유선물(H),6340,6550,6585,6070,65546225,5655
롯데제과,120000,121500,121500,119500,4111,118000
KODEX 단기채권PLUS,102270,102265,102270,102265,8652,102270
삼양식품,98900,101000,101500,97900,68502,98400
롯데관광개발,11200,11150,11500,10950,280591,10600
KODEX MSCI Korea TR,8065,8200,8220,8055,457218,8005
NICE,18950,18850,19900,18800,19589,19250
동아에스티,88800,86300,88800,86000,22169,85800
현대그린푸드,7480,7400,7660,7350,449317,7340
아이에스동서,23950,23850,24500,23650,97592,22900
애경산업,26750,27100,27250,26600,122728,26650
동원F&B,179500,180000,183000,176000,6719,179500
다우기술,15950,16350,16550,15900,132251,15400
아주캐피탈,12050,12200,12500,12050,37299,12000
SK가스,75700,74100,76300,74000,8950,75500
아모레퍼시픽우,65100,64500,66500,64300,34236,64100
미래에셋생명,3765,3680,3790,3600,113860,3750
휴켐스,16800,16600,16850,16400,113097,16200
대상,19200,19400,19600,19100,192091,19050
일양약품,34800,34050,35400,34000,419412,33900
한전기술,16850,16800,17100,16450,165064,16650
두산,38650,38400,39950,38150,177091,37850
후성,6900,6970,7050,6880,960257,6750
에스엘,13350,13500,13650,13250,72012,12950
QV 코스피 변동성 매칭형 양매도 ETN,8895,8890,8895,8890,9,8895
대덕전자,8000,8160,8200,7960,673300,7960
JW중외제약,30750,29500,30950,29100,673043,29650
ARIRANG 200,25725,26015,26070,25650,182546,25450
SPC삼립,72100,72700,73000,72000,11660,69900
쿠쿠홀딩스,86900,88000,88800,86500,6636,84600
한진,45900,48000,48100,44850,692404,48700
풍산,20100,19450,20400,19000,273393,20700
락앤락,11400,11600,11750,11350,146085,10650
KODEX 코스닥 150,10020,10075,10145,9970,4754936,9920
하나투어,41750,41000,42650,40950,199762,41000
TIGER MSCI Korea TR,10170,10300,10300,10140,93785,10055
KINDEX 200,25785,26095,26135,25700,590849,25520
종근당홀딩스,114000,114500,116000,112500,19670,112500
넥센타이어,5950,5940,6100,5940,445719,5730
한섬,23500,22700,24100,22700,131907,22600
빙그레,55500,54000,56800,54000,91362,55900
대한전선,648,644,656,627,2191841,640
제이콘텐트리,34200,35200,35700,34100,163893,33400
보령제약,12600,12800,12900,12600,414869,12350
동원시스템즈,21600,21600,21900,21500,21899,21050
동아쏘시오홀딩스,89500,88600,90300,88400,11409,87300
CJ CGV,25100,24000,25350,24000,566362,25050
한일현대시멘트,32200,30150,33850,30150,264758,31400
HDC,9070,8920,9210,8880,426529,8800
KOSEF 200,25925,26190,26280,25830,245268,25645
제주항공,20150,19900,21800,19850,780380,19800
남선알미늄,4455,4515,4610,4455,16975546,4695
효성티앤씨,119000,118500,121500,118500,11288,118500
S&T모티브,35400,35150,35850,35000,49976,34800
한진중공업,4700,4475,4745,4475,245221,6110
롯데하이마트,22100,21900,22700,21650,133167,21500
씨에스윈드,30250,30000,31000,29950,29799,29150
삼화콘덴서,49200,49700,50500,49050,219580,48350
KODEX 코스닥150선물인버스,7330,7300,7365,7235,48798483,7400
롯데정보통신,31950,32050,32650,31650,40964,31300
영원무역홀딩스,35300,35450,36700,35250,5769,35000
LG상사,12600,12800,12950,12600,380659,12250
현대에이치씨엔,4060,4100,4130,4035,440523,4190
SK디스커버리,25350,26050,26300,25250,203161,24800
서흥,40950,41250,41900,40100,56372,40800
동양생명,2965,2955,3005,2870,146256,2915
유안타증권,2385,2420,2445,2365,354831,2340
KODEX Top5PlusTR,11695,11945,11945,11690,26074,11470
삼성 코스피 양매도 5% OTM ETN,9305,9295,9305,9295,501,9305
대신증권,9250,9410,9450,9180,245164,9090
경동나비엔,36750,36000,37250,35300,70662,36100
진원생명과학,14300,14300,14600,13000,6928142,13800
한국토지신탁,1780,1765,1795,1745,708446,1755
대한해운,17950,18400,18550,17950,104607,18000
롯데손해보험,1470,1490,1520,1450,475315,1415
두산퓨얼셀,8070,7870,8090,7790,1639937,7880
한세실업,11000,10900,11400,10800,202019,10900
SK디앤디,23850,24150,24550,23800,57475,22850
KODEX 코스피,19470,19615,19710,19330,234058,19265
삼성화재우,135000,135500,136000,134000,3075,134000
신영증권,46400,46000,46400,45600,7852,45400
삼양홀딩스,51600,50600,52400,50500,14672,49700
화승인더,7770,7950,8070,7740,1238890,7610
지역난방공사,35950,34750,36350,34750,12308,36050
덴티움,37900,38400,39300,37650,97707,37550
풀무원,10650,10500,10850,10400,143730,10800
이월드,4290,4240,4470,4230,4825499,4260
미래에셋대우2우B,2950,2985,2995,2945,547779,2890
대교,4805,4850,4870,4790,318265,4755
한미반도체,7890,7800,7950,7650,210030,7800
롯데푸드,352500,360000,363000,351500,3138,354500
BGF,4285,4340,4435,4245,325373,4125
미원에스씨,75000,76500,76500,75000,1834,74400
한국콜마홀딩스,22350,22350,23050,22150,125190,21800
남해화학,8140,7900,8330,7820,693490,7810
동국제강,4150,4055,4255,4055,331854,4040
세방전지,28150,28100,28800,27900,42356,27350
제일약품,26600,26550,27000,26300,25795,26000
맵스리얼티1,4130,4100,4160,4070,159963,4090
KINDEX 단기통안채,100555,100550,100555,100545,985,100555
SMART 200TR,8370,8455,8475,8345,51067,8285
TIGER 단기채권액티브,50250,50245,50255,50245,3930,50250
삼양사,36300,36300,36700,36050,24807,35400
드림텍,5360,5270,5390,5250,357217,5800
우리종금,550,553,565,548,2335032,538
LF,12650,12750,13000,12550,116412,12100
웅진씽크빅,2660,2625,2665,2590,973308,2620
LG전자우,20950,20950,21400,20800,80731,20450
현대건설기계,18300,18000,18700,17600,290444,17800
LG하우시스,40000,39500,40600,39100,46989,39100
KOSEF 200TR,29270,29500,29660,29180,5243,28945
일진다이아,24500,23800,25150,23100,452615,24450
한일시멘트,85500,83900,88100,82500,20335,83700
KODEX 선진국MSCI World,13365,13390,13435,13320,13480,13310
케이씨텍,17650,17850,17950,17450,93565,17300
서울가스,69800,69100,71300,69100,367,68600
유니드,39250,39350,40200,39050,21270,38500
아이마켓코리아,9930,9900,10050,9730,85519,9520
TIGER 200 IT,21085,21500,21530,21000,174344,20955
HANARO 단기통안채,102470,102470,102470,102470,29,102475
스카이라이프,7230,7260,7270,7170,65330,7090
에이프로젠 KIC,2315,2115,2345,2110,8944637,2195
삼진제약,24450,23850,24550,23550,70033,24200
농심홀딩스,73100,73700,74700,73000,1890,72500
LG헬로비전,4415,4265,4420,4260,420428,4340
SBS,19200,19650,19700,18950,176421,18300
이리츠코크렙,5390,5200,5440,5170,167962,5260
퍼시스,28250,28300,28300,27700,19591,28750
한화투자증권,1590,1610,1635,1585,1014441,1540
율촌화학,13450,13500,13600,13450,36090,13300
디피씨,8220,8350,8480,8090,4315060,7900
효성화학,99900,96800,103000,95600,50208,103000
JW홀딩스,5020,4995,5080,4965,206495,4930
효성첨단소재,74400,74000,76200,73600,31683,73100
TIGER 코스닥150,10040,10080,10160,9990,1196467,9940
한국쉘석유,255500,257000,259000,255000,2396,251000
잇츠한불,15150,15300,15500,14950,42665,14650
진에어,11100,11300,11650,11000,644920,10700
신영증권우,45800,45750,46000,45650,3069,45350
광동제약,6090,6070,6210,5990,247256,6070
한솔제지,13400,13700,13750,13250,151754,13350
에이프로젠제약,1380,1255,1525,1255,57429516,1310
세아베스틸,9180,9020,9280,8940,80856,8810
도화엔지니어링,9350,8920,9750,8890,1187631,9240
신한알파리츠,6660,6700,6700,6600,84499,6520
미원상사,61600,61700,62000,61000,1167,60900
한라홀딩스,29550,30000,30400,29550,33809,29150
송원산업,12100,11400,12250,11300,380894,12700
삼호,19800,20550,20850,19800,30616,20050
한독,22500,22450,22900,22250,37484,22000
일동제약,13050,13050,13300,12950,58038,12700
해성디에스,14550,14950,15050,14400,112658,13950
한화3우B,10600,10750,10800,10550,65850,10500
삼영무역,12900,13100,13250,12800,19199,13400
KPX케미칼,48700,49600,50200,48200,2276,48400
쌍용차,1615,1530,1675,1480,3315535,1555
한국화장품,15100,15300,15550,15050,672401,14500
남양유업,332000,329000,337500,329000,1871,323500
교보증권,6590,6700,6770,6570,197216,6460
E1,34900,35000,35300,34700,9946,33900
넥스트사이언스,7120,7300,7350,7080,524661,7320
국도화학,41750,43200,43250,41500,8825,39950
용평리조트,4990,4820,5270,4800,1287162,4755
광주신세계,144500,142000,146500,142000,706,142000
S&T홀딩스,14150,13650,14350,13650,17288,13800
삼성출판사,23200,22950,23450,22600,260834,22250
삼양패키징,15600,15500,15850,15450,40834,15600
IHQ,1545,1575,1575,1530,1321356,1510
현대차증권,7650,7780,7800,7600,118308,7520
신대양제지,55000,56000,56500,54600,19212,54700
풍산홀딩스,28400,28400,28750,28050,2947,28050
삼성 레버리지 WTI원유 선물 ETN,2085,0,0,0,0,2085
하나 코스피 변동성추세 추종 양매도 ETN,8750,8750,8750,8750,1,8750
제일파마홀딩스,14000,14100,14600,13950,67670,13550
애경유화,6950,6920,6980,6850,137030,6750
LS전선아시아,7010,6860,7110,6860,154829,7050
CJ4우(전환),51200,50900,51600,49900,17947,50400
삼익THK,10400,10350,10650,10250,41599,10100
대상홀딩스,6130,6220,6360,6090,272893,5810
신세계푸드,53400,53100,54400,52700,29672,54000
대신증권우,8050,8120,8140,7990,108288,8000
대한제분,124000,127000,127000,123000,5168,123000
TIGER 차이나CSI300레버리지(합성),18195,18300,18300,17840,128711,17930
코스모화학,8120,8320,8430,8060,540217,7860
한국주철관,8900,8960,9160,8880,63629,8940
토니모리,11900,11800,12500,11500,746485,11550
에어부산,3875,3815,4035,3745,1250741,3880
나노메딕스,5560,5620,5730,5460,1269356,5420
예스코홀딩스,33700,32550,33900,32550,1737,33600
케이씨씨글라스,25200,25050,25500,24850,94507,24100
해태제과식품,7010,6780,7140,6780,131763,6890
이연제약,12400,12350,12650,12250,48107,11950
현대리바트,9720,9510,9900,9450,239899,9730
무림P&P,3300,3290,3345,3260,209556,3190
KOSEF 국고채10년,126165,125955,126395,125865,34487,125975
한세예스24홀딩스,4895,4880,4950,4820,46346,4810
TIGER 미국나스닥100,48005,49000,49000,47615,90847,47990
유진투자증권,1980,1970,2035,1965,498128,1980
ARIRANG 고배당주,8785,8805,8885,8725,113561,8675
현대상사,15250,14350,16100,14050,508053,14400
효성ITX,15650,15900,15900,15400,75806,16400
일신석재,2650,2435,2860,2420,56475478,2440
KISCO홀딩스,10150,9930,10200,9930,6803,10150
신세계 I&C,109000,111500,112500,108000,4863,109000
KINDEX 중국본토CSI300,23260,23005,23285,22605,9199,23110
TIGER 차이나CSI300,8760,8790,8790,8605,424919,8630
QV 코스피 양매도 5% OTM ETN,9275,9275,9275,9275,1,9275
동아지질,16800,16050,17900,15600,938986,16100
KPX홀딩스,43800,44050,44400,43800,1120,43550
케이씨,13900,14100,14300,13600,23903,13550
ARIRANG 단기유동성,111685,111680,111690,111680,2037,111685
대원강업,3030,2910,3035,2910,36265,2920
성신양회,7700,7240,8130,7130,1687796,7380
일진홀딩스,3810,3900,3940,3770,237215,3665
S&T중공업,5470,5430,6500,5410,324933,5400
휴비스,5310,5230,5400,5180,391639,5200
티웨이항공,3910,3825,4030,3825,1044356,3810
한국철강,3885,3850,3955,3835,134790,3870
경보제약,7660,7610,7800,7600,36641,7440
세화아이엠씨,2990,0,0,0,0,2990
삼성 인버스 2X 천연가스 선물 ETN,20430,19785,20515,19785,13374,17705
한국금융지주우,30850,31150,31250,30500,31130,30200
부국증권,17350,17150,18000,17150,3499,16850
아세아,82600,82500,83300,81800,2761,79500
동부건설,7950,7880,8150,7800,54666,7930
한솔테크닉스,5550,5620,5670,5510,298541,5340
선진,7210,7380,7380,7150,47123,7170
무학,6090,6040,6210,6020,84176,5980
KINDEX 베트남VN30(합성),11515,11595,11595,10800,52884,11075
종근당바이오,30950,31100,31400,30650,71730,30450
KBSTAR 코스닥150,9890,9885,9990,9825,36380,9790
세방,8830,8730,8900,8700,29734,8610
KG케미칼,12800,12900,13250,12650,254529,12650
유니퀘스트,6120,6150,6220,5970,360737,6030
아시아나IDT,14600,14750,15250,14450,259965,14750
AJ네트웍스,3545,3550,3575,3490,90899,3480
세원셀론텍,2745,2925,2925,2680,713341,2665
TIGER 중국소비테마,6190,6310,6335,6190,56110,6135
KSS해운,7030,7140,7210,7000,35689,6980
한국화장품제조,36650,36800,37800,36500,158846,35650
동성코퍼레이션,3555,3555,3645,3510,121035,3555
신한 인버스 2X 천연가스 선물 ETN(H),9385,9150,9435,9150,97571,8075
신한 인버스 2X WTI원유 선물 ETN(H),11480,10775,12285,10735,2686969,13245
대성홀딩스,9750,9550,9820,9480,32269,9830
부산산업,154000,144000,173500,142500,740953,149500
한국패러랠,1950,1950,1955,1940,43819,1950
HANARO 200TR,29295,29755,29755,29210,173,28980
효성중공업,17400,16600,17500,16150,109068,16600
신한 레버리지 천연가스 선물 ETN(H),3330,3415,3420,3315,1433338,3770
S-Oil우,38750,39150,40300,38450,34523,38350
신성이엔지,905,924,924,896,1740414,886
흥국화재,2420,2400,2510,2400,69926,2390
SIMPAC,2435,2435,2450,2395,51772,2340
삼양통상,50600,50800,51400,50100,4474,50900
KODEX 골드선물(H),11945,11925,12000,11890,497248,12075
신성통상,1080,1110,1140,1075,2528406,1055
대한제당,17000,17150,17150,16950,8445,16900
동아타이어,11250,11100,11250,10950,1603,11000
신라교역,9480,9500,9650,9410,21594,9300
팜스코,4070,4075,4100,4035,94544,4015
대한제강,5980,5880,6040,5880,73362,5980
LS네트웍스,1960,1845,2200,1830,739801,1870
이수화학,9950,10200,10200,9820,517034,9630
삼성전기우,51700,52300,53900,51000,37813,50600
TIGER 글로벌4차산업혁신기술(합성 H),11730,11685,11745,11540,77051,11635
TIGER 헬스케어,31950,31910,32210,31740,98500,32025
DI동일,61600,62500,62600,61000,8241,59600
노루페인트,7140,7090,7240,7090,115183,7140
삼영전자,7290,7190,7360,7160,31432,7130
DB,710,734,734,702,1104587,705
한신공영,12500,12300,12800,12250,64106,12250
알루코,1955,1870,1980,1825,1044851,1900
신원,1740,1660,1800,1655,11919283,1660
TIGER 경기방어,9930,9805,9980,9805,17390,9930
한국공항,41250,36800,43500,34550,344900,44350
LG우,42400,43000,43000,42200,6044,42300
한솔홀딩스,3035,3015,3125,3000,118699,2970
사조산업,28350,28200,29100,28050,24340,28000
미래에셋 코스피 양매도 5% OTM ETN,9320,9300,9320,9300,31,9320
현대차3우B,58700,60000,60200,58700,14617,57500
CJ씨푸드,4020,4115,4165,3990,4463754,3870
코스맥스비티아이,15000,15050,15200,14550,29171,14400
텔코웨어,13800,14500,14550,13800,40939,14150
대성산업,3210,3170,3270,3090,218568,3035
현대약품,4295,4260,4350,4240,292007,4285
남광토건,10750,9450,11150,9450,413784,13950
계룡건설,15450,15700,15750,15400,22056,15350
태경산업,4575,4455,4660,4455,59923,4605
한창제지,2205,2120,2220,2100,7481708,2255
아모레G우,21200,21500,21650,21100,22555,20850
쌍방울,993,994,1015,985,3599032,958
DB금융투자,3210,3290,3290,3210,162367,3130
KTB투자증권,2250,2280,2305,2240,254927,2200
NH투자증권우,7110,7210,7210,7070,74639,7030
큐로,865,865,869,850,1494592,833
국제약품,7380,7090,7460,6900,2924226,7180
삼호개발,4380,4290,4435,4200,650459,5280
CJ제일제당 우,101000,103000,103000,100000,4474,99200
HDC아이콘트롤스,8220,8080,8280,8080,41820,7980
삼익악기,1495,1495,1515,1480,471058,1445
GS글로벌,1640,1620,1685,1610,327351,1585
HANARO MSCI Korea TR,10180,10275,10330,10160,50,10055
깨끗한나라,3680,3720,3720,3590,937467,3505
명문제약,5460,5730,5780,5460,1702907,5300
SG세계물산,677,681,684,675,827834,644
자화전자,7520,7450,7680,7300,148744,7250
TIGER 미국S&P500선물(H),33270,33200,33460,33110,122779,32640
이수페타시스,3005,3000,3075,2985,569599,3140
유화증권,2300,2325,2325,2295,29308,2285
고려개발,8400,8290,8480,8110,25660,8450
마니커,831,833,836,819,4642054,811
STX엔진,5570,5280,5680,5280,37737,5570
샘표식품,28600,28600,28900,28300,7636,28000
비티원,3380,3450,3475,3265,503985,3220
삼광글라스,26850,26900,27100,26550,12233,26300
진양홀딩스,2305,2300,2305,2280,86458,2280
KBSTAR 코스닥150선물레버리지,7325,7405,7535,7265,150563,7195
백산,5470,5160,5550,5150,584842,5260
동양물산,1050,1015,1055,1000,3574804,1010
대성에너지,4625,4635,4665,4585,25595,4600
아남전자,1655,1640,1720,1600,1509035,1640
사조동아원,947,955,965,937,1656859,895
일신방직,54400,55000,55000,54000,1975,52600
크라운해태홀딩스,8660,8420,8980,8420,99151,8500
한라,2830,2690,2870,2655,270003,3220
두산우,32000,32500,32800,31850,36689,31200
대림산업우,33550,32600,34200,32450,35537,32550
동양철관,1105,1025,1150,1010,10091529,1040
노루홀딩스,9300,9250,9430,9170,8846,9290
HDC현대EP,3720,3640,3775,3510,379038,3870
한진중공업홀딩스,3205,3300,3300,3155,33497,4155
디씨엠,10550,10600,10950,10550,26032,10450
NPC,3400,3345,3460,3315,122363,3320
KODEX 배당가치,8515,8600,8600,8500,2325,8405
백광산업,2750,2760,2795,2735,1814874,2710
STX,6150,6190,6270,5980,30816,6110
한국ANKOR유전,1720,1730,1730,1720,4201,1720
이아이디,226,222,227,216,9852751,219
사조대림,13450,13650,13650,13400,25122,13100
BYC,193500,196000,196000,192500,282,192000
카프로,3080,3010,3135,2960,506281,2990
동일산업,49000,49550,49550,48250,3364,49300
대신 골드 커버드콜 타겟 5%인컴 ETN(H),11680,11700,11700,11675,171,11925
코오롱플라스틱,3260,3290,3350,3260,234389,3125
삼성물산우B,73300,74100,74100,73000,10499,71700
서원,2480,2475,2570,2440,3097759,2455
KODEX 단기변동금리부채권액티브,101945,101945,101945,101945,1,101945
대우부품,2375,2275,2545,2250,14297336,2435
삼일제약,18200,17450,18200,17450,55103,17650
삼부토건,757,710,800,707,8054063,819
세아제강,40400,40800,40800,40100,4422,39700
보해양조,915,875,949,875,7369981,880
자이에스앤디,4320,4350,4390,4320,111394,4180
인디에프,2050,2015,2165,2000,7420941,1895
S&TC,15200,15400,15500,14900,42087,14850
상상인증권,1185,1180,1210,1170,250198,1150
세진중공업,2955,2970,3020,2935,102778,2845
대동공업,4655,4595,4690,4500,213505,4590
강남제비스코,16750,16300,16800,16150,10896,16700
TIGER 코스피,19370,19555,19615,19320,50212,19150
TIGER 200선물레버리지,7430,7575,7640,7385,886547,7265
극동유화,3085,3065,3125,3065,442288,3050
현대비앤지스틸,6900,6830,7070,6760,65062,7050
인천도시가스,24800,24050,24800,24050,4349,24250
코오롱머티리얼,1595,1655,1665,1515,1111332,1545
대한화섬,79000,83300,83300,78900,436,79800
화성산업,8750,8690,8870,8500,46478,8500
신한 S&P500 VIX S/T 선물 ETN B,32090,31725,32295,31405,9474,35250
보락,1810,1780,1835,1765,545241,1755
HSD엔진,3220,3160,3300,3120,714416,3150
동남합성,27900,27600,28100,27500,5343,28450
화승알앤에이,1615,1630,1635,1595,32873,1585
삼성 KTOP30 ETN,10320,10430,10495,10320,117255,10205
대한방직,19350,19450,19750,19300,3783,19250
두산솔루스1우,14100,13700,14550,13600,213633,13850
디와이,3980,3935,4040,3875,96586,3875
백광소재,3700,3665,3715,3630,561242,3690
미창석유,58200,57000,58700,57000,2645,58500
써니전자,3150,3400,3405,3120,6044911,3015
경동도시가스,17150,17250,17250,16900,9538,17100
TIGER 코스닥150 레버리지,7900,7960,8100,7810,447300,7715
신세계건설,24350,25400,25550,24350,48049,25000
벽산,1485,1530,1540,1475,534511,1450
성창기업지주,1420,1445,1450,1405,232652,1425
조선선재,79100,79300,79400,78600,2450,79000
제이에스코퍼레이션,7600,7360,8350,7360,173571,7440
한전산업,3120,3085,3145,3085,34540,3040
제주은행,3045,2980,3050,2970,57409,3080
디아이,3060,2970,3070,2940,221554,3130
광전자,1735,1740,1745,1720,48389,1700
금양,2235,2195,2300,2175,217557,2220
SH에너지화학,892,900,900,883,2220329,871
대창,1090,1115,1115,1075,1470406,1060
KINDEX 200TR,15010,15200,15220,15010,678,14855
TIGER 200선물인버스2X,7145,7005,7185,6945,2708125,7305
삼화전기,15050,15200,15350,14700,99404,14550
미원화학,43200,43200,43500,43200,240,43200
크라운제과,7700,7610,7720,7550,76319,7560
샘표,33700,34350,34350,33350,11117,32700
세아특수강,11250,11300,11500,11150,7029,10950
퍼스텍,1790,1750,1855,1725,572682,2005
세이브존I&C,2310,2305,2375,2265,42385,2275
일동홀딩스,8200,8220,8320,8170,9109,8090
비상교육,7380,7300,7490,7220,114818,7170
TIGER 미국S&P500레버리지(합성 H),14730,14700,14925,14610,161022,14115
YG PLUS,1655,1640,1720,1550,3365629,1600
유니켐,1445,1455,1475,1430,356443,1375
KODEX 은선물(H),3325,3300,3350,3280,805515,3350
윌비스,1455,1505,1580,1445,19249198,1455
제이준코스메틱,3265,3245,3375,3170,543083,2990
우성사료,3080,3070,3150,3030,1543806,2950
금호에이치티,3535,3515,3890,3445,147377,3530
티웨이홀딩스,1250,1200,1345,1175,2763702,1185
세종공업,4145,4040,4180,4030,122154,4010
호전실업,11400,11500,11650,11350,3682,11300
신흥,9400,9410,9480,9300,5785,9380
NH프라임리츠,4850,4860,4860,4810,51195,4800
우리들휴브레인,2620,2520,2630,2485,1949336,2490
SK이노베이션우,72500,71500,73900,71500,15285,71400
KEC,767,782,782,761,1104017,756
한창,2575,2520,2765,2490,14652311,2525
KB 코스피 마운틴 ETN,8730,8730,8730,8730,0,8755
광명전기,2085,2060,2185,2035,1603008,2020
조비,18300,17850,18800,17650,320160,16850
ARIRANG 코스피50,17830,18060,18070,17710,18767,17640
기신정기,3040,3055,3085,3010,63634,2990
삼화왕관,40350,40100,40450,40100,443,40300
콤텍시스템,1310,1315,1345,1300,1450545,1275
서연이화,3300,3325,3430,3260,96062,3195
웰바이오텍,2070,2055,2115,2045,575166,2005
현대코퍼레이션홀딩스,9850,9400,10100,9330,139547,9470
다스코,6010,5730,6440,5670,1954630,5580
일진전기,2365,2300,2390,2250,208503,2300
KODEX Fn성장,11140,11215,11215,11130,1143,11035
우리들제약,6640,6540,6830,6510,732734,6500
디와이파워,7980,7660,8180,7540,247607,7660
CJ우,38150,38000,38450,37550,6285,37300
태평양물산,1800,1785,1810,1750,669706,1685
무림페이퍼,2090,2100,2120,2075,160533,2020
테이팩스,17750,18000,18400,17300,17426,17800
동성화학,15850,15500,15950,15450,38194,15700
지엠비코리아,4545,4365,4590,4280,235173,4370
영흥,993,988,1020,980,829177,969
KODEX 국고채3년,57695,57725,57740,57695,7745,57695
한미글로벌,7870,7550,8120,7440,199756,7510
KODEX KRX300,11905,12110,12110,11900,26891,11720
일진디스플,2985,3025,3070,2950,262042,2890
웅진,1070,1080,1080,1055,442644,1030
대호에이엘,2830,2295,2865,2260,6970901,3000
지투알,5090,5060,5140,5000,10684,4905
SK우,146500,145000,148500,144000,13297,143500
키다리스튜디오,4805,5020,5070,4730,97757,4780
조흥,135500,131500,137500,131500,211,135000
삼원강재,2070,2050,2125,2035,31229,2025
세원정공,8090,0,0,0,0,8090
KC그린홀딩스,3780,3650,3800,3650,154415,3600
휴니드,5350,5470,5470,5300,75372,5710
천일고속,56200,56400,56700,55300,356,55600
황금에스티,5910,5520,5950,5490,169745,5640
대림씨엔에스,6370,6150,6440,6100,83495,6190
성보화학,3950,3960,3970,3910,30799,3930
그린케미칼,3215,3170,3230,3140,29543,3255
남성,2210,2250,2270,2200,578228,2150
금호석유우,26100,25400,26250,25400,17104,25750
한국내화,3535,3385,3750,3380,1354118,3405
DRB동일,3990,4120,4120,3950,54963,3905
수산중공업,1510,1490,1550,1470,1223091,1435
대현,1820,1765,1840,1750,159746,1740
동양고속,26850,26700,27050,26650,4279,26600
대유에이텍,749,750,754,740,196711,720
한양증권,6170,6050,6830,5970,481001,6020
KODEX 미국S&P500선물(H),13680,13625,13735,13590,88510,13400
부국철강,3815,3590,3815,3545,766328,3800
대신증권2우B,7650,7760,7760,7610,33251,7560
ARIRANG 코스피TR,9310,9380,9440,9310,2924,9220
오리엔트바이오,762,762,775,753,1227390,734
범양건영,2775,2750,2890,2750,910834,3000
평화산업,1175,1130,1180,1120,626432,1350
TIGER 부동산인프라고배당,4470,4460,4485,4455,80133,4405
유유제약,11700,11750,11900,11450,136133,11500
화신,2130,2150,2180,2120,201746,2095
시디즈,37400,40350,40350,37150,12031,36400
KBSTAR 단기국공채액티브,100845,100845,100850,100835,59114,100855
KBSTAR 국고채3년선물인버스,99475,99505,99505,99450,36,99590
유니온머티리얼,1760,1805,1805,1745,418180,1715
KTcs,1725,1725,1745,1710,473604,1685
유양디앤유,1220,0,0,0,0,1220
KODEX 미국달러선물,10755,10755,10775,10725,77131,10845
쎌마테라퓨틱스,7180,7670,8430,7010,1575764,7060
우진,3855,3600,4060,3540,3075845,3515
두올,2755,2760,2900,2690,570658,2620
영풍제지,3200,3185,3245,3185,48272,3190
수출포장,18150,17950,18350,17750,6552,17650
조광페인트,5460,5250,5500,5250,49685,5500
금강공업,2935,2940,2990,2920,51652,2875
엔케이,907,918,939,902,383586,875
TIGER 2차전지테마,7160,7255,7355,7130,337511,7095
사조오양,7720,7950,7950,7670,145734,7410
TIGER 차이나HSCEI,12405,12535,12535,12350,1803,12245
신영와코루,79000,79100,80700,78100,716,77400
서연,3160,3200,3200,3120,259111,2960
참엔지니어링,1315,1325,1325,1265,268334,1285
남영비비안,1050,1085,1105,1045,2262381,1005
포스코강판,11700,11650,11800,11600,36272,11500
동방,2190,2190,2320,2150,6804273,2060
신풍제약우,31200,27350,33900,24650,1341079,31150
KCTC,2335,2340,2420,2290,844736,2260
삼성 인버스 2X WTI원유 선물 ETN,11765,11060,13500,11025,8951697,13555
대유플러스,652,646,655,638,479663,632
대원전선,1020,985,1045,972,1679454,988
MH에탄올,9290,9360,9400,9240,220426,9100
한국제지,13600,13550,13700,13350,35658,13400
사조씨푸드,3970,4020,4030,3915,190172,3890
KBSTAR 200IT,9475,9595,9595,9430,7477,9365
한농화성,4260,4210,4345,4135,52490,4240
새론오토모티브,3535,3545,3645,3490,15873,3435
미래산업,83,84,92,81,185669478,78
유성기업,2615,2535,2615,2525,82062,2530
화천기공,30650,30900,30900,30400,3409,29800
경동인베스트,27900,27850,28450,27150,6558,27500
KBSTAR 금융채액티브,101590,101550,101595,101550,37,101565
KBSTAR 국채선물10년,57275,57200,57380,57195,383,57230
한국석유,99400,96100,103000,95700,19298,97000
대림통상,4085,4050,4135,4000,7848,4145
KODEX 2차전지산업,7470,7600,7695,7410,295535,7410
영화금속,1420,1455,1470,1415,1469128,1380
KBSTAR 중기우량회사채,104565,104565,104565,104505,214,104500
대창단조,22250,21600,22550,21600,15709,21450
가온전선,15000,15100,15100,14700,11004,14700
이건산업,5820,5660,5980,5630,206549,5580
우신시스템,3470,3505,3525,3415,68804,3325
고려산업,2540,2565,2620,2540,413496,2440
KBSTAR KQ고배당,10115,10100,10190,10065,950,10045
인지컨트롤스,4100,4045,4120,3985,198512,4005
STX중공업,2200,2120,2230,2120,62957,2140
동일고무벨트,4605,4565,4650,4565,16095,4535
세하,2055,2095,2095,2020,67744,1995
화천기계,2830,2895,2960,2820,2554600,2680
에넥스,1040,930,1110,919,11655167,980
KODEX MSCI Korea,12255,12505,12505,12195,1096,11985
DSR,3700,3645,3785,3595,86708,3670
엔케이물산,720,730,731,710,1098128,699
KC코트렐,4690,4550,4770,4550,238793,4470
대림B&Co,3390,3475,3475,3380,23767,3470
신한 WTI원유 선물 ETN(H),3100,3200,3200,2995,436431,2405
서울식품,177,182,184,177,19286597,170
대구백화점,5280,5200,5310,5170,5935,5300
주연테크,537,0,0,0,0,537
일성건설,1050,1020,1105,1000,2019919,1060
KODEX 중국본토 A50,17330,17295,17350,17200,3138,17255
상신브레이크,2695,2745,2745,2685,68836,2650
까뮤이앤씨,1230,1370,1440,1230,21167731,1260
제일연마,5820,5660,5890,5660,11132,5670
모나미,3120,3150,3175,3055,1188413,3000
태경케미컬,4935,4990,4990,4910,33443,4875
한익스프레스,4820,4730,4935,4725,537725,4705
KB Wise 분할매매 ETN,9495,9585,9585,9495,2,9410
삼정펄프,23200,22900,23350,22900,3610,22550
유한양행우,47200,47600,48000,46500,10936,47200
혜인,4455,4350,4525,4310,497539,4365
체시스,2220,2205,2240,2150,803633,2270
SMART KRX300,11955,12105,12125,11935,1345,11745
디아이씨,1405,1440,1440,1395,159648,1385
국동,1860,1860,1930,1825,4101571,1780
만호제강,13400,13000,13400,12800,6393,12900
SG충방,1240,1205,1255,1185,273888,1190
화인베스틸,1905,1870,1980,1825,348954,1795
영보화학,2655,2565,2820,2530,174284,2650
대양금속,2460,2460,2535,2445,686543,2380
GS우,30050,30100,30200,29850,6285,29650
TIGER 인버스,7645,7565,7665,7535,564782,7730
CS홀딩스,45700,45950,45950,45050,1230,45500
TIGER 미국MSCI리츠(합성 H),10920,11000,11000,10850,11915,10490
TIGER 미국채10년선물,13000,12940,13000,12915,30445,13110
휴스틸,7020,6880,7120,6620,21345,6850
KBSTAR KRX300,11985,12080,12115,11890,78012,11850
삼성 레버리지 천연가스 선물 ETN,3625,3710,3715,3600,809841,4170
KOSEF 통안채1년,101760,101750,101760,101745,298614,101760
DSR제강,3675,3635,3760,3590,76649,3600
세우글로벌,1940,2000,2005,1925,3363624,1800
KODEX 은행,5040,5130,5130,5040,145693,4960
ARIRANG 코스피,19630,19735,19870,19495,63684,19365
파워 200,26025,26195,26400,25960,91038,25765
한국특수형강,1550,1435,1550,1430,445444,1550
금비,51900,50100,52400,50100,925,49800
KODEX 고배당,6730,6770,6835,6730,25691,6640
대원화성,1225,1170,1250,1160,244979,1200
우진아이엔에스,6600,6820,6870,6600,35841,6490
미래아이앤지,386,381,399,379,1246197,382
두산솔루스2우B,30700,28800,32650,28600,299674,30000
TIGER 중장기국채,53665,53660,53675,53555,978,53400
NI스틸,1750,1725,1805,1720,87580,1710
KB KTOP30 ETN,9780,9780,9780,9780,50,9780
삼성공조,6160,6190,6330,6090,13984,5980
메타랩스,987,989,1010,975,307425,929
폴루스바이오팜,1225,0,0,0,0,1225
한국프랜지,1670,1645,1680,1610,585457,1570
TRUE 레버리지 천연가스 선물 ETN(H),10585,10810,10850,10540,89463,11940
KB KQ 우량주30 ETN,9535,9785,9785,9535,116,9525
인터지스,1605,1665,1665,1575,42287,1600
대교우B,2565,2580,2585,2555,162779,2450
부국증권우,15950,15950,16100,15950,901,15850
동양피스톤,3700,3790,3795,3640,87743,3585
KODEX 중국본토CSI300,10260,10295,10300,10025,55260,10175
QV Big Vol ETN,9390,9390,9390,9390,0,9355
평화홀딩스,3180,3190,3190,3085,46415,3195
유화증권우,2660,2615,2690,2615,24356,2660
두산퓨얼셀1우,3505,3590,3590,3400,90137,3460
한신기계,1455,1440,1470,1430,218847,1425
유엔젤,3625,3610,3740,3400,244880,3500
삼성 코스피 풋매도 ETN,9295,9300,9300,9295,2,9200
롯데지주우,47700,46850,48050,46850,3559,46500
ARIRANG 200동일가중,6840,6810,6905,6770,46492,6700
KB 코스피 양매도 5% OTM ETN,9120,9115,9120,9115,2,9105
티에이치엔,2620,2615,2660,2590,121437,2525
TRUE 코스피 양매도 ATM ETN,9030,9020,9030,9020,3,9060
미래에셋대우우,3290,3300,3365,3280,26873,3210
KODEX 미디어&엔터테인먼트,12265,12340,12410,12185,25261,12180
KODEX IT,12515,12730,12780,12405,22370,12370
TRUE 코스피 양매도 3% OTM ETN,8900,8890,8900,8890,5,8900
신풍제지,1300,1270,1305,1260,158251,1265
유니온,2885,2935,2975,2835,228550,2795
TIGER 국채3년,111545,111460,111565,111460,130,111480
한국종합기술,4095,4090,4310,4040,266464,3970
KODEX 200exTOP,8690,8760,8760,8690,1031,8620
페이퍼코리아,1305,1285,1325,1270,209529,1220
문배철강,2205,2120,2280,2120,379859,2075
신송홀딩스,3530,3670,3720,3530,89511,3585
KODEX 반도체,22510,22830,22830,22490,43687,22270
덕성,2740,2770,2820,2725,234852,2690
이구산업,1300,1295,1330,1260,448216,1255
SK케미칼우,29250,28900,29800,28900,43380,28500
신한 인버스 WTI원유 선물 ETN(H),19045,18565,19715,18435,14565,20635
코오롱인더우,15300,15350,15700,15000,74854,14700
KOSEF 단기자금,101420,101400,101425,101400,396780,101425
TIGER 레버리지,9270,9520,9530,9205,818934,9060
선창산업,3190,3285,3285,3150,29332,3155
케이비아이동국실업,603,605,611,597,73914,599
KODEX 증권,5000,5115,5130,4980,123924,4910
TCC스틸,1770,1690,1795,1690,75913,1715
동원수산,8780,8580,8860,8500,156879,8470
바다로19호,2585,2590,2595,2570,11012,2580
KOSEF Fn중소형,14830,14770,14980,14770,50,14595
태양금속,1105,1070,1125,1050,766318,1065
롯데칠성우,50100,50800,50800,49750,2779,49900
QV WISE 배당 ETN,7705,7640,7710,7640,1816,7705
진양산업,2985,3020,3045,2970,323787,2960
국보,1635,1675,1695,1635,416590,1575
조일알미늄,560,575,575,549,269070,547
TIGER 소프트웨어,9280,9340,9420,9245,119079,9250
삼아알미늄,3650,3610,3650,3400,40348,3480
KR모터스,826,807,835,802,520378,807
호텔신라우,51600,50900,52900,50200,8094,50800
대동전자,3715,3660,3760,3620,26228,3630
ARIRANG 신흥국MSCI(합성 H),8825,8880,8885,8790,17489,8665
KBSTAR 200선물인버스2X,6955,6825,6990,6765,684414,7110
KODEX 미국달러선물레버리지,10790,10730,10810,10700,163048,10935
KBSTAR 국고채3년,113645,113640,113665,113610,1497,113540
케이탑리츠,810,808,812,798,180019,806
TIGER 코스피중형주,9930,9895,10075,9895,24970,9870
SJM,2525,2445,2555,2445,14748,2370
SJM홀딩스,2530,2515,2580,2515,8456,2475
한세엠케이,2960,2970,2995,2920,13043,2860
형지엘리트,1245,1210,1250,1175,414980,1185
한솔로지스틱스,1355,1350,1385,1330,694571,1330
삼영화학,1030,1030,1065,1000,172320,1060
대신 철광석 선물 ETN(H),18240,18205,18315,18190,1139,17735
KINDEX 중장기국공채액티브,103360,103305,103360,103305,20,103285
신한 레버리지 금 선물 ETN,17190,17085,17295,16995,33286,17665
QV S&P500 VIX S/T 선물 ETN B,32005,30855,32205,30855,495,35140
KODEX 국채선물10년인버스,45305,45305,45305,45305,1,45500
원림,15850,16250,16550,15850,731,15850
신한,4945,0,0,0,0,4945
이화산업,13100,13000,13350,12900,796,12400
금호전기,3460,3460,3700,3435,128519,3365
한일철강,1565,1540,1590,1520,75081,1545
코아스,1165,1120,1230,1090,2888341,1115
갤럭시아에스엠,1340,1315,1420,1295,414620,1245
KBSTAR 200선물레버리지,8970,9055,9210,8895,24473,8740
KOSEF 국고채3년,113090,113080,113125,113040,272,112995
미래에셋 전기전자 Core5 ETN,16870,16870,16870,16870,0,16870
TRUE 레버리지 나스닥 100 ETN,11335,11285,11415,11225,106873,11185
신한 인버스 옥수수 선물 ETN(H),16385,16360,16385,16360,13,16710
KBSTAR 미국S&P원유생산기업(합성 H),1915,1950,1960,1905,3615603,1965
KODEX 미국S&P고배당커버드콜(합성 H),8030,8085,8085,8000,15958,7930
TIGER 200IT레버리지,21220,22275,22275,21060,75497,20755
신한 레버리지 은 선물 ETN(H),5405,5320,5485,5295,354559,5505
하이스틸,17450,16800,18200,16800,47215,16400
KODEX China H,20700,20825,20825,20540,2460,20440
신한 레버리지 다우존스지수 선물 ETN(H),17265,17170,17470,17170,70373,16350
TRUE 레버리지 S&P500 선물 ETN(H),11175,11145,11290,11100,6343,10755
삼성 레버리지 China A50 선물 ETN(H),33375,33375,33375,32800,1147,32185
진양화학,2735,2765,2800,2700,463013,2680
HANARO 코스닥150,9885,10170,10170,9845,9939,9785
KODEX 200가치저변동,7010,7070,7085,6950,5817,6920
미래에셋 레버리지 S&P500 ETN(H),16605,16785,16785,16605,850,15875
에쓰씨엔지니어링,1265,1270,1340,1250,37427,1260
KODEX China H 레버리지(H),5920,5970,6025,5850,56898,5695
성문전자,1675,1600,1705,1600,375997,1605
KBSTAR 중장기국공채액티브,102920,102880,102920,102790,348,102735
WISCOM,2070,2065,2105,2065,29540,2030
티탑스,5310,5430,5590,5200,161808,5240
삼성 레버리지 금 선물 ETN(H),30180,30025,30445,29895,27631,30740
KBSTAR 중국본토대형주CSI100,16165,16200,16310,15845,14394,16175
TIGER 반도체,23095,23340,23340,22955,76414,22820
TBH글로벌,1545,1540,1630,1520,133225,1465
인팩,3110,3185,3185,3020,21329,3025
신한 인버스 천연가스 선물 ETN(H),16225,16090,16240,16035,284,15100
흥아해운,258,0,0,0,0,258
KOSEF 코스닥150,4960,4980,5020,4945,4461,4900
키위미디어그룹,150,0,0,0,0,150
QV 소프트웨어 TOP5 ETN,14755,14720,14755,14650,300,14755
덕양산업,925,904,930,902,197464,900
진도,2435,2365,2780,2365,1153765,2350
미래에셋 미국 대형주 ETN(H),14865,14865,14865,14865,676,14460
하이골드12호,2230,2345,2345,2215,66728,2215
우진플라임,2875,2870,2980,2870,15840,2875
두산2우B,32750,33500,33800,32750,1068,32050
ARIRANG KS모멘텀가중TR,9770,9890,9955,9695,11248,9680
KODEX 필수소비재,7985,7950,8085,7950,16283,7900
삼성 미국 대형 성장주 ETN,14370,14290,14370,14290,525,14205
웅진에너지,914,0,0,0,0,914
미래에셋 미국 항공우주 ETN(H),14525,14570,14630,14525,250,14055
ARIRANG 코스피중형주,7290,7205,7340,7135,26108,7195
이스타코,653,649,678,647,109729,653
동일제강,1925,1840,1955,1825,203254,1860
KOSEF 미국달러선물,12975,12940,12985,12915,4912,13075
신한 다우존스지수 선물 ETN(H),14280,14235,14360,14235,807,13860
ARIRANG KS퀄리티가중TR,10255,10315,10390,10245,51,10195
TIGER 농산물선물Enhanced(H),4090,4060,4090,4060,86864,4040
한솔PNS,1380,1415,1450,1365,204947,1335
하이골드8호,1835,1815,1835,1815,225171,1835
삼화전자,2640,2640,2700,2580,107109,2600
미래에셋 레버리지 원유선물혼합 ETN(H),2855,3000,3085,2705,6673173,2470
미래에셋 미국 헬스케어 ETN(H),13700,13700,13805,13700,769,13585
한성기업,4395,4320,4440,4310,70761,4370
신한 금 선물 ETN(H),13425,13420,13490,13390,1908,13550
KINDEX 일본TOPIX인버스(합성 H),6330,6330,6340,6280,144294,6415
KODEX 삼성그룹밸류,6435,6540,6580,6425,19082,6395
삼성 미국 대형 성장주 ETN(H),13580,13530,13580,13530,578,13320
동원금속,593,600,600,573,314398,569
KINDEX 삼성그룹섹터가중,9970,10035,10100,9915,373,9840
경인전자,16900,17150,17250,16900,1592,16800
TIGER 미국다우존스30,14860,14970,15050,14800,28018,14610
성안,456,460,461,444,271546,460
ARIRANG 미국장기우량회사채,107750,106940,107830,106940,388,108850
두산퓨얼셀2우B,9030,9180,9270,8880,61963,8700
신한 레버리지 미국달러 선물 ETN,12695,12710,12760,12655,461,12975
TIGER 코스닥150선물인버스,7440,7420,7480,7350,855233,7510
TIGER 일본TOPIX(합성 H),11885,11910,11930,11835,311,11750
KINDEX 코스피,19545,19665,19750,19515,541,19140
한진칼우,46550,54000,55000,44900,209972,47750
QV 바이오 TOP5 ETN,12745,12740,12935,12155,2252,12780
ARIRANG 단기채권액티브,105020,105020,105020,105020,6,105025
진양폴리,2580,2585,2585,2525,249861,2515
태원물산,3370,3265,3450,3265,15792,3305
미래에셋 중국 심천 100 ETN,12620,12620,12620,12620,0,12530
미래에셋 인버스 원유선물혼합 ETN(H),24000,22830,24000,22830,29236,25025
삼성 S&P500 VIX S/T 선물 ETN(H) B,29875,29645,30055,29290,7474,32615
TRUE 인버스 2X 천연가스 선물 ETN(H),28360,27705,28515,27705,8337,24390
미래에셋 미국 중형주 ETN(H),12195,12195,12195,12195,0,12195
ARIRANG 단기우량채권,52845,52835,52845,52835,830,52845
한국전자홀딩스,529,535,535,524,158728,519
미래에셋 일본 대형주 ETN(H),12100,12100,12100,12100,0,12100
미래에셋 미디어엔터 Core5 ETN,11985,12040,12040,11985,50,11985
삼성 KRX 금현물 ETN,11770,12100,12100,11680,19125,11970
ARIRANG 미국단기우량회사채,102345,102205,102360,102205,4,103575
QV 인버스 레버리지 WTI원유 선물 ETN(H),10620,9305,13470,9305,66521,11875
삼성 바이오 테마주 ETN,11990,12045,12045,11990,103,11685
KOSEF 미국달러선물레버리지,10330,10295,10365,10235,30925,10495
미래에셋 미국 고배당주 ETN(H),11870,11925,11925,11870,216,11580
신화실업,19200,19900,20200,19150,6340,19050
HANARO 200선물레버리지,10735,11020,11020,10675,5142,10490
QV 스마트리밸런싱 260/4 ETN,11545,11545,11545,11545,5,11535
TIGER 미국달러단기채권액티브,10475,10440,10475,10410,52302,10525
신한 인버스 2X 다우존스지수 선물 ETN(H),5430,5430,5460,5345,203793,5710
QV 레버리지 S&P500 ETN,11760,11670,11790,11670,2425,11385
BYC우,106000,105000,106000,104500,524,105000
KODEX 배당성장,9930,10085,10085,9885,1645,9955
신한 인버스 구리 선물 ETN(H),10875,10875,10875,10875,5,11150
KODEX 미국나스닥100선물(H),11255,11210,11305,11190,104704,11145
ARIRANG KS로우볼가중TR,9195,9245,9295,9140,9225,9090
미래에셋 미국 시니어론 100 ETN,11115,11115,11115,11115,1,11115
TIGER 200TR,13115,13275,13285,13115,1218,12990
TIGER 로우볼,9170,9150,9215,9150,2067,9080
미래에셋 일본 중형주 ETN(H),10730,10730,10730,10730,1,10730
TIGER 코스피대형주,9515,9605,9670,9515,429,9330
TIGER 가격조정,18340,18335,18450,18315,2540,18100
KODEX TRF3070,10195,10075,10195,10075,8189,10155
TRUE 빅5 동일가중 ETN,10665,10665,10665,10665,0,10615
미래에셋 호주 ASX200 ETN(H),10860,11040,11040,10860,415,10590
모두투어리츠,2705,2700,2715,2610,7546,2700
미래에셋 유럽 중형주 ETN(H),10505,10505,10505,10505,0,10555
미래에셋 유럽 대형주 ETN(H),10910,10830,10910,10830,215,10515
SK디스커버리우,16000,16250,16450,16000,12876,15450
KINDEX 레버리지,3890,3975,4000,3860,191622,3800
삼성 화학 테마주 ETN,10495,10495,10495,10495,3,10375
미래에셋 에너지화학 Core5 ETN,10560,10470,10570,10470,9,10370
에이리츠,5450,5410,5520,5390,15792,5460
신한 인버스 2X 은 선물 ETN(H),10565,10650,10730,10395,42379,10340
신한 구리 선물 ETN(H),10595,10520,10595,10510,180,10325
QV KTOP30 ETN,10355,10355,10355,10355,0,10305
미래에셋 미국 시니어론 100 ETN(H),10225,10225,10225,10225,11,10225
전방,12100,12350,13000,12100,2357,12000
LG하우시스우,19550,19500,20850,19450,3935,19500
삼성 미국 중소형 성장주 ETN,10060,10060,10060,10060,1,10060
에이엔피,252,255,259,251,359074,243
신한 레버리지 천연가스 선물 ETN,11670,11880,11900,11555,77178,13345
KODEX 국채선물10년,72110,72035,72235,72035,1051,72045
세기상사,51000,51700,51700,49000,1126,48750
하이골드3호,1230,1230,1235,1220,106839,1230
지코,306,0,0,0,0,306
ARIRANG 미국S&P500(H),11850,11875,12085,11715,22545,11550
미래에셋 원자재 선물 ETN(H),6715,6640,6715,6640,18,6540
청호컴넷,2250,2185,2380,2100,327894,2270
대한항공우,18050,19050,19250,17150,193909,17500
신한 코스피 콘도르 6/10% ETN,9700,9700,9700,9700,4,9700
ARIRANG KS밸류가중TR,9355,9400,9470,9300,9079,9235
KINDEX 중기국고채,107615,107605,107615,107605,2,107530
신한 코스피 월별 양매도 5% OTM ETN,9595,9595,9595,9595,0,9635
세방우,5220,5200,5220,5200,135,5220
KOSEF 미국달러선물인버스2X,7580,7605,7645,7565,30151,7480
ARIRANG 200선물인버스2X,13915,13630,13995,13535,193862,14215
태영건설우,7570,7610,7690,7450,22025,7450
TIGER 우량가치,8205,8175,8280,8150,7134,8140
KINDEX 중국본토CSI300레버리지(합성),3310,3300,3330,3150,24552,3260
신한 코스피 월별 양매도 3% OTM ETN,9435,9395,9435,9395,3,9435
신한 USD K200 선물 바이셀 ETN,9045,9045,9045,9045,1,9370
마이다스 200커버드콜5%OTM,11665,11665,11665,11615,5,11665
삼성 미국 중소형 성장주 ETN(H),9455,9455,9455,9455,1,9325
삼성 코스피 풋매도 4% OTM ETN,9300,9300,9300,9300,0,9280
KODEX 배당성장채권혼합,10245,10210,10270,10210,2112,10245
TIGER 200 금융,4915,4965,4995,4915,12499,4815
삼성 미국 대형 가치주 ETN,9305,9265,9305,9235,1208,9150
ARIRANG 고배당저변동50,8045,8055,8105,8000,4679,7950
HANARO KRX300,11830,11985,12005,11800,101,11695
신한 인버스 2X S&P500 선물 ETN,8630,8635,8675,8485,60796,9030
KOSEF 200선물레버리지,8860,8975,9080,8800,26397,8600
신한 인버스 은 선물 ETN(H),9100,9070,9100,9070,31,9025
대신 2X 니켈선물 ETN(H),9100,8505,9115,8430,99652,8965
신한 코스피 콘도르 4/10% ETN,8955,8955,8955,8955,1,8955
TREX 200,25835,26050,26170,25795,61,25555
FOCUS KRX300,11940,12030,12065,11940,3,11860
신한 은 선물 ETN(H),8810,8765,8875,8740,1542,8850
씨아이테크,890,814,893,807,190127,975
TIGER 200 헬스케어,20615,20465,20820,20400,18865,20675
남양유업우,105000,104000,113000,104000,1208,104000
TRUE 인버스 2X 유로스탁스50 ETN(H),8320,8475,8475,8210,51474,8615
KODEX 자동차,11020,11100,11145,10955,26302,10765
삼성 미국 대형 가치주 ETN(H),8795,8795,8795,8745,557,8565
미래에셋 글로벌 리츠 ETN(H),8850,8850,8850,8850,1,8495
하이트진로2우B,15100,15400,15400,15000,1013,15000
QV 롱숏 K150 매수 로우볼 매도 ETN,8580,8615,8615,8580,2,8475
TIGER 미국달러선물인버스2X,8620,8605,8640,8605,726,8465
신한 레버리지 S&P500 선물 ETN,8740,8655,8820,8655,10278,8460
미래에셋 미국 리츠 ETN(H),8795,8795,8795,8795,85,8460
HANARO 고배당,7285,7280,7365,7245,93,7210
QV 인버스 레버리지 10년 국채선물 ETN,16535,16535,16535,16535,1,16535
대신 WTI원유 선물 ETN(H),3675,3815,3910,3435,434902,3295
TIGER 모멘텀,16115,16230,16230,16075,2030,16030
TRUE 코리아프리미어 ETN,8130,8130,8130,8130,0,8130
미래에셋 Q150 Core5 ETN,8700,8760,8760,8700,7,8045
부산주공,382,370,387,370,769175,378
신한 K200 USD 선물 바이셀 ETN,8340,8340,8340,8340,5,7995
KODEX Fn멀티팩터,8990,9055,9090,8960,167315,8875
QV 화학 TOP5 ETN,8180,8180,8180,8180,0,7965
대상우,11800,12000,12050,11800,2964,11600
KBSTAR 글로벌4차산업IT(합성 H),13490,14485,14485,13410,13535,13200
QV 에너지 TOP5 ETN,7890,7900,7900,7885,15,7890
QV 자동차 TOP5 ETN,7875,7875,7875,7875,3,7875
KINDEX 골드선물 레버리지(합성 H),17030,16690,17070,16600,32768,17265
미래에셋 인버스 에너지화학 Core5 ETN,7580,7675,7675,7530,647,7755
TIGER 단기선진하이일드(합성 H),10985,10940,11060,10940,4152,10950
한국주강,1350,1315,1350,1305,38144,1350
KODEX 심천ChiNext(합성),8975,9000,9000,8885,20567,8875
넥센타이어1우B,2330,2370,2395,2325,28807,2315
KODEX 바이오,9470,9430,9575,9415,62943,9360
QV 의료 TOP5 ETN,7650,7690,7700,7650,479,7480
미래에셋 인버스 미디어엔터 Core5 ETN,14430,14445,14445,14430,20,14880
삼성 미국 중소형 가치주 ETN,7495,7440,7500,7440,1858,7430
KODEX 코스피100,19925,20010,20260,19925,7195,19710
TIGER S&P글로벌헬스케어(합성),15005,15005,15005,14810,4487,14780
컨버즈,4100,0,0,0,0,4100
KODEX 미국FANG플러스(H),14015,13970,14090,13900,91649,14015
KINDEX S&P아시아TOP50,11095,11065,11115,10975,2505,10900
TIGER 코스피고배당,9340,9475,9475,9315,5030,9235
KBSTAR 중소형고배당,7640,7515,7685,7495,1440,7530
하이트론,2495,2445,2500,2370,13961,2650
KODEX 미국달러선물인버스2X,8610,8645,8665,8580,24059,8480
TRUE 섹터탑픽 ETN,7290,7295,7320,7290,9,7290
KINDEX 모닝스타싱가포르리츠채권혼합,9835,9835,9835,9835,61,9675
KODEX 글로벌4차산업로보틱스(합성),10665,10510,10720,10510,11623,10735
KODEX 200 중소형,7395,7355,7465,7260,20406,7240
KODEX 건설,2165,2150,2215,2125,131396,2155
신한 인버스 브렌트원유 선물 ETN(H),13300,13130,13480,13000,29590,14420
삼성 Alerian 에너지인프라 MLP ETN,4665,4640,4670,4640,1841,4795
QV 조선 TOP5 ETN,7630,7630,7630,7630,3,7160
쌍용양회우,9520,9810,9810,9240,14065,9270
KODEX 미국채울트라30년선물(H),14090,14105,14155,14060,20266,14215
신한 인버스 금 선물 ETN(H),7140,7150,7160,7105,12396,7070
ARIRANG KRX300,11890,11980,11995,11890,31,11750
QV CHINEXT ETN(H),6950,6950,6950,6950,0,7045
삼성 온라인쇼핑 테마주 ETN,7035,7025,7075,6980,15,7035
신한 인버스 2X 미국달러 선물 ETN,7135,7145,7165,7115,4323,6990
삼성 미국 중소형 가치주 ETN(H),7075,7050,7075,7050,11,6955
KODEX WTI원유선물인버스(H),26070,25410,27040,25395,646562,28805
삼성 Cushing 에너지인프라 MLP ETN,4365,4360,4400,4355,14806,4510
녹십자홀딩스2우,16200,16450,16450,16100,2261,15950
신한 콩 선물 ETN(H),6790,6820,6820,6790,1565,6715
ARIRANG 미국나스닥기술주,14930,14825,14955,14805,17238,14845
KBSTAR 모멘텀로우볼,9985,9985,10080,9955,4186,9890
FOCUS ESG리더스,6690,6660,6725,6660,5,6645
신한 인버스 2X 구리 선물 ETN,12395,12545,12565,12385,1046,13190
QV 내수소비 TOP5 ETN,6805,6805,6805,6805,2,6585
KBSTAR 채권혼합,54925,55035,55235,54925,40,54685
삼성 증권 테마주 ETN,6510,6510,6510,6510,3,6510
삼성 인버스 2X 구리 선물 ETN(H),12380,12520,12540,12355,525,13000
TRUE 인버스 2X 나스닥 100 ETN,6305,6290,6350,6160,267130,6495
KODEX 미국S&P바이오(합성),25430,24505,25430,24505,2307,25705
KINDEX 미국WideMoat가치주,11710,11680,11735,11560,10488,11700
미래에셋 인버스 S&P500 ETN(H),6225,6210,6250,6210,33,6405
TIGER 우선주,8725,8760,8765,8665,3184,8580
QV 건설 TOP5 ETN,6360,6360,6360,6360,7,6320
TIGER 200 에너지화학,9865,9920,10070,9850,4648,9850
TIGER 배당성장,12350,12345,12430,12335,916,12355
삼성 미디어 테마주 ETN,6400,6415,6415,6400,12,6300
신한 인버스 다우존스지수 선물 ETN(H),6120,6110,6120,6065,2294,6290
신한 인버스 2X 천연가스 선물 ETN,14310,13870,14355,13870,15382,12400
QV 레버리지 10년 국채선물 ETN,25045,25045,25045,25045,0,24750
SMART 선진국MSCI World(합성 H),12585,12585,12585,12585,0,12310
QV 운송 TOP5 ETN,6145,6100,6145,6100,5,6145
삼성 인버스 China A50 선물 ETN(H),12165,12065,12240,12065,69,12265
QV 인버스 레버리지 S&P500 ETN,5905,5820,5950,5780,5209,6110
TIGER 일본TOPIX헬스케어(합성),11985,12050,12050,11985,9,12200
QV 미국 IT TOP5 ETN(H),17295,17290,17360,17250,2535,17130
현대건설우,125000,117500,126000,117500,4076,119500
TRUE 인버스 2X S&P500 선물 ETN(H),5670,5705,5705,5600,183817,5890
KODEX 200미국채혼합,11335,11320,11365,11300,6545,11315
TIGER 코스닥150IT,11360,11395,11495,11270,3465,11200
KOSEF 인도Nifty50(합성),10270,10330,10380,10125,34135,10100
NPC우,2240,2235,2250,2230,2745,2195
TRUE 레버리지 엔선물 ETN B,11445,11445,11445,11445,0,11420
ARIRANG 고배당주채권혼합,9535,9520,9580,9520,1814,9485
KBSTAR 고배당,8230,8385,8385,8180,8781,8095
삼성 인버스 2X 금 선물 ETN(H),11590,11590,11680,11460,65538,11325
신한 천연가스 선물 ETN(H),3505,3550,3555,3500,86556,3760
TIGER 경기방어채권혼합,9370,9330,9390,9330,2047,9360
신한 달러인덱스 선물 ETN(H),11200,11195,11200,11195,361,11230
KODEX 헬스케어,14085,14000,14130,13950,37406,13995
TIGER 미국S&P500선물인버스(H),6215,6220,6230,6170,108910,6320
삼성 음식료 테마주 ETN,5680,5680,5680,5680,0,5500
일정실업,9400,9540,9780,9210,6533,9160
TRUE 인버스 HSCEI ETN(H) B,10910,10910,10910,10910,0,10970
KOSEF 200 선물,11300,11380,11445,11270,88,11170
TRUE 코스피 커버드풋 ETN B,10935,10980,10980,10935,38,10935
TIGER 미국나스닥바이오,17725,17610,17725,17445,18104,18160
TRUE 엔선물 ETN B,10820,10820,10820,10820,0,10825
ARIRANG 우량회사채50 1년,107485,107485,107505,107485,70,107470
TIGER 화장품,2985,3010,3030,2970,41632,2955
TIGER 200 중공업,1995,1935,2025,1935,184872,1940
TIGER 200커버드콜ATM,8910,8885,8910,8885,61,8765
HANARO 200선물인버스,15960,15790,16000,15745,13650,16120
신한 옥수수 선물 ETN(H),5315,5345,5345,5310,23626,5230
코오롱우,10350,10700,10700,10200,55296,9700
삼양홀딩스우,35400,35700,35700,35000,643,34150
미래에셋 인버스 전기전자 Core5 ETN,5035,4980,5055,4980,211,5185
파워 코스피100,19930,20045,20180,19890,90,19780
TRUE 유로선물 ETN B,10155,10155,10155,10155,1,10285
한화솔루션우,8860,8760,8970,8700,9515,9000
삼성 레저 테마주 ETN,5000,5000,5000,5000,0,5030
KODEX TRF5050,10095,10085,10125,10035,4537,10045
KINDEX 싱가포르리츠,10295,10160,10345,10155,1380,10040
신한 코스피 콘도르 6/10% 콜 2204-01 ETN,9975,9975,9975,9975,0,10015
KODEX TRF7030,10010,9995,10035,9925,6915,9955
KINDEX 미국4차산업인터넷(합성 H),12545,12595,12595,12480,1943,12415
TIGER 200커뮤니케이션서비스,17450,17290,17580,17290,6,17460
신한 코스피 월별 양매도 5% 콜 2206-1 ETN,9685,9685,9685,9685,0,9725
남선알미우,31900,32950,33050,31500,17862,31550
KODEX S&P글로벌인프라(합성),9850,9755,9920,9755,2446,9800
TRUE 인버스 유로선물 ETN B,9770,9770,9770,9770,25,9670
넥센우,2735,2655,2795,2655,145,2685
ARIRANG KS로우사이즈가중TR,9785,9865,9935,9765,50,9655
TRUE 인버스 유로스탁스50 ETN(H) B,9435,9430,9465,9385,955,9625
TIGER 인도니프티50레버리지(합성),8285,8300,8590,8060,98156,7970
QV 인버스 레버리지 MSCI 선진국 ETN,13895,13750,14800,13350,1167,13595
KINDEX 밸류대형,6035,6090,6090,6035,69,5945
SK증권우,2495,2510,2525,2470,24724,2425
신한 코스피 월별 양매도 3% 콜 2206-1 ETN,9470,9470,9470,9470,470,9470
대신 인버스 아연선물 ETN(H),13110,13170,13170,13105,7,13510
KOSEF 200선물인버스2X,6900,6795,6935,6710,87586,7055
KODEX 모멘텀Plus,8665,8770,8770,8645,30173,8585
신한 코스피 콘도르 4/10% 콜 2204-01 ETN,9435,9390,9435,9390,5,9435
TRUE 인버스 2X HSCEI ETN(H),9040,9045,9155,8915,1364,9375
TIGER 원유선물인버스(H),19105,18595,19850,18505,88844,20775
QV 제약 TOP5 ETN,4810,4880,4880,4810,2883,4660
계양전기우,6890,6700,7280,6570,123508,6630
TIGER 일본니케이225,13100,13275,13275,13080,852,13195
KINDEX 인도네시아MSCI(합성),6900,6800,7260,6800,26820,6595
KOSEF 블루칩,6655,6685,6745,6605,1551,6595
삼양사우,25250,25550,25550,25150,2854,24900
삼성 레버리지 은 선물 ETN(H),8935,8870,9105,8785,108565,9140
KTOP 코스피50,18105,18245,18395,18100,122,17895
TIGER 일본엔선물,11195,11110,11210,11110,197,11365
신한 인버스 달러인덱스 선물 ETN(H),9055,9055,9055,9055,1,9025
대신 인버스 철광석 선물 ETN(H),4380,4375,4440,4340,1399,4505
TRUE 인버스 엔선물 ETN B,9095,9095,9095,9095,0,8985
KODEX 미국채10년선물,12645,12645,12660,12590,14158,12760
덕성우,6730,6880,6950,6670,118837,6410
TIGER 미국달러선물레버리지,10850,10845,10865,10810,1203,11070
QV 인버스 MSCI 선진국 ETN,12520,12520,12520,12520,2,12630
유유제약1우,8000,7910,8010,7710,16713,7790
KINDEX 스마트로우볼,11075,11155,11155,11075,20,10940
코리아써우,3055,3075,3075,3010,1849,2935
TRUE 인버스 나스닥 100 ETN,8505,8530,8530,8455,12979,8670
KODEX 미국러셀2000(H),7945,7940,8035,7940,10006,7870
KBSTAR 차이나HSCEI(H),11010,10975,11090,10840,345,10810
KBSTAR 헬스케어채권혼합,10805,10795,10815,10780,3588,10785
KODEX MSCI밸류,7925,7930,7930,7925,2,7825
TIGER 글로벌자원생산기업(합성 H),8785,8655,8880,8655,12054,8590
KBSTAR 5대그룹주,4840,4865,4910,4830,2064,4770
KBSTAR 미국장기국채선물레버리지(합성 H),15515,15500,15515,15395,3276,15570
미래에셋 원유선물혼합 ETN(H),9430,9140,9700,9140,54224,8540
TIGER 일본엔선물레버리지,11845,11750,11845,11725,155,12145
KBSTAR IT플러스,11830,12000,12055,11810,1297,11765
일양약품우,19700,20200,20200,19600,1970,19000
KODEX 보험,4970,5015,5025,4960,21217,4970
KODEX KRX300레버리지,7835,8215,8215,7805,55579,7655
TRUE 코스피 커버드콜 ETN B,8565,8565,8565,8565,10,8395
KOSEF 미국달러선물인버스,9925,9935,9935,9925,5,9845
TRUE 레버리지 HSCEI ETN(H),8680,8585,8730,8585,439,8350
KODEX 게임산업,9355,9425,9425,9300,1443,9230
KODEX MSCI퀄리티,9275,9345,9355,9265,2012,9220
KODEX 턴어라운드투자,8500,8540,8610,8420,169,8285
SK네트웍스우,71800,73000,73100,71800,938,72900
대신 니켈선물 ETN(H),11795,11400,11825,11400,4531,11755
KOSEF 고배당,6185,6240,6240,6170,1828,6085
TIGER 유로스탁스레버리지(합성 H),5180,5280,5375,5105,72149,5075
KODEX 미국달러선물인버스,9515,9525,9545,9495,2019,9440
ARIRANG 중형주저변동50,7415,7370,7475,7370,495,7290
금호산업우,27600,27300,28450,27000,6305,27350
동북아13호,5030,5030,5030,5030,8114,5040
TIGER 국채선물3년인버스,49660,49660,49660,49660,0,49665
동북아12호,5000,5000,5000,5000,2,5000
삼성 모멘텀 탑픽 ETN,3975,4005,4040,3975,622,3945
TIGER KTOP30,6465,6580,6580,6445,1032,6295
ARIRANG 200선물레버리지,17795,18190,18310,17695,38950,17415
대신 2X 아연선물 ETN(H),4105,4040,4135,4030,8822,3885
KBSTAR 주식혼합,31285,31440,31500,31285,15,30995
TIGER 대만TAIEX선물(H),13130,13235,13235,13130,93,12895
TRUE 코스피 타겟볼20 ETN,7780,7780,7780,7780,0,7735
TIGER 골드선물(H),12735,12715,12790,12675,34010,12850
KODEX 일본TOPIX100,12810,13115,13115,12800,1719,12815
마이티 코스피100,19960,19960,19960,19960,102,19210
TIGER 중장기국채선물인버스,48010,48010,48010,48010,0,48030
KINDEX 스마트모멘텀,11110,11195,11220,11070,1034,10975
KOSEF 배당바이백Plus,11175,11185,11295,11135,91,10970
KBSTAR 미국장기국채선물(H),12720,12725,12735,12700,417,12790
KBSTAR KRX300레버리지,7880,8065,8080,7805,8286,7670
삼성 화장품 테마주 ETN,3890,3875,3920,3860,298,3815
KINDEX 일본Nikkei225(H),12900,13070,13070,12800,671,12670
KOSEF 코스닥150선물인버스,13210,13145,13210,13040,1744,13335
KBSTAR 팔라듐선물(H),12925,12885,13000,12750,127417,12600
TIGER 삼성그룹펀더멘털,8145,8210,8300,8145,769,7985
ARIRANG 주도업종,6885,6900,6960,6880,135,6800
KODEX 성장투자,8400,8320,8460,8320,267,8310
TIGER 국채선물10년인버스,46545,46545,46545,46545,0,46710
KBSTAR 헬스케어,10740,10770,10770,10620,3154,10665
한화투자증권우,1610,1620,1645,1570,12126,1550
KOSEF KRX100,4185,4215,4240,4170,68,4130
대한제당우,11600,11650,11650,11600,337,11400
신한 레버리지 구리 선물 ETN,7680,7585,7690,7560,10403,7365
KOSEF 코스닥150선물레버리지,3140,3120,3210,3105,15293,3075
KODEX KRX300선물인버스,10195,10090,10215,10080,1455,10390
TIGER 의료기기,12395,12070,12395,12070,1761,12120
TIGER 구리실물,6000,6050,6050,5950,3179,5920
KBSTAR KRX300선물인버스,10175,10000,10200,10000,238,10330
TIGER 차이나항셍25,16180,16125,16375,16100,1420,15955
SMART 중국본토 중소형 CSI500(합성 H),4070,3975,4070,3975,3262,3975
HANARO e커머스,9555,9550,9790,9550,13502,9510
KODEX 미국S&P산업재(합성),13430,13420,13520,13395,30646,13355
KBSTAR 모멘텀밸류,9070,9085,9130,8975,3716,8910
삼성 인버스 2X 은 선물 ETN(H),7245,7360,7375,7150,16044,7120
KOSEF 코스피100,19955,20200,20230,19930,353,19730
KOSEF 200선물인버스,9005,8885,9015,8885,5632,9105
KINDEX 삼성그룹동일가중,11965,12025,12060,11965,1201,11820
대원전선우,2765,2620,2805,2570,44340,2685
KINDEX 스마트하이베타,8895,8940,8945,8895,33,8775
KODEX 200ESG,8835,8940,8970,8820,146,8745
서울식품우,3270,3530,3530,3240,164692,3145
KBSTAR KRX300미국달러선물혼합,10025,10100,10105,10025,125,9950
KBSTAR 내수주플러스,8295,8265,8380,8240,127,8275
KINDEX 러시아MSCI(합성),23260,23750,23750,22200,3949,22845
깨끗한나라우,19300,19750,19900,18950,7212,18550
KBSTAR V&S셀렉트밸류,9805,9870,9925,9780,84,9655
KINDEX 미국다우존스리츠(합성 H),70300,70800,70800,68875,458,67500
KODEX 에너지화학,8690,8740,8870,8675,13382,8710
TIGER 200에너지화학레버리지,5450,6245,6245,5425,47598,5360
KOSEF 저PBR가중,9715,9720,9840,9645,499,9555
KINDEX 스마트밸류,9585,9635,9635,9580,22,9455
KBSTAR 코스닥150선물인버스,7685,7640,7710,7580,66352,7745
TIGER 코스닥150바이오테크,9285,9490,9490,9265,24698,9395
신한 인버스 2X 금 선물 ETN,6605,6605,6645,6530,35333,6525
CJ씨푸드1우,33150,33350,33500,32750,4977,32550
QV MSCI 선진국 ETN,9170,9190,9500,9165,1182,9225
KBSTAR 차이나H선물인버스(H),11415,11460,11475,11335,78,11680
삼성 레버리지 구리 선물 ETN(H),6725,6620,6725,6590,42101,6390
ARIRANG 국채선물3년,53190,53190,53190,53190,0,53120
TIGER 중장기국채선물인버스2X,45190,45190,45190,45190,0,45195
TIGER 200 건설,1835,1830,1870,1815,96213,1815
TIGER 일본엔선물인버스,9000,8915,9000,8915,2,8855
KODEX 퀄리티Plus,7860,7735,7935,7735,49460,7740
파워 중기국고채,103105,103105,103105,103105,0,103130
TIGER KRX300선물인버스,9945,9880,10010,9880,217,10195
KBSTAR KRX국채선물3년10년스티프너2X,50585,50605,50610,50555,36,50615
크라운해태홀딩스우,10650,10450,10900,10400,19021,10100
KBSTAR KRX국채선물3년10년스티프너,50410,50415,50420,50400,36,50445
KODEX 200동일가중,7655,7690,7690,7630,202,7550
성신양회우,8650,8150,8960,7820,134754,8200
ARIRANG 국채선물10년,58145,58045,58170,58040,157,57965
KINDEX 인버스,8475,8300,8500,8300,25090,8605
KBSTAR V&S셀렉트밸류채권혼합,10105,10135,10150,10105,12,10020
KBSTAR KRX국채선물3년10년플래트너,49980,49975,49990,49970,36,50020
KBSTAR 200생활소비재,7270,7320,7385,7235,7929,7315
삼성중공우,52400,50000,52900,50000,949,52100
KBSTAR KRX국채선물3년10년플래트너2X,49800,49735,49820,49735,36,49785
현대비앤지스틸우,57000,49750,57700,49750,7163,54300
KODEX 3대농산물선물(H),7095,7090,7120,7090,17576,7085
TIGER 유로스탁스배당30,8645,8655,8670,8585,14424,8500
마이티 200커버드콜ATM레버리지,6760,6810,6810,6760,501,6595
ARIRANG 스마트베타Quality채권혼합,9845,9860,9870,9830,40,9820
하이트진로홀딩스우,12600,12550,12900,12550,6039,12400
KODEX 미국S&P에너지(합성),4800,4850,4890,4795,122523,4850
성문전자우,9890,9800,10250,9490,35397,9580
KODEX FnKorea50,7270,7380,7380,7260,98,7150
KBSTAR 중국MSCI China선물(H),10690,10600,10690,10490,185,10400
동원시스템즈우,22950,23050,23550,22750,1738,21500
ARIRANG S&P글로벌인프라,9655,9465,9720,9465,19351,9480
KINDEX 일본TOPIX레버리지(H),11560,11600,11620,11465,3376,11325
KODEX 콩선물(H),7210,7230,7230,7180,3575,7065
TIGER 200커버드콜5%OTM,11480,11525,11525,11480,10002,11290
KBSTAR ESG사회책임투자,8155,8215,8230,8155,5,8065
파워 고배당저변동성,21025,21025,21385,20975,51,20885
TIGER MSCI KOREA ESG유니버설,7650,7655,7680,7650,68,7490
HANARO 코스닥150선물레버리지,6335,6450,6525,6305,3925,6230
대신 인버스 니켈선물 ETN(H),7975,8155,8190,7955,257,8000
TIGER 베타플러스,10775,10775,10775,10775,0,10735
KODEX 한국대만IT프리미어,11315,11395,11410,11315,668,11160
TIGER 금은선물(H),9100,9160,9160,9035,5086,9145
KBSTAR 200선물인버스,9005,8970,9010,8860,3585,9105
KINDEX 코스닥(합성),9240,9250,9255,9240,55,9100
ARIRANG 미국다우존스고배당주(합성 H),10500,10645,10645,10500,9670,10170
코오롱글로벌우,17350,17600,17600,16950,15473,17200
TIGER 코스닥150로우볼,11070,10815,11070,10815,5,10755
KODEX 기계장비,3220,3155,3255,3150,11624,3115
대신 아연선물 ETN(H),7820,7745,7845,7745,382,7535
ARIRANG 글로벌MSCI(합성 H),11870,12125,12125,11745,849,11720
TIGER 중소형성장,7505,7410,7505,7410,104,7505
TIGER 일본엔선물인버스2X,7690,7605,7705,7605,515,7455
TIGER KRX300레버리지,7720,7940,8035,7720,4802,7450
TIGER 대형성장,8170,8260,8260,8170,365,8005
삼성 건축자재 테마주 ETN,2505,2470,2520,2470,104,2570
QV 레버리지 MSCI 선진국 ETN,7260,7320,7330,7200,3431,7315
하나니켈1호,245,256,261,243,2217716,225
노루페인트우,11150,11100,11300,10850,7635,11000
KODEX 국채선물3년인버스,49660,49660,49660,49660,0,49705
KODEX 경기소비재,8555,8650,8755,8555,1808,8395
TIGER 지주회사,9325,9800,9800,9245,12,9115
TIGER MSCI KOREA ESG리더스,7255,7190,7255,7190,2,7255
KBSTAR 200고배당커버드콜ATM,7215,7190,7240,7140,41,7150
KINDEX 멕시코MSCI(합성),6280,6315,6345,6170,7134,6220
KINDEX 배당성장,24835,24830,25030,24830,86,24855
KINDEX 국채선물3년인버스,99175,99175,99175,99175,0,99265
TIGER 이머징마켓MSCI레버리지(합성 H),7305,7340,7340,7260,4859,7045
KODEX 구리선물(H),4530,4515,4535,4485,21683,4420
KINDEX 필리핀MSCI(합성),11970,11700,12280,11700,144,12055
KODEX MSCI모멘텀,8095,8205,8205,8095,5,8015
KINDEX 스마트퀄리티,12110,12170,12175,12110,35,11975
TIGER 방송통신,7455,7350,7535,7350,3014,7405
KODEX China H선물인버스(H),11600,11595,11680,11550,181,11835
마이티 코스피고배당,9455,9455,9455,9455,0,9275
대상홀딩스우,5270,5170,5380,5170,8030,5150
TIGER 200 경기소비재,10855,10840,11005,10815,748,10660
KBSTAR 우량업종,7975,7975,8055,7975,3760,7810
크라운제과우,6250,6290,6360,6160,9933,6050
KODEX 가치투자,7965,7905,8020,7905,2027,7775
DB하이텍1우,41250,41600,42000,41000,781,41450
HANARO 농업융복합산업,7925,7890,7995,7820,1601,7735
KINDEX 국채선물10년인버스,91870,91870,91870,91870,0,92215
금강공업우,8130,8270,8270,8020,8499,7800
KODEX 멀티에셋하이인컴(H),9180,9190,9190,9180,30,9100
KBSTAR 200커뮤니케이션서비스,10775,10815,10920,10750,9044,10780
파워 스마트밸류,10200,10255,10340,10180,53,10055
KBSTAR 미국장기국채선물인버스(H),7545,7545,7545,7545,2,7535
TIGER S&P글로벌인프라(합성),9150,9110,9160,9065,555,9040
동부건설우,20300,19500,21500,19500,7367,20000
KINDEX 한류,5595,5595,5660,5580,482,5530
ARIRANG 코스닥150,9910,10030,10060,9900,513,9820
TIGER 중소형,7270,7270,7270,7270,0,7335
ARIRANG KRX300헬스케어,9910,9930,10000,9840,676,9915
JW중외제약우,26150,26200,26700,25000,10751,25300
TIGER LG그룹+펀더멘털,6070,6100,6180,6050,717,6055
흥국 S&P코리아로우볼,8020,8020,8020,8020,1,8020
TIGER 200동일가중,7835,7660,7835,7660,2,7835
KBSTAR 수출주,7240,7470,7470,7240,327,7080
진흥기업우B,4935,5220,5220,4890,22133,4885
TIGER 현대차그룹+펀더멘털,12625,12850,12850,12565,2558,12290
하나니켈2호,1345,1375,1375,1315,257404,1255
TIGER 여행레저,4135,4190,4360,4065,45027,4040
KODEX 미국채울트라30년선물인버스(H),6740,6735,6745,6735,8,6705
진흥기업2우B,14000,14050,14300,13800,3229,13550
TIGER 중소형가치,7250,7315,7315,7250,203,7250
KBSTAR 게임테마,8715,8660,8725,8660,214,8590
KODEX 골드선물인버스(H),7755,7755,7800,7705,22357,7690
ARIRANG KRX300산업재,8310,8415,8520,8310,45,8220
KBSTAR 국채선물10년인버스,45805,45860,45865,45740,36,45885
KBSTAR KQ모멘텀로우볼,8315,8290,8375,8220,11,8265
KG동부제철우,70400,71300,86000,70100,6427,69500
KOSEF 코스닥150선물,6335,6375,6405,6320,159,6280
신한 브렌트원유 선물 ETN(H),4020,4030,4080,3920,34127,3690
JW중외제약2우B,41950,41500,42350,40300,3971,40650
한양증권우,7220,7150,7880,7150,5590,6960
흥국화재우,4910,5050,5050,4880,10857,4735
TIGER 증권,2930,2990,2995,2900,36995,2860
TIGER 200 생활소비재,9670,9675,9700,9650,1735,9475
KODEX 밸류Plus,5995,5955,6120,5955,75,5930
TIGER 라틴35,2370,2400,2450,2350,106640,2345
TIGER 200 철강소재,5475,5430,5475,5430,263,5320
코리아써키트2우B,4445,4500,4500,4425,746,4425
신원우,39950,35950,46700,35950,63532,38000
KBSTAR KQ모멘텀밸류,7715,7715,7795,7675,9,7630
KBSTAR 200산업재,6805,6880,7005,6730,8762,6855
KBSTAR 200경기소비재,6715,6755,6805,6680,207,6575
KBSTAR 200건설,7350,7270,7530,7215,19033,7330
TIGER 대형가치,7605,7665,7665,7600,7,7445
노루홀딩스우,17750,17800,17800,17300,231,17700
TIGER 은행,5160,5230,5230,5150,11010,5060
KBSTAR 팔라듐선물인버스(H),6235,6345,6360,6200,3912,6395
KODEX MSCI EM선물(H),7195,7195,7195,7195,80,7060
KBSTAR 중소형모멘텀밸류,7845,7845,7925,7775,6,7770
TIGER K게임,7725,7735,7775,7600,2230,7550
TIGER 200 산업재,3775,3860,3860,3775,29689,3775
동양우,4860,4940,4950,4860,3009,4870
KBSTAR 미국장기국채선물인버스2X(합성 H),5525,5495,5525,5495,19,5450
흥국화재2우B,20000,21100,21100,19950,16011,19350
ARIRANG 스마트베타 Quality,7455,7420,7545,7420,29,7420
유유제약2우B,17700,17450,17850,17400,450,17400
ARIRANG 스마트베타 Value,6865,6840,6945,6840,35,6745
TREX 중소형가치,6040,6015,6065,6005,1151,5955
ARIRANG 선진국MSCI(합성 H),8565,8410,8665,8405,1404,8370
KBSTAR 200철강소재,5195,5185,5230,5130,7,5090
동양2우B,8500,8470,8700,8470,1599,8500
KBSTAR 중소형모멘텀로우볼,7430,7430,7495,7360,6,7350
ARIRANG 스마트베타 LowVOL,7410,7390,7475,7340,37,7335
KBSTAR 200중공업,6190,6030,6250,6000,2095,6005
KBSTAR 200금융,6025,6200,6200,6010,1107,5940
동양3우B,27400,26200,27800,26200,307,27600
ARIRANG ESG우수기업,6660,6655,6720,6595,111,6595
ARIRANG KRX300IT,11415,11515,11710,11405,76,11320
KBSTAR 200에너지화학,6530,6560,6640,6530,1185,6500
ARIRANG KRX300금융,6970,7045,7060,6935,282,6845
ARIRANG 스마트베타 Momentum,6830,6835,6915,6830,33,6780
ARIRANG KRX300자유소비재,8995,9025,9130,8995,69,8795
KBSTAR 일본TOPIX레버리지(H),11070,11105,11140,11005,280,10890
진흥기업,2100,2130,2150,2070,210752,2070
대원제약,15200,15300,15300,14800,35675,14850
SK렌터카,8520,8430,8800,8220,99800,8300
경방,10400,10650,10800,10100,283384,10750
조선내화,74400,74400,74900,73900,1940,73000
동성제약,11500,11450,11650,11350,243262,11200
동화약품,8050,8700,8700,7850,799347,10450
현대일렉트릭,7690,7420,7820,7420,284799,8040
AK홀딩스,22200,21500,22650,21500,64417,21800
유나이티드제약,18100,17750,18100,17350,167366,17750
SK증권,622,620,631,612,4724646,608
동양,1240,1195,1300,1190,3757409,1200
삼천리,72100,72200,72600,71800,2700,70500
경인양행,7080,7020,7230,6900,836433,6880
조광피혁,42300,41350,42650,41300,1264,42000
에이블씨엔씨,10200,10300,10450,10100,169539,10200
하이트진로홀딩스,11950,12150,12300,11850,15077,11750
한국자산신탁,2235,2290,2300,2225,614787,2190
아모레G3우(전환),38750,39550,39950,38750,9797,37800
환인제약,14600,14600,14700,14300,34819,14350
경농,13150,12800,13850,12650,1593912,12300
코스모신소재,9250,9450,9490,9180,465898,9100
신한 레버리지 WTI원유 선물 ETN(H),1480,0,0,0,0,905
금호산업,7450,7490,7740,7400,224199,7340
인스코비,2820,2945,3010,2805,1565863,2705
한국카본,6100,6050,6200,5980,519586,5950
센트랄모텍,31200,31650,32350,31100,608316,30300
태림포장,3790,3840,3920,3770,709802,3675
SBS미디어홀딩스,1905,1980,1980,1900,132494,1855
KBSTAR 대형고배당10TR,9810,9955,9970,9800,9278,9655
세아홀딩스,67000,67500,67500,66200,502,64500
아세아제지,29200,29650,29900,29100,33096,28750
신도리코,26000,25750,26850,25750,5219,25500
TIGER 원유선물Enhanced(H),1695,1705,1720,1655,20493638,1650
엔에스쇼핑,7630,7820,7880,7630,27659,7540
삼성제약,4245,4380,4455,4220,3206211,4110
코리아오토글라스,12900,13050,13150,12800,46006,12600
아세아시멘트,66800,64000,68800,63600,21820,64400
모나리자,7180,7390,7440,7130,4417381,6840
JW생명과학,16150,16300,16350,15800,95332,15700
일성신약,91600,91800,92700,90200,3905,93000
코오롱,20700,21350,21400,19800,417822,19500
엘브이엠씨홀딩스,4945,4925,5080,4925,254860,4805
삼성SDI우,154000,158500,160000,153500,33987,151500
디티알오토모티브,24100,24300,24350,24000,11509,24200
한일홀딩스,40100,38950,40200,38950,2845,40000
한화손해보험,2085,2130,2170,2085,327984,2040
넥센,4600,4585,4600,4525,35184,4440
모토닉,7440,7290,7670,7220,63814,7200
