삼성전자,48300,48650,48900,48300,14343135,49000
SK하이닉스,81400,83200,83400,81100,3600721,82300
삼성바이오로직스,539000,570000,589000,539000,1171600,542000
삼성전자우,41800,42250,42300,41600,1163865,42100
셀트리온,215500,210000,225500,208000,3610439,216000
NAVER,166000,164500,168000,162500,412860,168500
LG화학,315000,325500,325500,314000,297271,326500
현대차,97800,98800,99000,97400,1330699,100000
LG생활건강,1197000,1210000,1214000,1195000,26746,1200000
삼성물산,92200,95000,96300,92200,556064,94000
삼성SDI,241500,248500,248500,241000,409244,251500
현대모비스,174000,178000,179000,174000,242014,176500
POSCO,181000,191000,191500,181000,990292,183000
SK텔레콤,190000,194000,194000,189500,239604,196000
엔씨소프트,651000,651000,659000,648000,50636,656000
신한지주,28500,29100,29350,28400,1716282,29050
카카오,157500,161000,161000,157000,465940,159500
KB금융,32550,33850,34000,32400,2524331,33200
한국전력,20450,20300,21200,20200,5612425,21200
SK,175000,179500,187000,174500,277219,177500
삼성에스디에스,152000,158000,158000,152000,132920,157000
기아차,29500,30250,30300,29500,1989783,29850
KT&G,77400,78600,79600,77400,427406,77800
LG,58700,59700,60300,58700,236158,60200
아모레퍼시픽,171500,173000,175500,169000,308691,172000
삼성생명,49400,50600,53800,49200,1336989,49350
삼성화재,187000,178500,191000,178500,137991,193000
SK이노베이션,96300,99800,100500,95800,770920,97200
LG전자,53200,53800,54100,52800,623834,53600
넷마블,95000,95100,96500,94600,226877,95200
S-Oil,65900,68700,68700,65500,704365,67400
삼성전기,99500,103000,103500,99400,797492,101500
하나금융지주,24600,25350,25800,24550,2039857,25000
고려아연,382500,385500,390500,380000,37356,390000
롯데케미칼,180000,182000,187000,178500,135925,192500
KODEX 200,24730,25085,25085,24720,18834319,25160
우리금융지주,7900,7990,8200,7900,3161903,8160
한국조선해양,80800,84700,84700,80700,358849,82400
KT,21200,21550,21550,21100,862445,21700
LG유플러스,11650,11950,12000,11550,1878975,12300
강원랜드,23400,23800,24400,23300,1108265,23700
아모레G,60000,61000,61100,58600,204700,60700
한진칼,84500,85800,89400,82000,2004395,84300
오리온,114000,112000,115000,112000,110203,119500
한온시스템,8790,9010,9120,8790,949245,8830
코웨이,62500,63000,63500,62200,126315,62000
기업은행,7750,7770,8040,7710,3229629,7900
LG디스플레이,11050,11450,11450,11000,1901289,11200
맥쿼리인프라,11150,11150,11250,11150,631576,11200
현대중공업지주,227000,230500,230500,221000,38882,231500
GS,39100,39150,39300,38600,163953,38950
현대건설,30950,30650,32000,30200,1087440,32250
CJ제일제당,229000,229000,237000,226500,71077,236000
KODEX 레버리지,9200,9435,9465,9195,94254929,9545
미래에셋대우,5030,5160,5190,5030,3025915,5190
삼성카드,28950,29200,29200,28500,94971,29100
이마트,111500,111500,114000,111000,125559,113500
유한양행,47750,48900,49800,47700,513320,47200
에스원,83000,81400,83300,81400,46589,82500
TIGER 200,24755,25080,25085,24715,1824268,25160
한미약품,258500,259500,263500,257500,35772,260500
CJ대한통운,131000,135000,135500,130500,41111,133500
LG이노텍,117500,123000,123000,117500,273230,123000
호텔신라,72600,74900,75000,72500,470645,73500
포스코케미칼,45700,47500,47550,45700,367851,46750
롯데지주,25850,26500,26600,25850,192024,26800
삼성중공업,4280,4450,4500,4280,6726071,4400
DB손해보험,37400,37250,38350,36700,365139,39000
한국타이어앤테크놀로지,21400,22500,22500,21300,380956,21600
대림산업,75200,75700,78700,74100,384199,76700
현대제철,19400,20350,20500,19350,1283093,19750
한국금융지주,45400,47200,47700,45350,237314,46750
BGF리테일,139000,145500,148000,139000,31957,146500
삼성증권,27800,28800,28800,27800,460881,28300
한국가스공사,26800,27100,27750,26650,807181,26950
NH투자증권,8650,8840,8870,8650,1069341,8790
롯데쇼핑,85300,86900,87600,85000,109642,85900
쌍용양회,4750,4820,4825,4695,968365,4810
GS리테일,31200,31600,31650,31000,95786,31250
현대차2우B,63000,64500,64500,62300,55475,64300
더존비즈온,76900,80200,80600,76200,144308,78300
신세계,232500,241000,241500,232000,72675,233000
한화솔루션,13550,13950,14000,13550,883070,13950
삼성엔지니어링,11400,11900,11900,11400,1700501,11400
두산밥캣,22200,22500,23250,21850,799083,22250
한국항공우주,22000,23000,23000,22000,545185,22550
현대해상,23700,23600,24450,23500,252581,24000
CJ,71800,73100,73400,71800,61677,72000
금호석유,66400,64500,68000,63700,264953,67400
하이트진로,28800,29050,29450,28550,232958,29000
휠라홀딩스,32000,33550,35200,32000,558252,32050
제일기획,16250,16900,16900,16200,522516,16700
오뚜기,532000,525000,537000,520000,6195,532000
GS건설,22650,22850,23850,22500,745045,23650
대한항공,19550,20350,20350,19500,1395768,19600
한미사이언스,27200,27500,27700,26100,103128,27550
대우조선해양,16300,16850,17100,16200,353227,16850
메리츠종금증권,2805,2930,2955,2805,4854870,2925
부광약품,22250,24550,24750,22100,3680220,27700
농심,290500,287500,292500,285000,29662,290500
팬오션,3060,3075,3125,3040,1152432,3185
현대엘리베이,58500,57500,59200,56700,319218,60600
TIGER 단기통안채,100430,100425,100430,100415,170714,100430
SKC,41100,43450,43450,41000,376229,43750
일진머티리얼즈,34050,35750,35900,34000,708510,35600
포스코인터내셔널,13200,13950,14000,13000,358422,13250
키움증권,72500,75100,75200,72500,56835,73700
동서,16200,16150,16450,16150,82157,16300
BNK금융지주,4830,4840,4865,4735,1020841,4875
메리츠화재,13550,13400,13850,13300,234767,13850
F&F,96200,97600,98200,95100,41835,101000
KODEX 단기채권,102185,102190,102190,102180,17232,102185
한화생명,1720,1740,1935,1665,45753941,1735
현대백화점,62900,64000,64400,62900,50429,63700
한전KPS,32000,32000,32750,31650,116107,32700
현대차우,58600,60600,60600,58500,148632,60200
한샘,59900,60700,61300,59700,72296,61200
효성,66000,66700,67900,66000,57261,66800
신세계인터내셔날,194500,200000,200000,194500,47060,197000
KBSTAR 200,24665,25125,25125,24645,523274,25095
메리츠금융지주,9940,9890,10100,9630,80752,9990
대우건설,3155,3165,3250,3140,1445554,3315
LG생활건강우,654000,668000,668000,650000,3720,653000
한화,17850,18200,18350,17750,349039,18200
NHN,68600,69200,69200,67600,57184,69700
KODEX 코스닥150 레버리지,6575,6800,6860,6575,25872593,6920
KCC,146500,151000,153000,146000,45808,146500
한올바이오파마,24200,24100,25200,23950,877901,24900
HDC현대산업개발,17650,18300,18300,17500,565131,18800
대웅제약,95100,95400,96700,90500,60854,106000
현대미포조선,30050,31000,31300,30000,163328,30650
SK네트웍스,4835,4905,4955,4835,724046,4915
KODEX 종합채권(AA-이상)액티브,109735,109765,109815,109710,32511,109705
LG화학우,149500,156000,157000,149000,24828,154000
한화에어로스페이스,21950,23250,23400,21950,298362,22950
만도,24350,25450,25450,24000,514601,24550
LS ELECTRIC,37450,38000,38350,37450,77008,38050
KODEX MSCI Korea TR,7825,8045,8045,7800,304262,7950
LS,33300,34450,35100,33200,140762,34250
이노션,54700,55400,56300,54200,34431,55000
영원무역,24200,25150,25400,24200,138246,24300
KODEX 200TR,7790,7915,7915,7770,158459,7925
TIGER TOP10,8100,8205,8205,8080,11093,8220
현대로템,11900,12050,12250,11750,544675,12500
두산중공업,3990,3985,4195,3880,4262426,4080
신풍제약,22000,22500,24500,20550,12771920,19200
DB하이텍,22200,23100,23400,22150,1054459,22850
태영건설,12800,12750,13150,12750,168455,13250
KODEX 삼성그룹,6025,6170,6170,6010,199023,6145
종근당,88900,89100,90000,87800,40258,90800
두산솔루스,28200,28950,29800,27450,1301223,32050
SK케미칼,83900,81700,85200,81500,665578,82400
TRUE 코스피 양매도 5% OTM ETN,9630,9650,9650,9630,9598,9680
두산인프라코어,4500,4450,4740,4350,8899025,4560
한국콜마,41550,41950,42700,41150,235064,41300
GKL,14350,14750,15000,14350,282766,15150
현대위아,32950,34000,34300,32900,265847,34150
영풍,493000,501000,501000,488500,1394,504000
더블유게임즈,47000,50100,50500,46950,282436,50800
한국테크놀로지그룹,10050,10550,10550,10050,88423,9960
OCI,37300,38700,38750,37200,148228,38700
금호타이어,3160,3205,3205,3135,462383,3160
코리안리,7310,7400,7550,7290,282905,7500
한솔케미칼,77900,80100,80500,77700,48612,79900
영진약품,4875,4940,5050,4870,1013586,4930
오리온홀딩스,13550,13650,13900,13500,130468,14250
HANARO 200,24685,25115,25115,24680,71329,25110
지누스,59800,62900,62900,59200,115387,62600
KODEX 인버스,7260,7155,7265,7150,37577837,7115
JB금융지주,4425,4490,4510,4425,220806,4430
롯데정밀화학,31800,33250,33250,31500,84153,33300
롯데리츠,5030,5030,5040,4965,293745,4995
아시아나항공,3785,3885,3890,3720,2871807,3810
태광산업,741000,736000,747000,735000,864,760000
코오롱인더,34650,35700,37700,33600,6918048,31150
DGB금융지주,4915,4925,4985,4820,1539398,4910
코스맥스,81500,82500,84900,80700,118416,82000
한화시스템,7250,7640,7660,7190,581705,7380
롯데제과,125000,127500,128500,125000,4000,125500
현대오토에버,36450,38800,38800,36250,58870,38000
쿠쿠홈시스,34650,36150,36300,34350,50688,35300
롯데칠성,98600,102000,102000,98600,37648,99000
롯데관광개발,11000,11200,11600,10450,675777,10900
KODEX 단기채권PLUS,102260,102260,102265,102255,6161,102260
아이에스동서,23650,24800,24850,23650,93300,24100
삼양식품,96600,95600,99500,94200,70283,98500
현대홈쇼핑,60700,62400,63000,60700,36232,61200
현대그린푸드,7260,7280,7460,7190,306669,7380
화승엔터프라이즈,11750,12900,12900,11750,817777,11900
동원산업,193000,203000,203000,185500,4139,195000
NICE,18250,18400,18550,18100,27732,18900
동아에스티,84300,82900,84300,82900,17463,84700
다우기술,15200,15750,15800,15200,103690,15450
애경산업,25600,26050,26350,25550,108070,26000
대한유화,91900,91900,93900,91000,37688,105500
미래에셋생명,3840,3870,3875,3670,172579,3850
동원F&B,173000,175000,176000,170000,10955,176000
한전기술,17600,17300,17850,17150,128088,17750
SK가스,72500,73000,73000,71800,7778,74200
대상,19650,18900,19900,18650,365234,19550
TIGER MSCI Korea TR,9815,9955,9955,9810,54302,9985
일양약품,34350,34650,35450,34350,426996,35150
에스엘,13450,13600,13800,13400,55297,13700
아모레퍼시픽우,60600,62100,63300,60600,39508,61700
휴켐스,15650,15800,15900,15600,91286,15900
KODEX WTI원유선물(H),8075,8100,8380,8010,27552093,8060
두산,39300,40400,40400,39100,116965,39150
SPC삼립,70000,68000,70600,66800,21527,73000
쿠쿠홀딩스,84000,86200,86800,84000,5260,87500
대덕전자,7760,8170,8180,7760,836073,7960
QV 코스피 변동성 매칭형 양매도 ETN,8815,8835,8835,8815,669,8815
락앤락,10400,11200,11300,10400,345384,11350
ARIRANG 200,24825,25200,25200,24805,53304,25245
후성,6370,6580,6710,6320,1146184,6560
JW중외제약,28500,29000,29350,28500,164413,28850
종근당홀딩스,113500,108500,114000,108000,32981,116500
넥센타이어,5670,5840,5860,5630,567346,5930
KODEX 코스닥 150,9410,9560,9655,9410,3906814,9660
보령제약,12900,12400,13400,12250,1198641,12900
대한전선,648,637,679,637,4138479,664
동원시스템즈,21400,21700,21850,21000,20338,22100
제이콘텐트리,34550,33800,35850,32250,849583,34500
KINDEX 200,24870,25340,25340,24855,473988,25305
하나투어,40150,41700,41750,39800,222932,40300
한섬,21700,22650,22750,21650,76872,22450
남선알미늄,4900,5440,5560,4775,54264820,4995
동아쏘시오홀딩스,88300,84900,89900,84900,21113,88300
HDC,8810,8740,9040,8470,518454,8900
빙그레,53100,53500,53600,53000,36278,53400
SK디앤디,26300,27300,27500,26000,28238,27550
한진,42900,46750,47400,42800,520058,43200
롯데하이마트,21850,22750,22750,21150,152450,21850
효성티앤씨,119000,118000,120500,114000,15587,119000
KOSEF 200,25025,25330,25335,25000,36967,25420
풍산,18100,18250,18650,18100,106301,18250
영원무역홀딩스,37000,37250,38800,37000,6635,37250
에이프로젠 KIC,2255,2325,2370,2250,4190158,2340
서울가스,71500,72100,72100,70600,60,72000
LG하우시스,38400,39150,39350,38350,37299,40000
LG전자우,20100,20350,20400,20100,60098,20400
우리종금,511,525,528,511,1745033,519
부산가스,31750,32050,32050,31450,1156,31750
유니드,37300,35900,37300,35750,21446,39250
KOSEF 200TR,28240,28610,28615,28195,21910,28690
아이마켓코리아,9570,9720,9720,9470,74229,9640
농심홀딩스,73900,74300,74400,72700,2671,74300
스카이라이프,7170,7320,7320,7150,86848,7190
KODEX 선진국MSCI World,13015,13075,13075,12930,41608,13215
웅진씽크빅,2525,2560,2565,2510,347954,2530
케이씨텍,16800,17350,17500,16800,106563,17100
한국쉘석유,255500,262500,262500,254500,3581,259500
현대건설기계,16850,16900,17300,16800,210098,17100
SBS,17750,19300,19450,17750,334352,18400
한화투자증권,1540,1620,1625,1530,1598373,1565
JW홀딩스,4960,5020,5080,4920,180048,5050
율촌화학,13350,13750,13800,13000,95575,13450
TIGER 200 IT,19865,20300,20300,19855,249747,20220
삼진제약,23750,24400,25200,23700,184765,23900
디피씨,7710,8000,8740,7580,26950346,7850
TIGER 코스닥150,9440,9635,9655,9435,1135319,9695
퍼시스,28300,28300,28450,27650,7663,28300
세아베스틸,9080,9290,9490,8830,144480,9070
신영증권우,45900,45350,46200,45350,534,45850
드림텍,5070,5190,5190,5000,353337,5100
잇츠한불,14150,14250,15300,13900,88867,14550
한일시멘트,76300,76200,76800,75000,5230,76800
이리츠코크렙,5020,5080,5080,4980,94632,5000
광동제약,5830,5860,5940,5730,336013,6020
신한알파리츠,6640,6700,6700,6590,94461,6590
효성첨단소재,69500,70300,70600,69000,20225,69700
진에어,10250,10800,10850,10250,282984,10400
한라홀딩스,29450,30100,30500,29450,25711,29750
한독,22350,23400,23400,22300,69112,22600
고려제강,15300,15200,15700,15000,17053,15450
미원상사,60000,60300,60300,60000,4163,60500
일동제약,12400,13000,13000,12300,74154,12900
대원제약,14950,14700,15100,14700,108894,15000
한국단자,28800,29350,29600,28800,44170,29000
LG헬로비전,3870,3960,3965,3850,223965,3895
한솔제지,12400,12550,12650,12200,132341,12650
코오롱,18100,18100,18100,18100,72763,23500
일진다이아,19700,20050,20450,19500,177743,20800
동양,1170,1185,1215,1170,1039323,1230
아세아시멘트,57800,59100,59100,57200,8589,60600
KBSTAR 코스피,18600,18810,18840,18475,22841,18860
모토닉,7030,7200,7260,7030,18943,7040
교보증권,6270,6520,6650,6250,243880,6410
한일홀딩스,38050,38600,38600,37550,5737,38400
대상홀딩스,6470,6350,6980,6040,1164256,6330
광주신세계,140500,143500,143500,140500,385,141000
삼성SDI우,136500,141000,141000,135500,14201,139000
넥스트사이언스,6990,7150,7460,6960,1766827,7050
삼성출판사,21800,22850,23800,21800,462378,22300
신대양제지,54800,55500,55900,54100,15662,55300
삼영무역,12600,12850,12850,12550,15097,12650
현대에너지솔루션,19600,21050,21200,19350,221042,19700
삼양패키징,15050,15150,15150,14850,18473,15500
풍산홀딩스,27450,27700,27700,27200,2531,28000
현대차증권,7310,7550,7550,7310,162521,7430
IHQ,1435,1530,1675,1435,14753900,1485
하나 코스피 변동성추세 추종 양매도 ETN,8665,8665,8665,8665,0,8665
S&T홀딩스,13250,13500,13600,13000,21688,13250
대한제분,124000,123500,125500,118500,12281,127000
케이씨씨글라스,25200,26100,27000,25050,355264,25600
삼익THK,10050,10450,10450,10050,19918,10150
애경유화,6140,6230,6230,6100,56642,6600
CJ4우(전환),49400,50200,50300,49100,17899,49900
TIGER 차이나CSI300레버리지(합성),17550,17650,17780,17550,82529,18250
삼성 인버스 2X 천연가스 선물 ETN,20545,20475,20745,20190,7789,20980
쌍용차,1425,1540,1540,1400,3511910,1400
동화약품,7490,7730,7750,7490,128749,7500
대신증권우,7950,8150,8150,7950,116488,8030
LS전선아시아,6690,6890,7170,6670,277227,6810
코오롱글로벌,9160,9130,9160,8770,1248116,8260
이연제약,12000,12750,12750,11950,68884,12400
한국주철관,8720,8580,9340,8490,124776,8930
코스모화학,7600,7870,8010,7600,482441,7790
용평리조트,4030,4030,4085,3900,220823,4225
신세계푸드,52200,51300,54000,50900,31655,52500
무림P&P,3200,3240,3255,3180,265343,3215
토니모리,11100,10500,12300,10350,2341026,11100
예스코홀딩스,31250,31400,31500,31200,1356,32550
신한 인버스 2X 천연가스 선물 ETN(H),9435,9520,9565,9275,22045,9690
ARIRANG 고배당주,8650,8790,8790,8625,96481,8780
한세예스24홀딩스,4830,5010,5010,4830,36290,4825
해태제과식품,6580,6780,6790,6540,72729,6620
나노메딕스,5080,4750,6320,4720,9997145,5080
TIGER 차이나CSI300,8530,8635,8695,8525,106496,8740
현대리바트,8780,8800,8910,8630,139411,9150
KOSEF 국고채10년,125855,125920,126000,125800,3320,125830
에어부산,3550,3700,3770,3545,645082,3600
TIGER 미국나스닥100,44280,45000,45005,44225,43465,46055
신세계 I&C,109000,109000,110500,107000,12887,107000
QV 코스피 양매도 5% OTM ETN,9220,9220,9220,9220,0,9200
경보제약,7580,7700,7780,7440,49888,7690
효성ITX,16150,14650,16650,14400,520435,15900
유진투자증권,1860,1910,1950,1855,451265,1895
케이씨,13250,13800,13800,13150,43762,13500
KISCO홀딩스,9730,10000,10000,9710,7668,9890
대원강업,2870,2890,2890,2815,27701,2910
S&T중공업,5350,5370,5500,5310,38858,5390
세화아이엠씨,2990,0,0,0,0,2990
일진홀딩스,3510,3425,3585,3425,275385,3590
아세아,80700,81000,85000,79100,8435,80800
부국증권,16650,16750,16750,16300,6824,17000
휴비스,5040,5040,5120,4940,228473,5100
한국금융지주우,29400,30150,30450,29400,29013,30000
선진,7150,7110,7460,7040,72761,7290
코리아써키트,7270,7720,7720,7260,283924,7320
종근당바이오,30700,30000,30800,29650,120426,31350
한국철강,3615,3770,3770,3585,127784,3690
동아지질,13650,13900,14300,13650,214421,14700
한솔테크닉스,5170,5500,5500,5170,391411,5230
동부건설,7450,7580,7680,7450,60133,7650
KINDEX 베트남VN30(합성),11025,10680,11185,10550,140016,10905
무학,5790,5980,6000,5740,119377,5810
KSS해운,7060,7040,7170,6890,56523,7140
현대상사,12000,12250,12300,11900,43665,12500
세방,8430,8500,8500,8320,24115,8560
신한 레버리지 WTI원유 선물 ETN(H),1785,1890,1965,1755,5759518,1755
KBSTAR 코스닥150,9305,9465,9465,9255,34879,9510
티웨이항공,3480,3735,3805,3390,648137,3455
한국화장품제조,35800,34800,40500,33600,1257323,35650
AJ네트웍스,3430,3620,3620,3430,96831,3425
대성홀딩스,10400,9770,10500,9520,134443,9960
KG케미칼,11600,12000,12250,11600,198566,12300
TIGER 중국소비테마,5995,6100,6100,5995,29738,6070
동성코퍼레이션,3410,3420,3450,3345,57854,3485
SIMPAC,2350,2400,2405,2330,53007,2390
세원셀론텍,2570,2580,2740,2545,815677,2550
아시아나IDT,13650,13800,14200,13450,208158,14000
한국패러랠,1920,1970,1970,1890,25662,1940
흥국화재,2415,2530,2600,2415,67877,2415
KBSTAR 단기통안채,103620,103625,103625,103615,147377,103610
S-Oil우,38150,40000,40400,38150,21157,38300
HANARO 200TR,28265,28750,28810,28265,173,28750
KODEX 골드선물(H),12240,12260,12285,12140,722604,12450
성신양회,5820,5890,5950,5730,129058,6240
유수홀딩스,5810,6120,6120,5780,31441,5840
신성통상,1010,1010,1035,980,1653176,1055
대한제당,17000,17500,17500,17000,7210,16900
효성중공업,15150,15350,15450,15050,62704,16100
삼양통상,49200,50500,50500,49000,8826,49800
신라교역,9340,9430,9690,9260,39208,9310
팜스코,4020,4000,4140,3915,286693,4035
이수화학,7450,7480,7830,7240,136150,9680
동아타이어,10850,10600,10900,10550,1900,10700
ARIRANG 단기유동성,111680,111680,111680,111680,3,111675
DI동일,59000,61500,63100,59000,13512,60100
대한제강,5800,5860,5900,5650,77783,5870
LS네트웍스,1940,1770,2195,1720,1958503,1835
현대차3우B,58000,60200,60200,58000,16793,59500
TIGER 글로벌4차산업혁신기술(합성 H),11150,11350,11350,11030,49029,11425
TIGER 헬스케어,31315,31545,32030,31310,162647,31525
삼영전자,7060,7440,7440,7060,18148,7150
CJ씨푸드,3970,3775,4640,3750,61200420,3975
한신공영,11950,12400,12550,11950,32946,12300
대성산업,3120,3180,3195,3070,82667,3145
코스맥스비티아이,13700,13600,13950,13350,16095,14800
유니퀘스트,5080,5440,5440,5070,211354,5210
한창제지,2305,2590,2635,2300,12328263,2345
DB금융투자,3230,3290,3430,3210,288304,3290
미래에셋 코스피 양매도 5% OTM ETN,9245,9245,9245,9245,0,9275
한솔홀딩스,2890,2935,2940,2850,86847,2945
SG세계물산,694,678,721,661,4358261,685
한화갤러리아타임월드,23100,0,0,0,0,23100
TIGER 경기방어,9650,9690,9775,9620,14253,9785
LG우,41300,41900,41900,41050,3058,41800
신한 레버리지 천연가스 선물 ETN(H),3430,3420,3485,3370,457241,3370
명문제약,5350,5160,5440,5140,3146066,5600
깨끗한나라,3620,3815,3900,3620,1220282,3695
DB,624,645,651,623,652976,684
코오롱플라스틱,4020,3745,4020,3655,3581409,3620
국제약품,7270,7940,8250,7150,4481773,7470
사조산업,26950,27250,28150,26500,24534,27400
삼성전기우,45850,46650,47150,45750,20624,46900
CJ제일제당 우,98800,99000,99700,93100,2614,102500
계룡건설,14850,14900,15400,14800,21043,15200
두산우,34500,34000,35800,34000,17989,33900
현대약품,4190,4230,4280,4150,250407,4230
쌍방울,924,951,957,920,3333971,968
텔코웨어,13400,14600,14600,13400,55138,13900
KTB투자증권,2180,2255,2280,2170,365960,2225
NH투자증권우,7000,7150,7150,6970,89515,7050
아모레G우,20200,20100,20600,19550,30818,20600
노루페인트,6540,6670,6750,6500,90416,6610
삼화페인트,4880,5040,5060,4880,33746,4930
일신방직,54500,55000,55300,54000,1513,54300
핸즈코퍼레이션,5920,6100,6100,5860,3727,5960
HANARO MSCI Korea TR,9835,9985,9985,9835,50,9990
마니커,812,815,850,804,15750109,819
사조동아원,910,911,975,910,5167863,918
알루코,1690,1735,1755,1690,254807,1735
TIGER 미국S&P500선물(H),31990,31985,32045,31760,25064,32520
유화증권,11000,0,0,0,0,2270
삼광글라스,26300,27300,27400,26200,12340,26450
부산산업,113000,115000,117000,112500,35632,121500
진양홀딩스,2235,2255,2255,2225,48290,2295
신일산업,1760,1795,1815,1755,1807910,1795
샘표식품,27100,26900,28250,26800,29285,27900
큐로,795,796,815,780,1280216,799
GS글로벌,1460,1540,1540,1460,369930,1535
HDC아이콘트롤스,7540,7650,7650,7120,66790,7670
대성에너지,4540,4545,4560,4485,27971,4545
비티원,3040,2885,3040,2800,460284,3150
서원,2600,2820,2855,2565,4953441,2615
이수페타시스,2885,3005,3005,2875,371092,3000
태경산업,4110,4275,4275,4100,73732,4220
사조대림,13450,13350,14100,13000,64357,13450
KODEX 배당가치,8335,8460,8460,8335,3227,8480
동양물산,960,970,980,946,1369153,972
자화전자,6720,7070,7070,6540,196962,6840
대영포장,1080,1070,1170,1035,11414405,1120
디씨엠,10400,11400,11450,10400,97515,10350
백산,4900,5030,5030,4895,209650,5000
한국ANKOR유전,1710,1725,1725,1710,51676,1725
대신 골드 커버드콜 타겟 5%인컴 ETN(H),11930,11855,11930,11815,694,12065
백광산업,2585,2600,2670,2575,1344256,2670
동일산업,48550,46400,48650,46400,882,49350
크라운해태홀딩스,7890,8050,8180,7840,36636,8060
KBSTAR 코스닥150선물레버리지,6515,6805,6805,6500,41166,6730
대림산업우,30550,31200,31750,30250,20628,31350
BYC,188000,185500,192000,185500,244,190500
코오롱머티리얼,1885,1850,1885,1820,2889521,1730
아남전자,1525,1530,1545,1460,649614,1535
고려개발,7450,7030,7530,6940,47908,7760
STX엔진,5060,5320,5370,4860,16623,5130
NPC,3190,3200,3200,3115,20302,3205
노루홀딩스,8780,9100,9150,8780,11205,8850
삼성물산우B,71000,75200,75600,71000,29909,71700
세아제강,41300,42550,45400,41050,10304,41050
KODEX 단기변동금리부채권액티브,101955,101955,101955,101955,1,101955
세아제강지주,27600,28000,28500,27500,14981,27900
STX,5450,5700,5700,5370,29532,5850
써니전자,3290,3365,3450,3225,2208739,3395
카프로,2770,2810,2940,2755,734871,2845
삼일제약,17400,18000,18200,17400,42961,17450
이아이디,201,206,207,198,5171480,206
자이에스앤디,4125,4180,4185,4085,89102,4180
S&TC,14600,14900,14900,14150,26296,14800
동양철관,897,891,907,889,597846,924
ARIRANG 코스피50,17235,17500,17500,17200,299054,17510
상상인증권,1100,1190,1190,1100,152524,1130
인디에프,1670,1590,1690,1540,1646647,1820
두산솔루스1우,14450,15300,16300,13850,592496,14550
TIGER 코스피,18625,18975,18975,18625,32256,18920
극동유화,3010,3110,3190,3010,817240,3055
인천도시가스,24300,24200,24400,24000,2695,24250
보락,1680,1730,1750,1650,811966,1770
보해양조,807,834,840,805,2367315,831
화성산업,8390,8530,8530,8240,26564,8410
삼호개발,4015,4195,4195,4000,209855,4135
현대비앤지스틸,6700,6800,6830,6670,21767,6820
대한방직,19300,19950,19950,19200,2483,19400
강남제비스코,15300,15950,15950,14950,15693,15800
화승알앤에이,1570,1680,1680,1570,105539,1590
한전산업,3040,3015,3125,2970,91118,3115
대동공업,4180,4280,4280,4130,78838,4265
삼성 KTOP30 ETN,9955,9965,9965,9955,36000,10025
TIGER 코스닥150 레버리지,6990,7280,7290,6975,540828,7355
디와이,3680,3825,3830,3670,100616,3785
조선선재,78600,80000,80000,77900,559,79100
광전자,1690,1755,1755,1670,181412,1710
HDC현대EP,2985,3075,3075,2985,88590,3100
HSD엔진,2955,3215,3215,2955,456102,3000
신세계건설,22400,20150,23700,20150,67252,24700
백광소재,3370,3355,3475,3280,849957,3570
대한화섬,70000,72100,72400,70000,1407,74100
SH에너지화학,875,897,912,863,3676413,884
동남합성,26700,27250,27250,26600,2418,27100
한국공항,30300,31000,31550,29900,21820,30900
경동도시가스,16400,16600,16700,16250,7761,16550
대우부품,1925,1980,1985,1920,646955,2025
샘표,32000,31400,33400,31400,16560,33450
KINDEX 200TR,14490,14565,14680,14485,516,14735
제이에스코퍼레이션,7110,7360,7380,7090,42388,7180
미원홀딩스,40550,41850,42700,40550,4315,41000
TIGER 미국S&P500레버리지(합성 H),13520,13430,13660,13405,136685,14040
금양,2085,2140,2150,2065,109973,2165
벽산,1315,1320,1365,1305,364977,1390
대창,1010,1050,1055,1005,1443705,1045
성창기업지주,1345,1380,1380,1310,194585,1365
미원화학,43000,42700,43000,42300,1332,43100
한라,2355,2415,2415,2325,87724,2430
신한 S&P500 VIX S/T 선물 ETN B,34005,33605,34435,33595,13248,31420
한진중공업홀딩스,3130,3200,3320,3130,106369,3190
유니켐,1345,1425,1490,1345,714566,1390
비상교육,7000,7250,7250,6920,98706,7210
제주은행,2915,2945,3065,2880,57602,2915
미창석유,53800,55000,55000,53200,3063,53800
크라운제과,7420,7600,7600,7420,43868,7470
세이브존I&C,2230,2285,2320,2230,38538,2255
호전실업,11400,11600,11700,11400,1703,11550
우성사료,2940,2910,3170,2890,4501428,2985
TIGER 200선물인버스2X,7735,7515,7745,7515,2768516,7435
남광토건,8830,9040,9100,8620,16782,9360
디아이,2870,2930,2940,2855,164518,2920
미래산업,105,108,109,105,26056768,109
키다리스튜디오,5190,5520,5540,5190,156567,5330
신흥,9370,9300,9370,9220,3124,9400
우리들휴브레인,2455,2530,2620,2455,2071679,2510
조비,16000,15600,16650,15100,311624,17350
세아특수강,10250,10300,10400,10100,7888,10500
KODEX 은선물(H),3395,3440,3455,3370,1836539,3465
KODEX KRX300,11400,11535,11605,11400,27502,11615
신한 인버스 2X WTI원유 선물 ETN(H),7340,7405,7440,6720,928478,7375
서연이화,3270,3495,3510,3270,250395,3270
SK이노베이션우,70000,71000,71200,69900,12213,70700
서연,3700,3630,3850,3325,1382757,3750
삼부토건,617,586,644,570,2306519,640
NH프라임리츠,4690,4780,4780,4680,40327,4715
세종공업,3890,3940,3990,3820,114074,3885
태평양물산,1735,1815,1860,1715,867171,1745
기신정기,2940,2940,2980,2890,46479,2975
KB 코스피 마운틴 ETN,8650,8650,8650,8650,0,8670
웰바이오텍,2005,2000,2195,1955,3482975,2010
금호에이치티,3300,3450,3600,3300,62104,3355
KEC,725,735,735,712,532528,739
우리들제약,6510,6820,7070,6510,754503,6600
콤텍시스템,1215,1265,1265,1215,744256,1265
영흥,1055,1010,1060,969,2056159,1000
삼화전기,12750,13000,13100,12650,58425,12950
삼화왕관,38950,38700,39000,38100,235,39350
티웨이홀딩스,1080,1160,1160,1080,709723,1105
무림페이퍼,2025,2095,2095,2025,150655,2025
웅진,1050,1055,1060,1030,235136,1060
광명전기,1735,1755,1770,1700,363643,1920
CJ우,35950,36800,36800,35700,5577,36800
KODEX 국고채3년,57730,57750,57750,57700,3218,57710
동성화학,15450,15500,15750,15200,11680,15550
삼원강재,2005,2030,2030,1985,19704,2050
YG PLUS,1460,1340,1585,1275,8430344,1400
오리엔트바이오,741,740,785,711,7505848,797
세원정공,8090,0,0,0,0,8090
천일고속,56900,56600,57900,56600,414,56200
디와이파워,7090,7420,7420,7060,77619,7250
일진디스플,2740,2905,2910,2735,265284,2825
KC그린홀딩스,3460,3605,3605,3445,77842,3535
한미글로벌,7190,7380,7380,7190,31168,7230
동방아그로,5780,5830,5860,5750,9986,5790
지엠비코리아,4060,4145,4150,3960,152688,4130
성보화학,3915,3925,3970,3895,22143,3925
조흥,133500,132000,136500,131500,190,130500
윌비스,1300,1145,1400,1065,11805544,1240
다스코,4950,4970,5040,4855,59177,5080
계양전기,2340,2420,2445,2295,219701,2395
일진전기,2065,2205,2205,2065,153299,2100
현대코퍼레이션홀딩스,8190,8400,8490,8190,30302,8550
동양고속,26750,26850,27000,26450,2724,26850
DRB동일,3855,3990,4060,3855,16356,3900
퍼스텍,1630,1670,1670,1620,175173,1660
한창,2085,2195,2255,2080,2120260,2230
SK우,135500,138000,141500,135000,18229,137000
대유에이텍,717,765,765,717,206442,722
금호석유우,24900,24850,25550,24600,18409,25450
대신증권2우B,7580,7750,7750,7580,33832,7690
대현,1690,1755,1760,1685,102600,1730
KODEX 미국S&P500선물(H),13110,13170,13170,13040,54672,13360
그린케미칼,3145,3145,3180,3090,19119,3165
화신,2140,2275,2285,2100,148204,2155
남성,2015,2140,2140,2000,919003,2070
KTcs,1620,1645,1660,1610,385834,1750
ARIRANG 코스피TR,9000,9125,9125,9000,203906,9160
한양증권,5850,5890,5890,5810,34733,5860
유유제약,11800,11900,12150,11700,238526,11700
수산중공업,1305,1325,1325,1290,945390,1375
TIGER 부동산인프라고배당,4370,4430,4430,4360,66196,4405
대림씨엔에스,5600,5700,5700,5580,40406,5760
한국내화,3000,2970,3045,2895,263713,3205
황금에스티,5150,5340,5340,5130,33542,5230
휴니드,5070,5090,5090,5000,36534,5150
우진,3615,3600,3750,3490,333447,3595
KBSTAR 단기국공채액티브,100835,100845,100855,100835,33508,100840
KBSTAR 국고채3년선물인버스,99530,99510,99550,99475,7,99550
방림,1675,1695,1710,1660,11224,1700
부국철강,3440,3670,3695,3405,634696,3595
신영와코루,77100,81100,81100,77100,402,79400
두올,2640,2745,2745,2600,323556,2640
사조오양,7520,7160,8430,7100,1367067,7560
테이팩스,15000,15400,15750,14800,11971,14950
범양건영,2830,2950,2970,2750,1260078,2840
수출포장,17250,17500,17500,17050,6312,17550
영풍제지,3075,3155,3240,3020,75540,3150
고려산업,2565,2465,2770,2375,2716865,2800
금강공업,2775,2820,2875,2755,34019,2855
유니온머티리얼,1595,1670,1675,1595,272438,1660
남영비비안,1000,1050,1110,990,5989294,1010
포스코강판,11100,11850,11850,11050,72755,11500
한솔홈데코,822,867,890,819,898700,850
시디즈,34500,35500,35950,34500,1318,34150
MH에탄올,9030,8730,9460,8580,507113,9230
동방,1950,1880,2130,1860,27092275,2030
엔케이,828,857,860,828,241507,844
대유플러스,625,643,647,625,236357,633
새론오토모티브,3515,3520,3525,3400,12958,3515
화천기계,3000,2355,3000,2355,20396136,3065
사조씨푸드,3910,3825,4415,3770,2517661,3915
신풍제약우,37150,41350,44400,34600,474929,30550
한국제지,13400,13450,13600,13200,12955,13400
TIGER 2차전지테마,6460,6705,6705,6460,334270,6645
KCTC,2120,2140,2150,2095,107873,2215
화천기공,30000,29800,30300,29300,9472,30200
조광페인트,5140,5010,5180,5010,44012,5150
참엔지니어링,1215,1250,1250,1200,88988,1220
영화금속,1500,1380,1510,1300,5705709,1425
KBSTAR 200IT,8900,9095,9095,8900,143,9100
KBSTAR 금융채액티브,101635,101690,101690,101635,7,101630
한농화성,4005,4065,4100,3960,21615,4090
KBSTAR 국채선물10년,57150,57200,57225,57115,51,57190
유성기업,2440,2490,2490,2400,21927,2450
쎌마테라퓨틱스,6000,6000,6200,5970,275685,6250
KBSTAR 중기우량회사채,104625,104670,104670,104555,181,104595
우신시스템,3405,3510,3565,3395,49371,3410
대원전선,884,889,903,875,232345,911
TIGER 유로스탁스50(합성 H),9740,9705,9745,9600,13646,9795
KODEX 미국달러선물,10745,10695,10765,10695,347128,10725
한국석유,90600,93400,94400,88000,9263,93200
엔케이물산,712,745,750,702,1710172,725
가온전선,14400,15000,15150,14400,4454,14550
STX중공업,2055,2100,2105,1985,64174,2120
KTis,1655,1700,1705,1650,57978,1715
대창단조,20350,21050,21050,20350,12790,20850
KODEX 2차전지산업,6790,6950,6965,6770,126015,6995
평화산업,1050,1080,1080,1035,167380,1080
동일고무벨트,4360,4360,4400,4305,11550,4430
KODEX MSCI Korea,11860,11995,11995,11860,130,12065
서울식품,173,171,200,169,158268621,174
KBSTAR KQ고배당,9465,9745,9745,9465,97,9650
삼정펄프,23000,23150,23600,23000,3503,23150
DSR,3485,3565,3565,3430,52000,3585
주연테크,537,0,0,0,0,537
대호에이엘,2050,2185,2185,2025,565266,2110
세하,1915,2005,2090,1915,91237,1935
상신브레이크,2600,2680,2685,2595,47972,2650
KC코트렐,4225,4455,4455,4225,188055,4360
KODEX 중국본토 A50,16950,16935,17040,16860,2138,17170
제일연마,5470,5380,5500,5340,9153,5650
대림B&Co,3330,3425,3425,3255,43181,3380
대구백화점,5220,5230,5240,5190,13620,5200
태경화학,4770,4880,4880,4755,22001,4850
KB Wise 분할매매 ETN,9160,9265,9265,9160,45,9310
유한양행우,48000,50200,50700,47950,14983,47000
TIGER 미국MSCI리츠(합성 H),11210,11225,11325,11165,15252,11085
모나미,2800,2955,2965,2780,718790,2895
이건산업,4850,5020,5020,4845,51833,4985
KODEX 미디어&엔터테인먼트,11630,11625,11785,11625,6486,11825
한익스프레스,4545,4485,4770,4370,785738,4510
화인베스틸,1840,1730,1840,1730,612431,1820
CS홀딩스,46400,46150,47900,45500,1310,46400
SMART KRX300,11430,11555,11580,11430,5207,11620
세우글로벌,1805,1645,1825,1645,6991555,1860
KBSTAR KRX300,11540,11690,11695,11530,3129,11730
GS우,29900,30300,30300,29600,5621,29900
대양금속,2360,2510,2550,2355,915317,2395
KODEX 은행,5065,5180,5220,5050,122937,5135
인지컨트롤스,3355,3570,3570,3355,36632,3465
만호제강,12600,12550,12700,12350,2699,12600
체시스,2130,2180,2215,2100,735675,2155
혜인,3920,3920,3965,3805,124453,4050
까뮤이앤씨,1090,1095,1100,1060,1046994,1140
TIGER 인버스,7945,7825,7950,7825,363852,7785
TIGER 미국채10년선물,12875,12720,12875,12720,37217,12840
디아이씨,1305,1365,1370,1290,215561,1320
휴스틸,6600,6380,7600,6230,187350,6690
DSR제강,3450,3620,3640,3450,35432,3540
KOSEF 통안채1년,101755,101770,101770,101755,93469,101730
ARIRANG 코스피,18880,19175,19175,18855,47382,19135
미래아이앤지,365,398,400,360,1696791,391
SG충방,1115,1125,1160,1085,209752,1125
대교우B,2565,2565,2595,2535,154375,2600
국동,1670,1795,1860,1670,2562687,1730
한국프랜지,1420,1450,1530,1380,1215703,1650
KODEX 고배당,6540,6645,6645,6520,36886,6665
파워 200,25145,25425,25450,25145,15229,25560
영보화학,2445,2525,2535,2435,41203,2485
TIGER 중장기국채,53615,53540,53650,53510,514,53630
일성건설,874,892,895,873,146485,913
메타랩스,925,970,1000,925,277887,939
NI스틸,1665,1710,1710,1660,52424,1710
금비,48100,47950,49000,47950,953,48400
폴루스바이오팜,1225,0,0,0,0,1225
페이퍼코리아,1425,1440,1650,1390,1641634,1360
부국증권우,15850,15950,15950,15850,68,15850
우진아이엔에스,6080,6200,6250,6080,11402,6210
인터지스,1525,1630,1650,1525,63752,1585
동양피스톤,3495,3560,3565,3480,42587,3580
KODEX 코스피대형주,8735,8880,8880,8735,50492,8885
KODEX 중국본토CSI300,9975,10060,10075,9950,33671,10185
두산퓨얼셀1우,3115,3335,3335,3090,90749,3495
KB KTOP30 ETN,9475,9475,9475,9475,0,9340
대원화성,1105,1110,1135,1065,147196,1130
KB KQ 우량주30 ETN,9175,9155,9175,9155,40,9260
코오롱인더우,20200,18050,20200,18000,1038078,16600
삼성 코스피 풋매도 ETN,9150,9150,9150,9150,50,9150
삼성 레버리지 천연가스 선물 ETN,3710,3675,3755,3640,382380,3640
미래에셋대우우,3195,3300,3330,3190,44670,3230
KB 코스피 양매도 5% OTM ETN,9050,9050,9050,9050,0,9075
QV Big Vol ETN,9190,9190,9190,9190,0,9045
롯데지주우,45300,45200,45300,44200,3921,45750
유엔젤,3385,3550,3550,3320,354292,3410
덕성,2575,2620,2670,2500,376929,2865
티에이치엔,2410,2585,2585,2395,268312,2495
TRUE 코스피 양매도 ATM ETN,8970,8970,8970,8970,0,8970
한신기계,1330,1350,1365,1325,169231,1380
진양화학,3040,3015,3095,2905,222009,3695
TRUE 코스피 양매도 3% OTM ETN,8840,8840,8840,8840,3663,8860
선도전기,2310,2375,2395,2305,72329,2450
유화증권우,12350,0,0,0,0,2520
한국종합기술,3985,4005,4030,3935,33658,4020
TIGER 국채3년,111520,111590,111590,111470,831,111515
SK케미칼우,30500,30300,31150,29900,85329,29550
KODEX IT,11635,11935,11935,11635,9977,11930
신송홀딩스,3790,3360,3930,3335,531943,3610
평화홀딩스,2880,2875,2990,2845,20309,2900
KODEX 200exTOP,8480,8480,8480,8480,32,8480
TRUE 레버리지 천연가스 선물 ETN(H),10800,10785,10945,10680,14325,10575
신풍제지,1210,1250,1250,1180,423908,1210
한국특수형강,1265,1315,1315,1250,105507,1305
TIGER 레버리지,8625,8840,8880,8615,1060228,8940
문배철강,1970,2040,2050,1970,73813,2020
베트남개발1,298,295,300,295,50364,299
TIGER 차이나CSI300인버스(합성),11050,10930,11065,10915,395484,10800
두산솔루스2우B,22950,25200,25900,22700,81072,24700
KODEX 반도체,21435,22105,22105,21370,70955,21900
KOSEF 단기자금,101420,101420,101420,101405,569025,101415
케이비아이동국실업,594,604,604,590,49780,598
바다로19호,2595,2570,2595,2570,2368,2580
KODEX 증권,4810,4960,4965,4810,108278,4920
동원수산,8300,8280,9400,8200,1003310,8400
이구산업,1140,1170,1195,1140,134148,1160
삼아알미늄,3445,3590,3590,3400,16473,3525
선창산업,3005,2900,3400,2895,482672,3060
국보,1575,1700,1700,1565,287455,1580
롯데칠성우,49700,50600,50900,49600,3677,49500
조일알미늄,547,550,559,538,46752,547
대동전자,3570,3615,3655,3570,7638,3655
KBSTAR 200선물인버스2X,7530,7300,7540,7300,950799,7225
TIGER 소프트웨어,8755,8745,8850,8730,36231,8900
KR모터스,780,812,854,762,1018445,804
ARIRANG 신흥국MSCI(합성 H),8645,8770,8770,8610,13219,8715
태양금속,1010,1035,1060,1000,328730,1035
SJM홀딩스,2500,2520,2570,2465,15918,2530
삼성 인버스 2X WTI원유 선물 ETN,7490,7530,7540,6840,4077141,7535
SJM,2340,2440,2485,2305,13652,2410
KBSTAR 국고채3년,113645,113685,113690,113585,381,113610
케이탑리츠,805,811,814,794,249045,810
한세엠케이,2855,2925,2945,2795,6172,2900
신한 레버리지 금 선물 ETN,18160,18095,18200,17835,43858,18685
QV WISE 배당 ETN,7595,7595,7595,7595,0,7465
TIGER KRX300,11400,11520,11545,11400,49,11515
TCC스틸,1610,1690,1700,1610,93127,1645
대신 철광석 선물 ETN(H),18035,17680,18035,17680,167,18140
호텔신라우,48000,49200,49200,47450,6856,48200
KINDEX 중장기국공채액티브,103305,103355,103355,103195,40,103240
신한 레버리지 은 선물 ETN(H),5640,5780,5855,5545,900102,5895
한솔로지스틱스,1225,1265,1270,1220,355113,1285
KODEX 국채선물10년인버스,45500,45425,45500,45425,2,45525
갤럭시아에스엠,1250,1350,1370,1235,213525,1265
형지엘리트,1100,1100,1140,1075,180168,1115
신한,4945,0,0,0,0,4945
원림,15450,15300,15600,14850,980,15750
금호전기,3200,3130,3295,3050,136288,3370
KODEX 미국달러선물레버리지,10745,10680,10785,10680,189914,10735
삼영화학,996,1015,1045,988,115721,1015
KOSEF 국고채3년,113065,113055,113065,113030,226,113065
KODEX 미국S&P고배당커버드콜(합성 H),7835,7900,7910,7725,11160,7990
이화산업,12050,12300,12300,11850,796,11950
신한 레버리지 다우존스지수 선물 ETN(H),16285,16305,16400,16145,52468,16690
KODEX China H,20210,20535,20540,20190,397,20805
한일철강,1475,1505,1510,1470,17148,1485
신한 인버스 천연가스 선물 ETN(H),16215,16275,16275,16175,29,16430
삼성 레버리지 China A50 선물 ETN(H),31580,31705,31755,31580,2747,32620
KODEX China H 레버리지(H),5775,5785,5850,5715,7576,6000
TBH글로벌,1585,1620,1695,1580,162436,1550
티탑스,5180,4740,5240,4660,212062,5440
TRUE 레버리지 S&P500 선물 ETN(H),10265,10250,10650,10155,27003,10670
코아스,1015,1045,1055,1015,180856,1035
신한 인버스 옥수수 선물 ETN(H),16070,16070,16070,16070,0,15960
미래에셋 전기전자 Core5 ETN,15955,15955,15955,15955,5,15955
KODEX 200가치저변동,6815,6940,6940,6755,8457,6935
미래에셋 레버리지 S&P500 ETN(H),15305,15460,15460,15305,226,15950
ARIRANG 200동일가중,6565,6680,6680,6545,937547,6700
TIGER 코스피중형주,9445,9775,9775,9445,8515,9670
TRUE 레버리지 나스닥 100 ETN,9700,9685,9740,9630,87126,10475
QV S&P500 VIX S/T 선물 ETN B,33780,33130,36000,33130,643,31420
QV 하드웨어 TOP5 ETN,16170,16170,16170,16170,0,15695
KBSTAR 중장기국공채액티브,102875,102955,102955,102795,745,102805
WISCOM,1985,2015,2030,1980,48073,2030
HANARO 코스닥150,9280,9625,9625,9280,7019,9515
하이스틸,15050,15350,15350,14950,5191,15500
TIGER 반도체,21910,22740,22740,21865,33408,22410
KBSTAR 중국본토대형주CSI100,15950,16085,16085,15735,2906,16155
신한 인버스 WTI원유 선물 ETN(H),14920,15295,15295,14585,7222,15245
하이골드12호,2340,2370,2380,2330,21265,2335
두산2우B,34100,34950,34950,33500,1116,33950
성문전자,1540,1600,1600,1515,186306,1555
흥아해운,258,0,0,0,0,258
하이골드8호,2015,0,0,0,0,2015
인팩,2995,3035,3035,2920,12201,3000
TIGER 200IT레버리지,18480,19520,19650,18480,59715,19300
에쓰씨엔지니어링,1170,1260,1260,1170,44866,1185
키위미디어그룹,150,0,0,0,0,150
TRUE 인버스 2X 천연가스 선물 ETN(H),28620,28700,28755,28190,2173,29150
KOSEF 코스닥150,4650,4730,4760,4650,6210,4775
덕양산업,878,894,904,876,96977,885
진도,2250,2310,2365,2215,148674,2300
진양폴리,2615,2775,2775,2615,251238,2850
미래에셋 미국 대형주 ETN(H),14260,14260,14260,14260,0,14200
웅진에너지,914,0,0,0,0,914
미래에셋 미국 항공우주 ETN(H),14350,14350,14455,14350,236,14140
이스타코,657,687,698,657,140114,659
KODEX 필수소비재,7725,7740,7800,7695,1618,7815
ARIRANG KS모멘텀가중TR,9370,9535,9535,9370,50,9525
신한 다우존스지수 선물 ETN(H),13845,13880,13890,13810,496,14030
신한 금 선물 ETN(H),13825,13815,13850,13710,9538,14030
우진플라임,2895,2995,3025,2850,17132,2780
QV 소프트웨어 TOP5 ETN,14080,14080,14080,14080,0,13890
TIGER 농산물선물Enhanced(H),4200,4390,4590,4200,288513,4175
KOSEF 미국달러선물,12940,12895,12970,12895,87701,12915
삼성 미국 대형 성장주 ETN,13770,13790,13790,13770,1132,13680
한솔PNS,1260,1335,1335,1260,161474,1330
경인전자,17350,17400,17400,17200,64,17200
ARIRANG KS퀄리티가중TR,9820,9965,9965,9820,50,9995
동원금속,572,629,629,572,907792,573
KINDEX 일본TOPIX인버스(합성 H),6445,6445,6450,6365,205449,6340
KODEX 삼성그룹밸류,6200,6355,6355,6200,5045,6330
TIGER 미국다우존스30,14450,14570,14570,14400,18577,14615
TIGER 일본TOPIX(합성 H),11675,11965,11965,11625,853,11900
두산퓨얼셀2우B,7960,8500,8880,7960,57748,8750
한성기업,4170,4360,4585,4125,519063,4205
삼성 미국 대형 성장주 ETN(H),13050,12990,13050,12990,856,12980
미래에셋 미국 헬스케어 ETN(H),12770,12770,12770,12770,0,12930
KINDEX 코스피,18805,19045,19045,18665,130,19080
KINDEX 삼성그룹섹터가중,9390,9625,9625,9390,714,9535
ARIRANG 미국장기우량회사채,105250,104930,105400,104930,224,106100
KBSTAR 미국S&P원유생산기업(합성 H),1960,2000,2035,1940,3079111,1965
신화실업,21000,20050,21200,19450,5162,20900
ARIRANG 단기채권액티브,105025,105025,105025,105025,6,105010
신한 레버리지 미국달러 선물 ETN,12665,12640,12705,12625,3014,12640
동일제강,1635,1655,1670,1620,74398,1685
대신 인버스 2X 니켈선물 ETN(H),12850,12420,12850,12420,36,12545
미래에셋 중국 심천 100 ETN,12370,12370,12370,12370,1,12370
QV 바이오 TOP5 ETN,12180,12325,12435,12175,227,12275
태원물산,3220,3380,3460,3200,17323,3215
ARIRANG 단기우량채권,52845,52845,52845,52835,1134,52840
한진칼우,44900,46650,47550,44500,27422,45100
한국전자홀딩스,504,522,522,503,112880,516
삼성 KRX 금현물 ETN,11775,11640,11785,11640,11622,12065
미래에셋 미국 중형주 ETN(H),12105,12105,12105,12105,0,12040
삼화전자,2255,2335,2335,2240,71773,2300
삼성 바이오 테마주 ETN,12025,11990,12130,11870,898,12010
KODEX 미국나스닥100선물(H),10385,10405,10425,10340,224276,10825
유안타증권우,1810,1890,1890,1780,54807,1840
미래에셋 일본 대형주 ETN(H),11875,11875,11875,11875,2,11875
미래에셋 미디어엔터 Core5 ETN,11810,11865,11865,11810,50,11810
성안,406,406,420,400,133657,414
미래에셋 레버리지 원유선물혼합 ETN(H),4180,4045,4575,4045,644309,3900
ARIRANG 미국단기우량회사채,101870,101820,101925,101820,240,101715
ARIRANG 코스피중형주,6920,7040,7040,6920,31,7060
미래에셋 미국 고배당주 ETN(H),11625,11625,11625,11625,52,11625
대신 WTI원유 선물 ETN(H),4680,4910,4910,4595,82986,4640
QV 스마트리밸런싱 260/4 ETN,11390,11390,11390,11390,0,11470
TIGER 코스닥150선물인버스,7940,7800,7940,7770,1044084,7730
KOSEF 미국달러선물레버리지,10275,10210,10330,10210,37365,10270
TIGER 미국달러단기채권액티브,10430,10395,10440,10395,51954,10430
신한 인버스 2X 다우존스지수 선물 ETN(H),5805,5775,5855,5745,332944,5640
BYC우,101000,98100,102500,98100,46,104000
ARIRANG KS로우볼가중TR,8945,9060,9075,8945,50,9090
TIGER 로우볼,8910,8950,9010,8910,6666,9025
삼성 S&P500 VIX S/T 선물 ETN(H) B,31700,31495,31985,31410,32600,29400
SK디스커버리우,16500,16750,17300,16250,59195,16200
신한 인버스 구리 선물 ETN(H),11000,11185,11185,11000,30,11000
미래에셋 미국 시니어론 100 ETN,10885,10885,10885,10885,0,10970
KOSEF Fn중소형,14235,14350,14415,14235,51,14600
TIGER 200TR,12670,12955,12955,12670,523,12880
TIGER 가격조정,17675,17695,17715,17595,2155,17940
미래에셋 호주 ASX200 ETN(H),10790,10790,10790,10790,0,10910
KODEX 배당성장,9480,9715,9715,9480,1517,9690
TIGER 코스피대형주,9230,9330,9330,9230,757,9335
미래에셋 유럽 대형주 ETN(H),10660,10660,10660,10660,110,10660
KODEX TRF3070,10100,10230,10230,10040,9338,10095
모두투어리츠,2700,2670,2715,2650,1468,2705
미래에셋 일본 중형주 ETN(H),10565,10565,10565,10565,2,10565
신한 구리 선물 ETN(H),10455,10270,10485,10270,200,10480
미래에셋 유럽 중형주 ETN(H),10475,10475,10475,10475,0,10475
미래에셋 원자재 선물 ETN(H),6945,6945,6945,6870,45,6935
KINDEX 레버리지,3615,3745,3745,3600,176546,3735
TRUE 빅5 동일가중 ETN,10150,10150,10150,10150,0,10270
하이골드3호,1265,1255,1275,1255,52659,1265
미래에셋 미국 시니어론 100 ETN(H),10100,10100,10100,10100,0,10190
미래에셋 에너지화학 Core5 ETN,9975,9975,9975,9975,34,10055
전방,12200,12350,12600,11950,1203,11950
세기상사,49150,50300,50800,48200,861,49200
LG하우시스우,18500,18650,18700,18000,2280,19300
에이리츠,5400,5470,5470,5360,10553,5410
에이엔피,238,249,254,236,511803,240
ARIRANG KS밸류가중TR,9070,9215,9215,9030,20051,9230
TIGER 우량가치,7925,8080,8080,7925,3828,8050
지코,306,0,0,0,0,306
삼성 미국 중소형 성장주 ETN,9930,9930,9930,9930,0,9840
QV KTOP30 ETN,9950,9950,9950,9950,0,9835
KOSEF 미국달러선물인버스2X,7625,7675,7675,7595,8151,7620
신한 인버스 2X 은 선물 ETN(H),10250,10050,10385,9950,11306,9780
미래에셋 인버스 원유선물혼합 ETN(H),19505,19785,19785,19105,328,19540
KODEX 국채선물10년,71950,72015,72060,71900,6435,71990
KINDEX 중기국고채,107620,107665,107665,107620,2,107595
신한 코스피 콘도르 6/10% ETN,9680,9680,9680,9680,0,9680
TIGER 미국달러선물인버스2X,8655,8720,8720,8625,4891,8685
대덕전자1우,5690,5810,5860,5640,17334,5770
신한 코스피 월별 양매도 5% OTM ETN,9545,9545,9545,9545,0,9540
세방우,5120,5010,5120,5000,9708,5150
KINDEX 중국본토CSI300레버리지(합성),3155,3140,3245,3140,13085,3260
삼성 화학 테마주 ETN,9445,9505,9505,9445,638,9445
KODEX MSCI KOREA ESG유니버설,7410,7450,7450,7410,2,7525
신한 코스피 월별 양매도 3% OTM ETN,9355,9355,9355,9355,0,9355
삼성 미국 중소형 성장주 ETN(H),9555,9555,9555,9555,0,9325
대한항공우,16650,17100,17150,16600,30659,16700
ARIRANG 미국S&P500(H),11335,11860,11995,11295,63317,11530
신한 은 선물 ETN(H),9005,9095,9135,8935,9984,9190
신한 USD K200 선물 바이셀 ETN,9420,9350,9420,9350,14,9180
KODEX 배당성장채권혼합,10090,10145,10145,10085,1032,10150
ARIRANG 고배당저변동50,7840,7935,7935,7840,4430,7940
삼성 코스피 풋매도 4% OTM ETN,9160,9160,9160,9160,0,9120
마이다스 200커버드콜5%OTM,11375,11335,11375,11335,2,11375
TIGER 모멘텀,15450,15890,15890,15450,238,15665
신한 인버스 2X S&P500 선물 ETN,9385,9320,9515,9320,80371,9085
태영건설우,6720,6670,6830,6570,16740,7090
KODEX 자동차,10815,11030,11085,10800,60725,10970
KOSEF 200선물레버리지,8225,8495,8495,8225,8016,8575
미래에셋 글로벌 리츠 ETN(H),9130,9135,9135,9025,104,9000
신한 코스피 콘도르 4/10% ETN,8950,8950,8950,8950,0,8980
미래에셋 미국 리츠 ETN(H),9150,9150,9150,9150,0,8980
HANARO KRX300,11395,11590,11590,11395,118,11515
삼성 미국 대형 가치주 ETN(H),9020,9020,9020,9020,1005,8890
TREX 200,24930,25205,25250,24930,70,25345
FOCUS KRX300,11505,11560,11560,11505,79,11685
ARIRANG KRX300,11445,11600,11600,11435,58,11640
청호컴넷,1925,2135,2160,1925,167924,2030
ARIRANG 200선물인버스2X,15065,14640,15090,14640,244395,14495
신한 인버스 은 선물 ETN(H),8990,8820,8990,8815,313,8695
신한 레버리지 천연가스 선물 ETN,11835,11745,11995,11665,38886,11585
남양유업우,102000,114500,115000,102000,2978,103000
미래에셋 Q150 Core5 ETN,8385,8385,8385,8385,0,8385
HANARO 고배당,7145,7295,7295,7145,519,7290
하이트진로2우B,14650,14750,14900,14450,2129,14800
신한 레버리지 S&P500 선물 ETN,8095,8025,8115,8015,5490,8355
QV 롱숏 K150 매수 로우볼 매도 ETN,8345,8345,8345,8345,1,8345
대신 2X 니켈선물 ETN(H),8600,8400,8940,8100,38506,8315
QV 인버스 레버리지 10년 국채선물 ETN,16535,16535,16535,16535,0,16590
TRUE 인버스 2X 유로스탁스50 ETN(H),8590,8480,8590,8460,14872,8285
TIGER 200 헬스케어,20030,20500,20725,20030,30447,20470
대상우,11850,11850,12000,11600,4400,11850
신한 K200 USD 선물 바이셀 ETN,8200,8200,8200,8200,0,8000
KINDEX 골드선물 레버리지(합성 H),17045,16995,17050,16890,42802,17700
QV 자동차 TOP5 ETN,7990,7990,7990,7990,0,7930
KODEX Fn멀티팩터,8660,8720,8765,8660,156326,8800
TRUE 코리아프리미어 ETN,7935,7935,7935,7935,0,7905
미래에셋 인버스 에너지화학 Core5 ETN,8030,8030,8030,8030,0,7880
TIGER 코스피고배당,9070,9270,9270,9050,10531,9215
KODEX 바이오,9300,9445,9510,9300,94377,9375
KBSTAR 글로벌4차산업IT(합성 H),12890,13630,13630,12770,2713,13095
TRUE 레버리지 유로스탁스50 ETN(H),7480,7570,7570,7445,5027,7760
QV 에너지 TOP5 ETN,7750,7750,7750,7750,500,7750
삼성 미국 중소형 가치주 ETN,7715,7735,7735,7715,3170,7640
KODEX KTOP30,12505,12700,12700,12505,177,12665
QV 화학 TOP5 ETN,7560,7560,7560,7560,0,7460
미래에셋 인버스 미디어엔터 Core5 ETN,14845,14845,14845,14845,0,14770
KODEX 심천ChiNext(합성),8550,8790,8790,8550,11080,8660
컨버즈,4100,0,0,0,0,4100
KINDEX S&P아시아TOP50,10720,10690,10720,10550,1659,10905
부산주공,341,353,357,339,556216,347
씨아이테크,802,817,835,801,132315,812
KODEX 코스피100,19345,19365,19550,19280,9145,19560
신한 인버스 2X 천연가스 선물 ETN,14390,14455,14525,14180,1066,14605
신한 WTI원유 선물 ETN(H),3705,3620,3985,3620,474796,3650
한국주강,1310,1285,1310,1275,10116,1290
KINDEX 모닝스타싱가포르리츠채권혼합,9400,9400,9400,9400,0,9725
코오롱우,10400,10400,10400,10400,16216,13500
삼성 미국 중소형 가치주 ETN(H),7305,7305,7305,7305,3,7260
넥센타이어1우B,2160,2240,2280,2160,61068,2230
QV 의료 TOP5 ETN,7215,7365,7425,7215,292,7245
KBSTAR 중소형고배당,7230,7315,7325,7200,128,7415
신한 인버스 2X 미국달러 선물 ETN,7150,7185,7185,7140,218,7170
KODEX 미국달러선물인버스2X,8660,8725,8725,8615,19387,8660
KODEX 200 중소형,6995,7150,7150,6995,329,7140
쌍용양회우,8620,8200,8690,8080,8180,9200
TIGER S&P글로벌헬스케어(합성),14030,13970,14030,13915,1524,14130
TRUE 섹터탑픽 ETN,7060,7060,7060,7060,0,7060
KODEX 글로벌4차산업로보틱스(합성),10330,10375,10375,10140,399,10430
KODEX 건설,2040,2070,2085,2030,72856,2095
KODEX 미국FANG플러스(H),12440,12950,12950,12385,40343,13325
신한 콩 선물 ETN(H),7055,7060,7085,7055,4592,6980
녹십자홀딩스2우,16300,16900,16900,15650,2276,16500
KODEX 미국채울트라30년선물(H),13905,13925,13935,13885,25963,13790
TRUE 인버스 2X 나스닥 100 ETN,7430,7460,7510,7395,111930,6855
신한 인버스 금 선물 ETN(H),6965,6950,6995,6935,9301,6830
QV 인버스 레버리지 WTI원유 선물 ETN(H),6705,6780,6780,6175,20831,6725
삼성 온라인쇼핑 테마주 ETN,6730,6730,6730,6730,1,6715
QV 내수소비 TOP5 ETN,6605,6605,6605,6605,0,6655
QV CHINEXT ETN(H),6770,6770,6770,6770,0,6645
KBSTAR 모멘텀로우볼,9635,9655,9670,9600,1307,9785
삼성 Alerian 에너지인프라 MLP ETN,4365,4270,4385,4270,2391,4385
KBSTAR 채권혼합,54340,54530,54535,54340,143,54620
FOCUS ESG리더스,6415,6500,6500,6415,6,6540
미래에셋 인버스 S&P500 ETN(H),6560,6560,6560,6560,0,6420
하이트론,2390,2330,2550,2330,29333,2305
QV 건설 TOP5 ETN,6220,6220,6220,6220,0,6360
삼성 증권 테마주 ETN,6315,6315,6315,6315,2,6360
삼성 인버스 2X 구리 선물 ETN(H),12765,12890,12890,12615,232,12695
삼성 Cushing 에너지인프라 MLP ETN,4140,4015,4150,4015,2820,4215
TIGER 배당성장,11760,11885,11885,11760,180,12025
신한 인버스 2X 구리 선물 ETN,12685,13155,13175,12685,755,12615
KOSEF 국고채10년레버리지,140320,140920,140920,140240,207,140150
KODEX 최소변동성,8280,8480,8480,8215,2717,8400
TIGER 우선주,8315,8475,8475,8285,8941,8430
남선알미우,31050,34500,34500,30600,48698,33000
KODEX WTI원유선물인버스(H),21115,21350,21350,20220,141420,21195
KODEX TRF5050,9965,9925,9970,9820,13970,10050
신한 코스피 콘도르 6/10% 콜 2204-01 ETN,9985,9985,9985,9985,0,10015
KODEX TRF7030,9835,9820,9835,9700,2863,9950
TIGER 미국나스닥바이오,15990,16105,16105,15840,5903,16560
KINDEX 싱가포르리츠,9735,9900,9910,9695,6515,9900
삼성 레버리지 은 선물 ETN(H),9390,9565,9705,9210,317907,9790
TIGER 인도니프티50레버리지(합성),7985,8270,8280,7780,94076,8145
TIGER 글로벌자원생산기업(합성 H),8700,8740,8740,8700,3378,8730
KINDEX 스마트로우볼,10750,10870,10870,10750,20,10905
QV 인버스 MSCI 선진국 ETN,12490,12605,12605,12490,105,12455
HANARO KAP초장기국고채,51125,51180,51240,51110,176,51060
태양금속우,2620,2640,2640,2460,46595,2630
TIGER 미국달러선물레버리지,10805,10600,10870,10600,3795,10825
KBSTAR 헬스케어채권혼합,10780,10780,10845,10775,4766,10785
TIGER 유로스탁스레버리지(합성 H),5225,5215,5295,5200,59518,5385
KODEX MSCI밸류,7690,7680,7690,7625,10043,7830
ARIRANG 200선물레버리지,16565,17105,17105,16535,20600,17170
계양전기우,5980,5960,6010,5880,13526,6120
KBSTAR 팔라듐선물(H),13045,12870,13205,12820,130107,13165
KBSTAR 5대그룹주,4645,4710,4710,4645,389,4700
KOSEF 미국달러선물인버스,9940,9970,9970,9890,11092,9945
KOSEF 고배당,6145,6185,6250,6140,13077,6230
KODEX 턴어라운드투자,8290,8405,8405,8290,214,8405
TRUE 코스피 커버드콜 ETN B,8280,8305,8305,8270,62,8375
KODEX KRX300레버리지,7305,7550,7550,7305,23120,7595
TIGER 일본엔선물레버리지,11770,11590,11780,11590,3898,11800
KBSTAR 미국장기국채선물레버리지(합성 H),15175,15170,15190,15130,365,15010
KODEX 게임산업,9030,9010,9130,9010,1017,9135
KODEX 미국달러선물인버스,9550,9585,9585,9520,5013,9535
KBSTAR IT플러스,11160,11360,11360,11160,95,11380
SK네트웍스우,71800,72200,72200,70300,330,72000
KODEX MSCI퀄리티,9025,9180,9180,9025,27031,9025
대신 2X 아연선물 ETN(H),3985,3920,3990,3920,4704,4035
KODEX 보험,4915,4905,5055,4840,23129,4995
동북아13호,5050,5050,5050,5050,0,5030
ARIRANG 중형주저변동50,7170,7305,7305,7170,569,7250
TIGER 골드선물(H),13065,13065,13085,12950,34730,13260
TIGER 국채선물3년인버스,49650,49650,49650,49650,0,49650
KODEX 철강,5095,5240,5270,5095,7775,5145
대신 니켈선물 ETN(H),11275,11240,11320,11220,1169,11280
동북아12호,4975,4975,4975,4975,0,4975
TIGER KTOP30,6180,6330,6330,6170,279,6250
TIGER 대만TAIEX선물(H),12485,12700,12700,12485,149,12950
KOSEF 배당바이백Plus,10930,11065,11100,10930,59,11090
KINDEX 일본Nikkei225(H),12485,12670,12670,12475,339,12900
KBSTAR 주식혼합,30525,30755,30770,30525,35,30860
TIGER 원유선물인버스(H),15315,15400,15410,14705,31871,15410
신한 MSCI 인도네시아 선물 ETN(H),8000,8320,8320,8000,151,7705
TIGER 중장기국채선물인버스,48050,48050,48050,48050,0,48075
마이티 코스피100,19230,19325,19405,19215,16,19230
KOSEF 코스닥150선물인버스,14055,13675,14055,13675,5548,13725
KODEX 일본TOPIX100,12620,12600,12755,12585,662,12795
금호산업우,25000,25600,26250,24950,4780,26050
KINDEX 스마트모멘텀,10685,10820,10820,10640,7711,10870
TRUE 코스피 타겟볼20 ETN,7620,7620,7620,7620,0,7580
하나니켈1호,277,280,285,275,2409906,272
파워 중기국고채,103155,103155,103155,103155,0,103155
TIGER KRX300선물인버스,10415,10190,10445,10190,86,10220
TREX 펀더멘탈 200,24120,24120,24120,24120,1,24495
KBSTAR KRX국채선물3년10년스티프너2X,50715,50710,50715,50665,6,50700
신한 인버스 2X 금 선물 ETN,6225,6220,6330,6200,50869,6065
KBSTAR KRX국채선물3년10년스티프너,50485,50480,50485,50465,6,50480
크라운해태홀딩스우,9870,9830,9900,9710,7318,10050
ARIRANG 국채선물10년,58010,58020,58080,57980,189,57995
성문전자우,10050,10600,11000,10050,25463,10000
ARIRANG 코스닥150선물인버스,12285,12090,12300,12025,29599,11995
KBSTAR KRX국채선물3년10년플래트너,49960,49970,49985,49960,6,49970
KODEX 퀄리티Plus,7400,7410,7495,7380,141,7490
KBSTAR V&S셀렉트밸류채권혼합,9925,9975,9975,9925,11,9965
KBSTAR KRX국채선물3년10년플래트너2X,49695,49715,49745,49695,6,49720
KODEX 미국S&P에너지(합성),5030,4940,5045,4940,81817,4995
마이티 200커버드콜ATM레버리지,6575,6575,6575,6575,0,6610
KODEX 200동일가중,7355,7355,7355,7355,1,7415
KODEX 콩선물(H),7455,7580,7580,7455,15676,7400
KBSTAR 200생활소비재,7120,7160,7160,7120,115,7190
TIGER 200 건설,1750,1745,1785,1730,65835,1790
대신 인버스 니켈선물 ETN(H),8480,8480,8480,8480,100,8360
ARIRANG 스마트베타Quality채권혼합,9680,9740,9740,9680,33,9740
하이트진로홀딩스우,12100,12050,12600,11900,1440,12350
KINDEX 일본TOPIX레버리지(H),11135,11115,11620,11090,6150,11545
ARIRANG S&P글로벌인프라,9710,9670,9710,9565,171,9575
KBSTAR 중국MSCI China선물(H),10240,10065,10400,10000,236,10430
TIGER 금은선물(H),9325,9345,9370,9260,51913,9485
코오롱글로벌우,20950,20950,20950,20200,60414,18150
KODEX FnKorea50,7025,7210,7210,7025,53,7095
파워 고배당저변동성,20580,20860,20890,20580,1375,20920
TIGER 200커버드콜5%OTM,11210,11210,11210,11210,0,11290
ARIRANG 미국다우존스고배당주(합성 H),10555,10760,10760,10555,8659,10650
TIGER MSCI KOREA ESG유니버설,7390,7395,7400,7390,78,7500
KBSTAR ESG사회책임투자,7815,7920,7920,7815,10,7945
삼성중공우,47950,48700,49250,47700,675,48250
KBSTAR 200선물인버스,9365,9305,9365,9235,9887,9190
성신양회우,7080,7190,7190,6990,7327,7470
KODEX 한국대만IT프리미어,10740,10810,10810,10740,235,10975
KODEX 3대농산물선물(H),7385,7430,7430,7365,70276,7315
TIGER 베타플러스,10435,10520,10520,10435,23,10435
KODEX 기계장비,3055,3105,3105,3055,3697,3115
대신 아연선물 ETN(H),7660,7650,7660,7650,235,7730
TIGER 일본엔선물인버스2X,7630,7810,7810,7630,772,7630
HANARO 코스닥150선물레버리지,5615,5795,5865,5615,6257,5900
KINDEX 코스닥(합성),8655,8840,8840,8655,13,8785
ARIRANG 글로벌MSCI(합성 H),11480,11810,11810,11405,1505,11665
TIGER 대형성장,7880,7900,7930,7880,542,7990
KINDEX 인버스,8835,8665,8835,8665,26825,8640
QV 레버리지 MSCI 선진국 ETN,7135,7135,7135,7135,0,7400
KINDEX 멕시코MSCI(합성),6215,6300,6300,6210,3954,6445
현대비앤지스틸우,45000,43950,46000,43750,1542,46900
TIGER 지주회사,9190,9190,9190,9190,0,9210
KODEX 국채선물3년인버스,49650,49670,49670,49650,28,49650
KBSTAR 200고배당커버드콜ATM,7105,7140,7160,7095,13,7165
KODEX 경기소비재,8150,8350,8350,8150,558,8345
TIGER 미디어컨텐츠,4540,4545,4800,4530,103176,4625
TIGER 이머징마켓MSCI레버리지(합성 H),7000,7090,7090,6995,4714,7110
KODEX 구리선물(H),4475,4415,4500,4400,22717,4510
KINDEX 국채선물3년인버스,99105,99105,99105,99105,0,99160
TIGER 중소형성장,6855,6995,6995,6855,1003,7080
노루페인트우,10400,10900,10900,10400,9911,10650
KINDEX 배당성장,23660,23865,23865,23660,31,24120
TIGER MSCI KOREA ESG리더스,6935,6935,6935,6935,0,6965
대상홀딩스우,5250,5340,5340,5100,8419,5260
마이티 코스피고배당,9380,9380,9380,9380,1,9380
크라운제과우,6120,6670,6670,6120,8831,6140
TIGER 200 경기소비재,10610,10780,10780,10610,1022,10755
KINDEX 스마트퀄리티,11595,11740,11740,11595,20,11810
KINDEX 필리핀MSCI(합성),11635,11555,11635,11555,113,11745
KODEX MSCI모멘텀,7695,7720,7750,7695,21,7820
KBSTAR 우량업종,7690,7790,7800,7690,24,7785
KODEX 가치투자,7565,7690,7690,7565,1957,7765
KBSTAR 미국장기국채선물인버스(H),7640,7630,7640,7625,113,7710
KODEX China H선물인버스(H),11860,11505,11860,11485,356,11530
KINDEX 국채선물10년인버스,91975,91975,91975,91975,0,92140
금강공업우,7680,7760,7760,7430,6297,7800
파워 스마트밸류,10040,10160,10240,10040,51,10225
KODEX 멀티에셋하이인컴(H),9210,9235,9235,9210,247,9195
HANARO 농업융복합산업,7510,7615,7630,7480,201,7660
삼성 건축자재 테마주 ETN,2325,2325,2325,2325,0,2290
신한 브렌트원유 선물 ETN(H),4555,4545,4680,4525,87174,4575
TIGER S&P글로벌인프라(합성),9000,9025,9025,8925,84,9125
DB하이텍1우,39100,40600,40600,39050,473,40500
TIGER 방송통신,6870,6995,7045,6870,2045,7090
동부건설우,18400,18850,18850,18300,977,19650
KBSTAR 200커뮤니케이션서비스,10250,10330,10350,10220,262,10455
KBSTAR 코스닥150선물인버스,8190,8035,8195,8025,83032,7980
JW중외제약우,25200,25300,25900,24450,4711,25300
진흥기업우B,5060,5150,5150,4895,6831,5080
하나니켈2호,1350,1375,1405,1325,181445,1315
ARIRANG 코스닥150,9340,9480,9520,9340,360,9560
TIGER 현대차그룹+펀더멘털,12350,12670,12670,12350,3452,12620
ARIRANG KRX300헬스케어,9690,9725,9890,9690,371,9735
KINDEX 한류,5255,5270,5275,5225,258,5350
TIGER LG그룹+펀더멘털,5745,5950,5950,5720,946,5870
KBSTAR 수출주,6960,7105,7105,6955,25,7025
KODEX 미국채울트라30년선물인버스(H),6845,6845,6850,6840,1512,6900
진흥기업2우B,13750,14500,14500,13400,6449,14000
TIGER 지속배당,10360,10510,10510,10360,2209,10540
ARIRANG 심천차이넥스트(합성),8380,8595,8595,8380,358,8595
TIGER 중소형가치,6825,6915,6915,6825,3,7010
흥국화재우,4955,5070,5300,4950,54350,4960
KBSTAR 국채선물10년인버스,45955,45910,45955,45905,6,45955
TIGER 증권,2815,2840,2900,2815,3037,2890
ARIRANG KRX300산업재,8000,8140,8145,8000,51,8145
KBSTAR 게임테마,8155,8280,8280,8155,70,8310
KODEX 골드선물인버스(H),7575,7575,7630,7555,35841,7440
한양증권우,7070,6690,7100,6590,3399,7060
TIGER 라틴35,2460,2505,2505,2435,21965,2460
TIGER 200 생활소비재,9395,9330,9475,9330,150,9520
KBSTAR KQ모멘텀로우볼,7875,8000,8000,7875,15,8015
KOSEF 코스닥150선물,5965,6095,6095,5960,107,6105
TIGER 200 철강소재,5295,5380,5390,5295,529,5385
KODEX 밸류Plus,5775,5815,5865,5775,43,5905
JW중외제약2우B,38650,38100,39500,38000,214,39000
코리아써키트2우B,4320,4550,4600,4320,316,4440
KBSTAR 200경기소비재,6575,6655,6655,6575,5,6660
TIGER 대형가치,7425,7425,7425,7425,2,7505
KBSTAR 200산업재,6610,6740,6740,6610,5,6740
TIGER 은행,5165,5195,5270,5165,1855,5265
KBSTAR KQ모멘텀밸류,7280,7435,7435,7280,105,7425
KBSTAR 200건설,7020,7050,7150,6990,575,7205
노루홀딩스우,17100,17200,17500,17000,709,17750
KODEX MSCI EM선물(H),6955,6875,6955,6875,40,7155
KBSTAR 미국장기국채선물인버스2X(합성 H),5680,5900,5900,5615,389,5715
KBSTAR 중소형모멘텀밸류,7565,7685,7685,7565,5,7685
흥국화재2우B,21600,22800,23200,21600,26871,20000
KBSTAR 팔라듐선물인버스(H),6155,6220,6265,6070,14932,6135
동양우,4935,4715,4940,4715,2191,4935
신원우,33050,32100,33850,32100,213,33300
TIGER 200 산업재,3645,3690,3710,3645,537,3720
유유제약2우B,17700,17950,18150,17550,145,17700
ARIRANG 스마트베타 Quality,7075,7210,7210,7075,32,7220
TIGER 여행레저,3755,3755,3830,3755,8680,3830
ARIRANG 선진국MSCI(합성 H),8490,8510,8510,8320,1534,8615
ARIRANG 스마트베타 Value,6660,6755,6755,6660,30,6790
KBSTAR 200철강소재,5060,5100,5150,5060,582,5150
TREX 중소형가치,5805,5880,5880,5800,6,5900
동양2우B,8370,8500,8500,8370,2068,8350
ARIRANG 스마트베타 LowVOL,7185,7275,7280,7185,47,7300
KBSTAR 200금융,6010,6060,6130,6010,1941,6085
KBSTAR 200중공업,5870,6045,6045,5870,45,6015
KBSTAR 중소형모멘텀로우볼,7085,7160,7160,7085,5,7205
TIGER 금속선물(H),3990,3990,3990,3960,1089,4005
KODEX 운송,2890,2940,2950,2870,24628,2910
ARIRANG ESG우수기업,6465,6540,6540,6460,107,6550
TIGER K게임,7245,7250,7300,7245,208,7405
ARIRANG KRX300IT,10665,10865,10865,10660,2051,10860
KBSTAR 200에너지화학,6120,6225,6240,6120,58,6285
ARIRANG KRX300금융,6940,7065,7095,6915,143,7075
ARIRANG 스마트베타 Momentum,6620,6735,6735,6620,30,6710
ARIRANG KRX300자유소비재,8730,8840,8885,8730,51,8875
KBSTAR 지주회사,6090,6180,6180,6090,9,6175
KBSTAR KRX300레버리지,7240,7470,7495,7240,939,7570
TIGER 삼성그룹펀더멘털,7775,7995,7995,7775,1320,7885
신한 레버리지 구리 선물 ETN,7450,7205,7535,7205,15458,7520
KBSTAR 미국장기국채선물(H),12600,12555,12600,12555,539,12530
대한제당우,11300,11400,11500,11250,1039,11550
KINDEX 러시아MSCI(합성),24005,24740,24740,24005,4430,24900
TIGER 국채선물10년인버스,46540,46540,46540,46540,0,46675
KBSTAR 헬스케어,10605,10710,10825,10540,2452,10665
KOSEF KRX100,4030,4100,4100,4030,341,4100
KODEX KRX300선물인버스,10640,10370,10640,10370,3501,10495
한화투자증권우,1510,1520,1540,1490,32183,1530
KBSTAR KRX300선물인버스,10685,10350,10695,10350,152,10460
ARIRANG 주도업종,6565,6640,6645,6565,88,6655
TIGER 차이나항셍25,16120,16050,16170,15935,233,16175
KODEX 성장투자,7910,7925,8050,7910,1643,8080
KBSTAR 모멘텀밸류,8890,9040,9040,8860,27,9045
KOSEF 200선물인버스,9370,9215,9370,9210,17858,9185
SMART 중국본토 중소형 CSI500(합성 H),3900,3960,3960,3895,189,3965
서울식품우,3190,3180,3675,3145,1119547,3185
KOSEF 코스닥150선물레버리지,2770,2925,2925,2770,15803,2915
KODEX 미국S&P산업재(합성),13445,13475,13650,13445,1670,13150
TIGER 의료기기,11675,11755,11905,11625,270,11685
KINDEX 미국다우존스리츠(합성 H),72795,73435,73435,69885,217,69980
KINDEX 삼성그룹동일가중,11485,11690,11690,11485,491,11655
TIGER 구리실물,5860,5610,5900,5610,4227,5680
KINDEX 스마트하이베타,8560,8670,8670,8560,20,8690
KODEX 200ESG,8515,8690,8690,8515,95,8670
KBSTAR KRX300미국달러선물혼합,9625,9670,9745,9625,16,9830
깨끗한나라우,18500,18500,18850,18150,8350,18700
HANARO e커머스,9010,9160,9160,9000,348,9120
KBSTAR 내수주플러스,7940,8015,8035,7940,57,8090
TIGER 200에너지화학레버리지,4760,5170,5170,4715,24419,5030
대원전선우,2465,2470,2585,2430,38972,2590
삼성 인버스 2X 은 선물 ETN(H),7045,6905,7110,6830,29171,6745
KOSEF 저PBR가중,9370,9435,9545,9370,905,9550
QV 레버리지 WTI원유 선물 ETN(H),1730,1885,1885,1695,301735,1670
KBSTAR V&S셀렉트밸류,9360,9460,9495,9310,97,9515
흥국 S&P코리아로우볼,7885,7885,7885,7885,0,7875
KINDEX 스마트밸류,9300,9410,9410,9300,135,9435
삼성 레버리지 구리 선물 ETN(H),6535,6330,6600,6325,56225,6590
CJ씨푸드1우,32150,32000,37450,31800,150491,32600
TIGER 코스닥150바이오테크,9040,9175,9325,9040,5185,9230
QV MSCI 선진국 ETN,9085,9085,9085,9085,0,9135
ARIRANG 국채선물3년,53150,53150,53150,53150,20,53190
TIGER 유로스탁스배당30,9085,8980,9330,8980,4868,9085
TIGER 중장기국채선물인버스2X,45280,45250,45360,45245,46,45300
TIGER 일본엔선물인버스,8920,9005,9010,8920,634,8995
KBSTAR 차이나H선물인버스(H),11735,11560,11790,11355,1433,11365
현대건설우,96200,97000,97000,96200,325,98800
TRUE 인버스 유로선물 ETN B,9815,9815,9815,9815,0,9750
KODEX S&P글로벌인프라(합성),9625,9700,9770,9620,2056,9845
한화우,19500,20000,20050,19500,5397,20200
KODEX 헬스케어,13690,13900,14095,13690,62773,13815
넥센우,2645,2780,2780,2590,270,2660
KINDEX 미국4차산업인터넷(합성 H),11585,11865,11865,11585,3291,11950
KINDEX 밸류대형,5845,5925,5925,5845,41,5950
ARIRANG KS로우사이즈가중TR,9300,9465,9465,9300,54,9480
KINDEX 인도네시아MSCI(합성),6725,6820,6950,6700,9000,6765
신한 FnGuide 5G 테마주 ETN,8975,9550,9550,8965,3178,9470
TIGER 200커뮤니케이션서비스,16590,16560,16600,16560,67,16910
신한 코스피 월별 양매도 3% 콜 2206-1 ETN,9405,9405,9405,9405,0,9450
신한 코스피 콘도르 4/10% 콜 2204-01 ETN,9400,9400,9400,9400,0,9440
한화솔루션우,8400,8450,8520,8360,10363,8400
QV 인버스 레버리지 MSCI 선진국 ETN,13545,13665,13665,13520,313,13460
TRUE 인버스 유로스탁스50 ETN(H) B,9560,9500,9605,9480,326,9415
SK증권우,2395,2350,2490,2345,40450,2405
QV 제약 TOP5 ETN,4660,4630,4660,4630,2619,4685
대신 인버스 아연선물 ETN(H),13505,13505,13505,13505,0,13275
삼성 레저 테마주 ETN,4620,4680,4680,4620,102,4640
삼양사우,24000,24000,24700,23900,1099,24900
KODEX 모멘텀Plus,8190,8210,8310,8190,7322,8360
TIGER 일본니케이225,12955,12855,12955,12770,277,13130
KOSEF 블루칩,6435,6550,6550,6435,1273,6545
TRUE 인버스 엔선물 ETN B,9190,9190,9190,9190,2,9135
KTOP 코스피50,17650,17870,17870,17565,116,17890
신한 인버스 달러인덱스 선물 ETN(H),9110,9110,9110,9110,123,9110
TRUE 인버스 2X HSCEI ETN(H),9375,9375,9375,9375,67,8975
일양약품우,19550,19850,19900,19550,2962,20100
KODEX 미국러셀2000(H),7970,8010,8020,7925,9720,8100
TIGER 일본엔선물,11160,11150,11160,11130,499,11130
TRUE 인버스 나스닥 100 ETN,9245,9215,9245,9215,901,8845
TRUE 레버리지 HSCEI ETN(H),8450,8450,8450,8450,200,8830
KBSTAR 차이나HSCEI(H),11080,10820,11085,10815,120,11035
KODEX 미국채10년선물,12530,12445,12560,12395,5865,12530
대신 인버스 철광석 선물 ETN(H),4440,4505,4510,4430,1605,4380
QV 레버리지 10년 국채선물 ETN,24925,24925,24925,24925,0,24860
신한 인버스 다우존스지수 선물 ETN(H),6325,6295,6350,6290,2559,6215
QV 인버스 레버리지 S&P500 ETN,6365,6290,6400,6290,3642,6205
삼성 미디어 테마주 ETN,6155,6155,6155,6155,259,6155
삼성 인버스 China A50 선물 ETN(H),12435,12465,12465,12435,76,12270
TIGER 일본TOPIX헬스케어(합성),11910,11870,12110,11870,555,12090
SMART 선진국MSCI World(합성 H),12045,12045,12045,12045,0,12045
TRUE 인버스 2X S&P500 선물 ETN(H),6185,6190,6245,6155,231113,5975
KBSTAR 고배당,8055,8095,8150,8015,2434,8195
신한 인버스 MSCI 인도네시아 선물 ETN(H),11805,11730,12120,11730,6482,11690
신한 인버스 브렌트원유 선물 ETN(H),11785,11805,11805,11450,943,11675
KODEX 200미국채혼합,11105,11035,11165,11035,8180,11175
QV 운송 TOP5 ETN,5950,5950,5950,5950,0,5800
NPC우,2065,2090,2090,2050,354,2195
일정실업,9910,9850,9960,9820,3946,9650
TIGER 200 에너지화학,9265,9410,9450,9265,11946,9490
QV 미국 IT TOP5 ETN(H),15950,17705,17705,15775,3196,16510
삼성 음식료 테마주 ETN,5680,5600,5680,5600,110,5755
KODEX 미국S&P바이오(합성),22400,23330,23330,22400,1425,22740
ARIRANG 고배당주채권혼합,9475,9525,9525,9470,1668,9530
KOSEF 인도Nifty50(합성),10010,10625,10625,9885,84793,9945
미래에셋 원유선물혼합 ETN(H),11390,11695,12300,11350,39960,11365
KOSEF 코스피100,19280,19555,19555,19280,409,19585
TRUE 레버리지 엔선물 ETN B,11325,11325,11325,11325,100,11345
TIGER 코스닥150IT,10520,10785,10785,10510,5837,10810
TIGER 200 중공업,1885,1915,1930,1885,141354,1940
TRUE 인버스 HSCEI ETN(H) B,11190,11190,11190,11190,5,11190
TIGER 경기방어채권혼합,9290,9290,9335,9285,2000,9325
TRUE 코스피 커버드풋 ETN B,11260,11260,11260,11260,0,11175
덕성우,7200,6840,7520,6500,401624,8000
TIGER 미국S&P500선물인버스(H),6465,6475,6495,6450,89285,6360
신한 달러인덱스 선물 ETN(H),11125,11150,11150,11125,120,11125
신한 옥수수 선물 ETN(H),5490,5495,5510,5470,82639,5460
KOSEF 200 선물,10890,11010,11030,10890,80,11105
TRUE 엔선물 ETN B,10650,10650,10650,10650,0,10810
ARIRANG 우량회사채50 1년,107385,107385,107390,107370,2863,107350
삼성 인버스 2X 금 선물 ETN(H),10975,10985,11140,10920,57658,10630
HANARO 200선물인버스,16585,16335,16585,16335,20220,16260
TIGER 200커버드콜ATM,8695,8705,8765,8695,74,8790
신한 천연가스 선물 ETN(H),3540,3530,3565,3515,53695,3500
미래에셋 인버스 전기전자 Core5 ETN,5320,5320,5320,5320,1,5245
TIGER 화장품,2855,2920,2945,2840,137105,2890
삼양홀딩스우,33500,32650,33700,32350,205,33950
파워 코스피100,19335,19580,19580,19335,205,19620
삼천리,72400,72400,73300,72100,4214,72300
삼호,18850,18200,20000,17550,74196,19250
조선내화,72500,77700,79600,72500,11441,72800
진흥기업,1945,1975,1985,1905,96853,1995
유나이티드제약,17300,18200,18350,17200,248268,17700
한국자산신탁,2250,2345,2360,2230,513355,2295
하이트진로홀딩스,12200,12450,12450,11800,23936,12200
SK렌터카,7810,7940,8010,7690,80561,7830
SK증권,574,591,594,574,4594209,590
AK홀딩스,20550,21600,21650,20450,52157,20900
조광피혁,41500,41700,41800,41150,1926,41550
아모레G3우(전환),38100,38450,38750,37650,5499,38500
아세아제지,29750,30250,30450,29500,37707,30000
경방,9700,10500,10550,9700,298028,9790
금호산업,7370,7580,7590,7350,150917,7440
송원산업,10700,11000,11000,10600,154721,11100
삼성제약,4240,4310,4495,4220,7401808,4320
신도리코,26350,26600,26600,25550,10731,26300
에이블씨엔씨,9450,9550,10350,9310,435618,9800
모나리자,6950,7400,7690,6900,5205422,7240
TIGER 원유선물Enhanced(H),1820,1795,1875,1795,21069024,1885
환인제약,14000,14300,14300,13750,47908,14150
KBSTAR 대형고배당10TR,9655,9920,9920,9650,1997,9805
경인양행,6270,6220,6440,6140,862358,6420
일성신약,92300,94400,96700,91300,9169,98300
코리아오토글라스,12850,13500,13500,12750,38355,13050
도화엔지니어링,7420,7540,7540,7350,91876,7700
경농,11200,11400,11950,10900,540074,11950
태림포장,3550,3640,3745,3515,688717,3635
한국카본,5740,6090,6090,5710,659344,5830
SBS미디어홀딩스,1800,1815,1830,1790,105633,1825
JW생명과학,15700,16100,16100,15650,86746,16100
세아홀딩스,61900,59100,62800,59100,1374,63600
센트랄모텍,28400,28700,29300,27600,241667,29450
인스코비,2550,2625,2710,2550,942184,2595
현대일렉트릭,6890,7020,7040,6880,151205,6980
한화손해보험,2120,2200,2315,2065,690882,2150
엘브이엠씨홀딩스,4780,4940,5020,4675,378942,4905
엔에스쇼핑,7170,7000,7700,7000,197947,7400
제일파마홀딩스,11950,13100,13100,11950,113788,15500
코스모신소재,8070,8600,8620,8070,335554,8460
넥센,4505,4550,4580,4365,58917,4620
해성디에스,14100,15100,15100,14100,87190,14400
삼성 레버리지 WTI원유 선물 ETN,2385,2635,2635,2195,13563619,2320
한국화장품,14850,14950,16700,14500,5399862,15000
디티알오토모티브,23800,24500,24500,23700,10871,24100
E1,33200,33600,33750,32400,26044,34850
KPX케미칼,48450,48950,49450,47900,4026,49300
국도화학,41450,41900,42000,41100,1943,40950
LG상사,12800,13150,13200,12750,378717,13050
LIG넥스원,22350,23200,23300,22250,91961,22900
SK디스커버리,27250,27500,28400,27000,509551,26250
씨에스윈드,27550,28400,28400,26900,33502,28600
필룩스,5570,5030,6160,4995,33946729,5700
CJ CGV,22500,23550,23550,22500,322735,22700
롯데정보통신,29850,30450,30450,29450,40780,31150
삼화콘덴서,45400,47400,47700,45350,178947,46050
KODEX Top5PlusTR,11565,11780,11780,11550,7725,11700
동양생명,2910,3100,3130,2910,470812,2930
대신증권,9300,9530,9530,9300,132069,9300
유안타증권,2340,2345,2410,2325,572937,2365
대한해운,17850,18100,18200,17300,188837,19250
서흥,38350,38200,39650,38150,74110,39900
진원생명과학,13150,14450,14700,13100,4419726,14000
삼성 코스피 양매도 5% OTM ETN,9215,9235,9235,9215,4,9215
롯데손해보험,1460,1520,1550,1455,1174802,1455
두산퓨얼셀,6900,6950,7240,6870,1001938,8130
현대에이치씨엔,3900,4025,4150,3825,1037851,3925
HANARO 단기통안채,102460,102460,102460,102460,0,102475
한국토지신탁,1745,1770,1770,1720,375030,1750
신영증권,45900,46350,46450,45850,5548,46200
한일현대시멘트,23650,24000,24200,23250,20468,25550
삼성화재우,132000,131000,134000,125000,11375,134500
화승인더,7520,8130,8170,7470,2593287,7750
KODEX 코스피,18735,19045,19045,18670,157481,19045
한세실업,10700,11100,11100,10600,165213,10600
이월드,4450,5090,5180,4440,12021316,4455
BGF,4315,4500,4500,4285,332804,4370
경동나비엔,32250,33000,33000,32150,31513,32800
삼양홀딩스,47800,47950,48600,47000,15423,48300
롯데푸드,351500,366000,369500,350000,4938,364000
대교,4735,4790,4790,4700,362152,4825
미래에셋대우2우B,2835,2860,2875,2825,344058,2860
미원에스씨,76600,76500,76700,76300,12764,75600
세방전지,27600,28000,28450,27600,40720,28400
덴티움,35000,34800,37050,34700,150516,35750
지역난방공사,33850,33200,34750,33000,14282,34000
에이프로젠제약,1615,1660,1680,1605,6328832,1610
풀무원,9990,10050,11000,9900,338457,10150
제일약품,24800,26200,26400,24600,40038,26150
맵스리얼티1,4095,4095,4120,4020,110384,4100
KODEX 코스닥150선물인버스,7830,7690,7830,7660,57807476,7605
동국제강,3900,4140,4140,3900,408119,3965
KINDEX 단기통안채,100545,100545,100545,100540,524,100540
남해화학,7350,7390,7490,7200,337004,7540
한미반도체,7050,7270,7270,6960,204737,7250
한국콜마홀딩스,20200,20000,20600,19750,93528,20800
삼양사,35700,35900,36200,35400,25727,35950
LF,12300,12800,12800,12200,80404,12550
한진중공업,4425,4530,4600,4200,82330,4400
SMART 200TR,8075,8155,8185,8075,1986,8220
