삼성전자,49000,49350,49350,48550,22572541,51400
SK하이닉스,81300,80600,82300,80600,4443881,84100
삼성바이오로직스,540000,536000,553000,535000,294611,566000
삼성전자우,42300,42900,42900,41850,1859138,44050
NAVER,170500,168000,172500,167500,839342,179000
셀트리온,215000,214500,217500,213500,748043,211000
LG화학,343000,327500,345000,327000,620116,362500
현대차,99100,98900,100500,98300,1335838,100500
삼성SDI,271000,252000,271500,252000,1221853,286500
LG생활건강,1191000,1166000,1206000,1166000,52695,1249000
삼성물산,94000,93000,94900,91500,537901,95900
현대모비스,174500,173000,177000,171000,401419,179500
SK텔레콤,196500,190000,196500,189500,389169,199000
POSCO,176000,178500,179500,175000,650506,176000
카카오,165500,159000,167000,158500,1002499,172000
엔씨소프트,655000,656000,663000,645000,96467,649000
신한지주,28050,28050,28450,27900,2298849,28500
KB금융,31900,32350,32500,31300,4020158,32350
SK,180500,173500,181000,172500,220816,188500
한국전력,20250,20700,20850,20150,4145295,20600
삼성에스디에스,158000,155000,160500,154500,233960,164000
기아차,29000,29050,29400,28700,2275904,29900
LG,62700,58100,62700,58000,594568,62100
KT&G,77200,76300,77500,75500,726598,78000
아모레퍼시픽,172500,169500,173000,169000,197295,180500
삼성생명,47450,48050,48650,46850,904456,48550
삼성화재,191500,190000,192500,188500,135362,191500
SK이노베이션,96700,95300,98000,94300,721716,97700
LG전자,53500,53100,53600,52500,786438,54500
삼성전기,105000,100500,106000,100000,1014057,114000
넷마블,96200,94300,96700,93600,373120,96400
고려아연,412000,390000,412000,389500,78380,404000
S-Oil,66100,65600,66300,64700,680119,67200
하나금융지주,24250,24150,24500,23650,2786606,24750
롯데케미칼,191500,189500,195500,186000,171055,194000
한진칼,85000,85500,87000,84000,861864,109500
우리금융지주,8100,8030,8100,7910,2899455,8220
KODEX 200,25160,24895,25205,24750,7818885,25925
한국조선해양,80000,80100,80900,79000,310385,82000
KT,21500,21450,21700,21200,900488,22000
강원랜드,24700,23350,24850,23100,1621906,24950
LG유플러스,12150,12000,12200,11800,1953597,12150
아모레G,60300,61000,61100,59600,163694,62500
한온시스템,9010,8670,9070,8580,1297650,9120
오리온,119000,118500,121500,116500,205859,117500
코웨이,60400,60500,61900,59600,279849,61700
기업은행,7720,7780,7820,7630,2609682,7880
LG디스플레이,11150,11050,11250,10950,1505165,11500
현대중공업지주,228500,226000,232500,225500,46027,233500
현대건설,32900,32550,33650,31500,1414930,33150
GS,38950,38450,39150,37600,366179,38800
미래에셋대우,5060,5080,5120,5000,3595660,5440
CJ제일제당,237000,233000,240500,232000,66917,237000
KODEX 레버리지,9540,9375,9585,9230,102840402,10145
CJ대한통운,143000,133500,147000,133500,167921,147500
삼성카드,28750,28700,29050,28200,193603,29000
이마트,114500,112500,117000,112500,253901,115500
TIGER 200,25185,24940,25215,24765,1336671,25950
에스원,83400,81700,84400,81200,95777,83700
포스코케미칼,50700,47250,50900,46950,732543,52100
LG이노텍,126000,121000,126000,120500,246119,132500
유한양행,46200,46450,46900,45800,572044,46700
한미약품,259000,257000,262000,256500,36305,262000
호텔신라,74100,72700,74300,72400,512239,77700
롯데지주,26550,26500,27050,26000,208604,27450
대림산업,75100,76000,76400,73700,327295,78700
한국금융지주,45450,45550,45950,44700,448402,49100
삼성중공업,4270,4350,4355,4205,6721183,4335
더존비즈온,90000,79700,91100,79500,657843,90500
DB손해보험,37800,38400,38700,37650,346300,37700
한국타이어앤테크놀로지,20650,20950,21000,20100,695564,21400
현대제철,19100,19400,19400,18550,1006666,19750
BGF리테일,147000,143000,148000,142500,49845,151000
삼성증권,27450,27850,27950,27150,516829,28850
NH투자증권,8620,8650,8710,8470,1076264,9110
쌍용양회,5080,4795,5100,4760,1994593,4980
신세계,233500,232500,236500,229000,61041,252500
한국가스공사,26600,26400,26950,25750,436369,26900
GS리테일,30950,30750,31150,30500,189082,31850
롯데쇼핑,84400,85500,85500,83100,131721,86600
한화솔루션,13700,13700,13950,13550,794779,14400
현대차2우B,62700,64200,64200,62700,76324,63300
두산밥캣,21600,21850,22700,21100,1058808,22450
삼성엔지니어링,11000,11200,11300,10700,2718017,11450
한국항공우주,22100,22100,22350,21400,727807,22600
현대해상,24400,24000,24650,23750,280313,24550
CJ,70800,70300,72000,69600,100296,72200
하이트진로,29200,28750,29450,28500,231657,29050
휠라홀딩스,32000,31300,32800,30150,734870,33300
금호석유,66000,66300,67000,65400,153568,66200
대한항공,19600,19600,20150,19050,1259070,20900
제일기획,16400,16400,16600,16000,740587,16950
오뚜기,537000,533000,539000,525000,6488,536000
GS건설,23500,23350,23900,22800,599153,23700
SKC,46550,43750,47200,43650,527711,50200
일진머티리얼즈,38300,36000,38400,35800,1303552,40650
KODEX 200선물인버스2X,7220,7360,7475,7205,191947766,6770
부광약품,29700,28500,32900,28150,31611811,27650
대우조선해양,16550,16550,16950,16300,281502,16600
농심,291500,287500,292000,283000,31356,288500
팬오션,3130,3120,3205,3110,1354154,3260
현대엘리베이,64800,62000,65100,60600,1135649,63600
F&F,105000,99700,106500,99000,100616,111500
동서,16500,16050,16500,16000,100909,16650
키움증권,73200,73200,74000,71100,57138,74700
포스코인터내셔널,12850,12800,13100,12200,871175,13250
TIGER 단기통안채,100435,100430,100435,100420,211342,100435
한화생명,1650,1735,1740,1640,10219290,1815
KODEX 단기채권,102185,102190,102190,102185,18322,102190
BNK금융지주,4685,4800,4805,4685,1764805,4800
메리츠화재,13700,13800,14150,13600,118754,13750
현대백화점,63500,62600,64700,62200,94345,65900
한샘,62100,61500,62500,60700,60465,63800
신세계인터내셔날,196000,194500,198000,191500,42614,206000
현대차우,59000,59500,59900,58300,119961,60100
NHN,74000,69900,74100,69200,173012,73900
한전KPS,31200,31700,32000,30950,247976,31800
LG생활건강우,645000,649000,653000,645000,6265,675000
KBSTAR 200,25095,25030,25150,24695,367404,25855
효성,66700,66000,66800,65500,45162,66800
대우건설,3295,3270,3330,3195,1954711,3355
한화,18000,18000,18250,17450,254345,18350
메리츠금융지주,9830,9810,9950,9810,29433,9790
KODEX 코스닥150 레버리지,7265,6795,7295,6770,41189992,7490
LG화학우,160500,154500,165000,154000,38002,173000
KG동부제철,12050,11750,13900,10500,663470,13200
한올바이오파마,25050,24500,27050,24050,1441558,25150
KCC,142500,144500,146500,140000,53672,144000
HDC현대산업개발,18250,18750,18750,17900,674298,18850
SK네트웍스,4900,4865,4935,4800,874158,5000
이노션,57500,53500,57500,53300,47347,62000
현대미포조선,30050,30000,30200,29350,186765,30750
대웅제약,108500,108000,115500,106000,383438,104500
KODEX 종합채권(AA-이상)액티브,109895,109825,109920,109705,5985,109785
만도,24300,24000,24500,23500,394440,25300
현대로템,14200,12850,14500,12500,5566749,13950
한화에어로스페이스,22550,22250,22600,21850,268756,23150
LS ELECTRIC,37950,38000,38050,37000,76895,38650
HMM,3705,3605,3765,3525,3204875,3655
LS,33650,33550,33800,32750,112842,34450
파미셀,16650,16550,16900,16150,4024496,18500
DB하이텍,23800,22450,24000,22250,1096395,24050
태영건설,13550,13000,13950,12850,348745,13850
KODEX 200TR,7915,7925,7925,7780,159092,8160
지누스,69500,62000,69800,61400,259588,71600
TIGER TOP10,8180,8135,8210,8100,6342,8425
녹십자홀딩스,21250,21500,21850,20950,134764,21250
한솔케미칼,81300,79000,81500,77900,65210,87700
한국콜마,42000,41550,42150,41200,156758,43200
두산솔루스,32050,33000,36850,31350,10381521,32300
KODEX 삼성그룹,6195,6125,6200,6075,192437,6440
두산중공업,3735,3715,3825,3585,4853402,3820
더블유게임즈,52500,50300,52700,49450,328260,52500
TRUE 코스피 양매도 5% OTM ETN,9715,9685,9715,9685,11153,9695
GKL,15400,14750,15650,14500,399909,15500
코리안리,7700,7500,7710,7350,318625,7960
현대위아,34850,33400,34850,33200,187002,35150
금호타이어,3180,3090,3180,3055,577880,3295
OCI,38550,37850,39000,37550,146924,39550
영풍,504000,494000,504000,488000,1789,508000
SK케미칼,80200,81800,82300,79200,318061,79300
HANARO 200,25120,24915,25160,24720,109228,26300
KODEX MSCI Korea TR,7930,7955,7955,7805,792596,8200
영진약품,4915,4930,4950,4855,671764,5010
KODEX 인버스,7120,7185,7245,7105,44665508,6890
한국테크놀로지그룹,9580,9710,9890,9300,140325,9740
오리온홀딩스,14350,14150,14400,13950,148073,14350
롯데리츠,5000,4990,5060,4970,371722,5190
아시아나항공,3790,3810,3825,3680,2206833,3950
두산인프라코어,4345,4420,4495,4320,4436580,4225
JB금융지주,4345,4395,4395,4285,380433,4410
롯데정밀화학,32900,32600,33050,31750,87743,33600
신풍제약,15800,17750,17850,15750,11291537,16250
코스맥스,85200,82400,85400,82400,142672,85400
한화시스템,7550,7340,7620,7180,441242,7710
태광산업,747000,760000,761000,747000,1616,756000
DGB금융지주,4770,4865,4865,4695,973381,4950
코오롱인더,30300,31050,31550,29800,693398,30300
현대오토에버,38200,37300,38250,36850,21784,38450
롯데칠성,98900,98200,98900,96200,39154,99700
쿠쿠홈시스,35300,34700,35500,34100,51484,35400
대웅,13600,12500,13700,12450,1199434,13600
롯데제과,121500,124000,124500,117500,4038,121000
롯데관광개발,10750,10900,10900,10600,235225,11100
현대홈쇼핑,60700,60000,60700,59500,37961,63900
삼양식품,102500,99300,103000,98500,67647,101000
아이에스동서,23900,23500,23950,23200,87545,24200
KODEX 단기채권PLUS,102265,102265,102270,102265,8302,102265
화승엔터프라이즈,11300,11850,11850,11050,743365,12300
동아에스티,84900,84000,85500,83400,25756,87700
다우기술,15450,15400,15650,15100,102245,16200
현대그린푸드,7270,7240,7350,7110,394930,7400
애경산업,26350,26000,26350,25500,103462,26850
아주캐피탈,12100,12050,12200,12000,24445,12200
대한유화,110000,103000,112000,100500,94472,107000
동원F&B,175500,173500,176500,172500,6706,180000
휴켐스,15850,15650,15950,15450,105737,16850
아모레퍼시픽우,61100,61700,62300,61000,25794,64100
SK가스,73500,73600,74300,72100,13086,74000
대상,19550,19300,19650,18800,228701,19450
에스엘,13600,13550,13700,12850,79635,13650
일양약품,35700,35400,37400,35200,1132921,34350
미래에셋생명,3575,3860,3860,3475,295025,3685
후성,6650,6500,6690,6450,988472,6950
한전기술,16750,16500,16950,16250,261948,16800
KODEX WTI원유선물(H),7115,7485,7495,7095,53016987,7055
대덕전자,8000,7820,8020,7740,366459,8150
두산,37500,39150,39150,36600,171070,38100
락앤락,11400,11500,11850,11200,306646,11600
ARIRANG 200,25255,24995,25295,24840,210156,26015
쿠쿠홀딩스,88200,85400,88900,84200,8176,88300
SPC삼립,72700,72900,72900,70000,15544,72700
QV 코스피 변동성 매칭형 양매도 ETN,8875,8875,8875,8875,1,8875
JW중외제약,29200,28900,29450,28500,178300,29450
넥센타이어,5980,5910,6060,5800,471906,6060
한진,44500,43800,44550,43000,297331,48650
TIGER MSCI Korea TR,9975,9950,9975,9850,54398,10305
KINDEX 200,25315,25080,25360,24900,331075,26095
제이콘텐트리,35450,35000,35500,34300,199140,35100
종근당홀딩스,118500,115000,120500,112500,29009,114000
하나투어,39950,39950,40150,39400,98495,40800
보령제약,12850,12900,12950,12550,316456,12800
한섬,21750,22050,22100,21350,101968,22650
동원시스템즈,21900,21650,22050,21150,18832,21700
대한전선,661,664,669,641,2324491,645
동아쏘시오홀딩스,88900,86800,89300,86800,17980,89900
KODEX 코스닥 150,9910,9550,9940,9550,5883611,10050
풍산,18650,18000,18700,17550,233011,19450
빙그레,53200,53100,53700,52000,51851,54200
HDC,8840,8730,8910,8620,354442,8900
KOSEF 200,25460,25200,25460,25075,62200,26220
씨에스윈드,29100,29450,29450,28250,24291,30100
필룩스,5730,5760,5830,5500,3204591,6050
롯데하이마트,21850,21750,21950,20950,122850,21900
제주항공,18850,18700,19100,18100,191821,19600
삼화콘덴서,47600,46050,47750,45750,242108,49550
효성티앤씨,118000,117000,119000,116500,8875,119000
S&T모티브,32400,33400,33600,32400,87027,35050
LIG넥스원,22800,22350,22900,22000,67319,23250
한일현대시멘트,31350,26950,31700,25600,312446,30000
남선알미늄,4475,5210,5390,4450,56119605,4545
SK디스커버리,26000,26050,26500,25250,259500,26050
롯데정보통신,31500,31200,32000,30750,33432,31600
KODEX Top5PlusTR,11595,11660,11660,11480,6152,11945
영원무역홀딩스,35450,37300,37350,35050,5922,35450
유안타증권,2335,2330,2365,2280,253742,2395
대신증권,9120,9260,9270,8970,238717,9410
동양생명,2830,2900,2925,2715,196792,2955
서흥,40850,40500,41100,39050,80267,40850
진원생명과학,14100,13000,15500,12450,20496069,14100
삼성 코스피 양매도 5% OTM ETN,9280,9280,9280,9280,1,9295
롯데손해보험,1460,1455,1495,1435,343996,1490
현대에이치씨엔,4070,3930,4450,3865,3204189,4075
SK디앤디,24600,26600,26600,24150,205645,24200
경동나비엔,33650,32800,33850,32050,59736,35750
대한해운,18650,19000,19000,17900,165370,18300
KODEX 코스피,19045,18890,19045,18720,153663,19615
한국토지신탁,1720,1735,1745,1705,478864,1745
HANARO 단기통안채,102475,102475,102475,102475,0,102475
두산퓨얼셀,7910,8080,8480,7840,7906274,7930
KODEX 코스닥150선물인버스,7405,7685,7710,7405,54809549,7280
화승인더,7460,7690,7700,7350,1423026,7930
삼양홀딩스,48850,47800,48850,46900,12472,50900
신영증권,46000,46250,46250,45800,5949,46250
한세실업,10600,10350,10700,10000,209732,10850
삼성화재우,132000,133500,133500,130000,7474,135500
덴티움,36700,35700,37100,34800,115973,37750
BGF,4340,4275,4400,4150,414019,4335
미래에셋대우2우B,2855,2840,2860,2800,332013,2955
대교,4795,4860,4880,4700,340681,4850
이월드,4135,4540,4635,4065,8343090,4285
롯데푸드,356000,363500,363500,350500,2946,358000
지역난방공사,34050,34050,34100,33050,12063,34750
한미반도체,7340,7250,7350,7100,222386,7800
풀무원,10550,10200,10600,9870,157979,10500
한국콜마홀딩스,21050,20800,21400,20500,67823,22250
미원에스씨,76600,76200,76800,75600,17604,75600
에이프로젠제약,1605,1590,1645,1555,5134761,1635
세방전지,27600,27850,28050,27300,51860,28150
남해화학,7950,7600,8040,7360,739725,7890
제일약품,25650,26150,26400,25650,26515,26550
동국제강,3980,3890,4000,3820,347570,4080
맵스리얼티1,4085,4125,4135,4005,58070,4100
KINDEX 단기통안채,100550,100550,100550,100545,628,100550
하나제약,22250,22150,22350,21900,63983,23200
SMART 200TR,8225,8155,8240,8085,5325,8485
우리종금,519,516,521,509,1097614,555
삼양사,35850,35700,35950,35000,16978,36200
부산가스,31850,31900,31950,31500,1777,33000
에이프로젠 KIC,2360,2320,2360,2285,3790445,2335
SBS,19050,18300,19100,18100,151756,19750
LG전자우,20400,20350,20400,20100,36383,20950
TIGER 단기채권액티브,50250,50245,50255,50245,297,50245
KOSEF 200TR,28730,28455,28775,28235,13704,29590
아이마켓코리아,9690,9640,9730,9530,40664,9900
LG하우시스,38800,40000,40000,37850,64769,39500
케이씨텍,17250,17050,17300,16450,111737,17800
TIGER 200 IT,20570,19915,20625,19890,269470,21420
유니드,39250,38550,39250,37450,24653,39600
웅진씽크빅,2600,2550,2630,2510,1090532,2615
디피씨,8380,7840,8380,7630,7956738,8370
현대건설기계,17000,16950,17000,16000,140224,17700
한화투자증권,1535,1545,1550,1475,691691,1610
KODEX 선진국MSCI World,13255,13200,13255,12990,43933,13440
서울가스,70500,72000,72800,70300,123,69000
스카이라이프,7250,7280,7300,7020,78953,7200
농심홀딩스,73600,74200,74200,72600,1753,73700
한일시멘트,80400,77500,80900,76000,13719,82100
율촌화학,13550,13450,13600,13100,48682,13500
한국쉘석유,256000,258500,258500,251500,2330,257500
잇츠한불,14750,14500,14900,14300,27737,15250
TIGER 코스닥150,9950,9600,9950,9575,1143209,10085
JW홀딩스,5000,4960,5030,4910,132993,5010
일진다이아,22500,20800,22500,20800,319913,23400
삼진제약,23950,23900,24150,23350,59802,23850
진에어,10600,10600,10650,10150,172954,11000
LG헬로비전,4110,3960,4330,3955,783294,4260
효성첨단소재,69600,69700,69700,67200,20232,73300
드림텍,5110,5100,5130,5000,224700,5230
이리츠코크렙,4990,5000,5010,4955,49328,5160
퍼시스,27800,28650,28650,27350,13638,28300
한솔제지,13350,12700,13350,12500,245384,13650
세아베스틸,8930,8980,9000,8600,103171,9030
신영증권우,45600,45000,45850,45000,3083,45750
신한알파리츠,6590,6650,6650,6500,42448,6650
한라홀딩스,29150,29350,29600,28600,25902,30200
광동제약,6030,6020,6090,5890,243201,6010
미원상사,60100,60400,60500,59600,3344,61000
한독,22500,22050,22550,21650,52797,22500
일동제약,12650,12900,12950,12500,59458,12950
대원제약,15250,15050,15400,14800,115439,15150
진흥기업,2000,2020,2020,1930,213252,2105
한국단자,29200,29000,29200,27900,34131,29400
고려제강,15250,15200,15550,15000,23653,15300
효성화학,94000,93400,95400,92200,31910,94900
도화엔지니어링,8760,7750,8850,7630,1042484,8880
조선내화,72800,72900,72900,72000,1841,74300
동성제약,11050,11150,11250,10850,160483,11350
SK증권,593,585,594,578,2538947,619
삼천리,71200,72300,72300,69900,2280,71700
경방,9520,9850,9850,9310,97860,10600
유나이티드제약,17650,17500,17850,17000,150001,17750
동양,1210,1240,1250,1175,1199818,1195
AK홀딩스,21000,21000,21100,20250,29892,21400
한국자산신탁,2265,2285,2285,2240,338262,2275
인스코비,2665,2605,2700,2525,753682,2890
아모레G3우(전환),38300,38150,38450,37750,3229,39550
하이트진로홀딩스,12050,12000,12200,11750,22496,12050
에이블씨엔씨,10050,9800,10150,9730,100119,10200
경인양행,6480,6270,6500,6270,369734,6750
센트랄모텍,30500,29800,31200,29550,836363,31950
조광피혁,40900,41550,42000,40500,4049,41300
송원산업,11100,11050,11200,10750,136263,11400
코스모신소재,8960,8490,9140,8480,867407,9300
경농,13000,12200,13650,11600,2188625,12500
태림포장,3795,3630,3800,3615,963968,3810
환인제약,14300,14200,14400,14050,43613,14500
삼성제약,4345,4250,4380,4215,2413701,4365
KBSTAR 대형고배당10TR,9700,9745,9745,9610,2948,10010
금호산업,7450,7540,7560,7350,107907,7430
현대일렉트릭,7220,6910,7230,6710,378614,7400
SBS미디어홀딩스,1850,1835,1860,1800,57501,1905
코오롱,25500,25300,28950,23700,5437188,21050
모나리자,7170,7220,7440,7020,3676858,7260
아세아제지,29450,29650,30000,29000,66415,29600
세아홀딩스,63600,63700,63900,61400,462,66000
한국카본,5910,5800,5910,5690,462034,6000
신도리코,25250,26300,26300,25250,10449,25900
엔에스쇼핑,7540,7400,7700,7120,100051,7730
코리아오토글라스,12950,13050,13050,12750,22661,13000
JW생명과학,16000,15850,16250,15700,75375,16100
삼성SDI우,151500,140000,153500,139500,45687,156000
해성디에스,14550,14100,15150,14050,174553,14800
엘브이엠씨홀딩스,4870,4850,4930,4805,233488,4920
국도화학,42850,40700,42950,40700,14993,43200
현대에너지솔루션,20250,19400,20450,19350,96053,22200
한국화장품,15200,14900,15550,14850,1012151,15400
TIGER 원유선물Enhanced(H),1760,1755,1780,1740,24257430,1745
아세아시멘트,63200,60700,63600,59900,11620,63200
한화손해보험,2045,2110,2115,2030,418206,2095
넥센,4590,4680,4685,4440,48635,4555
일성신약,92500,100000,100500,92300,8645,91400
KBSTAR 코스피,18900,18785,18900,18605,101,19490
한화3우B,10500,10500,10550,10350,62399,10750
디티알오토모티브,23650,24000,24150,23400,13169,24100
모토닉,7060,7040,7180,6830,10749,7290
E1,34600,34850,34900,33450,17553,35000
KPX케미칼,49250,48900,49300,48100,757,49600
남양유업,328500,323500,328500,318500,1143,332500
한일홀딩스,38650,37300,38800,37300,3095,38900
삼영무역,13100,12700,13150,12500,73698,13150
넥스트사이언스,7220,7070,7260,6820,943766,7220
IHQ,1510,1500,1540,1485,1837342,1560
광주신세계,142500,141000,142500,140500,328,142500
삼성출판사,22750,22350,23050,21550,242937,22800
쌍용차,1400,1420,1420,1350,1363428,1520
신대양제지,56400,54200,56900,53000,24427,55900
제일파마홀딩스,14200,16050,16850,14200,806914,14100
현대차증권,7350,7390,7420,7190,72127,7650
대상홀딩스,6270,6290,6330,5900,250471,6160
애경유화,6890,6740,7160,6700,750707,6900
S&T홀딩스,13200,13400,13400,12900,6023,13550
삼양패키징,15500,15250,15500,15250,11911,15500
삼성 레버리지 WTI원유 선물 ETN,2320,0,0,0,0,2085
풍산홀딩스,27950,27900,28000,26900,3108,27900
삼익THK,10000,10000,10300,9910,19742,10350
하나 코스피 변동성추세 추종 양매도 ETN,8665,8665,8665,8665,0,8665
동화약품,7630,7420,7630,7330,119034,7720
CJ4우(전환),49650,49550,49700,48350,16070,50900
코스모화학,8220,7850,8350,7760,1063087,8230
LS전선아시아,6840,6740,6860,6570,84358,6930
대한제분,125500,128000,128000,122500,4615,125500
삼성 인버스 2X 천연가스 선물 ETN,24605,25100,25100,24435,19131,21120
TIGER 차이나CSI300레버리지(합성),18120,17785,18120,17785,82706,18325
대신증권우,7990,8000,8060,7920,85183,8090
나노메딕스,5180,5130,5280,4840,1068990,5610
토니모리,11150,10850,11350,10800,238180,11800
이연제약,12150,12400,12400,12000,56602,12400
케이씨씨글라스,24450,25450,25450,23600,187863,24850
무림P&P,3210,3220,3225,3110,201351,3290
신세계푸드,52600,53300,53300,51600,19764,52800
한국주철관,8920,9180,9180,8740,32235,8960
해태제과식품,6680,6630,6680,6510,29127,6770
예스코홀딩스,32750,32550,32850,31850,704,32550
한세예스24홀딩스,4720,4850,4850,4615,15355,4880
신한 인버스 2X 천연가스 선물 ETN(H),11250,11410,11410,11180,64272,9710
TIGER 미국나스닥100,47495,46065,47495,46065,96005,48505
현대리바트,9240,9100,9270,8830,149907,9440
ARIRANG 고배당주,8650,8640,8675,8490,75202,8790
에어부산,3565,3600,3600,3425,394007,3705
코리아써키트,7630,7310,7640,7160,246335,8160
유진투자증권,1900,1895,1900,1830,281303,1980
일진홀딩스,3900,3590,4040,3525,927107,3885
코오롱글로벌,7630,8200,8520,7610,1074562,7570
KOSEF 국고채10년,126425,126185,126425,125950,25334,126125
케이씨,13600,13500,13650,13100,25756,14050
KINDEX 중국본토CSI300,22990,23000,23205,22800,2041,23005
KPX홀딩스,43700,44000,44000,43050,1245,44050
일신석재,2510,2020,2530,1985,46739727,2390
QV 코스피 양매도 5% OTM ETN,9250,9250,9250,9250,1,9250
KISCO홀딩스,9850,9850,9910,9700,8202,9930
대원강업,2945,2910,2945,2840,19930,2950
현대상사,13950,12600,14500,12300,259842,13800
동아지질,15600,14750,16200,14200,661470,15850
효성ITX,16250,15900,16500,15600,85279,15750
경보제약,7590,7690,7690,7440,24445,7600
한국금융지주우,29750,29900,29900,28850,24751,30900
아세아,84000,80800,84000,79400,3967,82500
S&T중공업,5390,5390,5430,5270,4727,5430
한솔테크닉스,5390,5260,5450,5080,379886,5610
휴비스,5120,5100,5130,4960,186627,5180
부국증권,16700,16700,17500,15800,3675,17200
세화아이엠씨,2990,0,0,0,0,2990
티웨이항공,3520,3460,3545,3365,282766,3735
KINDEX 베트남VN30(합성),11150,10840,11150,10840,49522,11455
한국철강,3700,3700,3725,3615,58673,3805
선진,7250,7220,7300,7100,23196,7280
무학,5890,5790,5910,5580,84801,6040
동부건설,7680,7650,7980,7430,42896,7870
성신양회,6850,6470,6950,6140,825553,7000
세방,8550,8560,8570,8410,9413,8780
종근당바이오,31250,30700,32000,30500,70491,30900
KBSTAR 코스닥150,9775,9415,9775,9415,36738,9935
KG케미칼,12900,12500,13200,12450,362101,13000
한국화장품제조,36150,35400,36950,35300,181575,37100
세원셀론텍,2590,2530,2650,2430,583922,2755
TIGER 중국소비테마,6120,6085,6135,5980,16959,6280
KSS해운,7130,7030,7150,7030,7852,7120
AJ네트웍스,3440,3425,3465,3335,68402,3480
아시아나IDT,14200,14150,14300,14000,117398,14650
동성코퍼레이션,3490,3490,3500,3380,75438,3555
유니퀘스트,5540,5200,5540,5080,150331,5900
SIMPAC,2390,2390,2395,2310,26288,2435
신성통상,1075,1045,1100,1005,4853650,1105
신성이엔지,898,908,924,891,759513,914
이수화학,10250,10050,11600,9750,6816471,10300
S-Oil우,38150,37600,38200,37250,11938,39000
유수홀딩스,5890,5890,5950,5770,9547,6000
한국패러랠,1935,1905,1935,1905,804,1950
대성홀딩스,9690,10200,10200,9500,82930,9600
흥국화재,2365,2425,2480,2285,87825,2400
효성중공업,16200,16100,16250,15400,62250,16500
동아타이어,10750,10700,10850,10600,354,11200
대한제당,17000,17000,17000,16550,11978,17100
삼양통상,49900,49800,49950,48800,1591,50800
신라교역,9320,9310,9330,9130,11034,9500
삼성전기우,48750,46900,48750,46000,34991,52200
DI동일,60400,59400,61100,58700,6582,62500
ARIRANG 단기유동성,111690,111690,111690,111690,65,111675
부산산업,152000,127000,157000,124000,588371,143000
KODEX 골드선물(H),12365,12295,12380,12270,256479,12090
팜스코,4070,3990,4080,3930,87768,4075
TIGER 글로벌4차산업혁신기술(합성 H),11390,11300,11390,11190,89855,11740
현대차3우B,59000,59400,59700,58100,8740,59700
대한제강,5900,5870,5910,5720,28170,5880
코스맥스비티아이,14800,14800,14950,14500,23440,15050
TIGER 헬스케어,31695,31255,31720,31250,49281,31675
CJ씨푸드,4065,3960,4065,3780,4930547,3990
삼영전자,7080,7140,7200,6990,37972,7160
대성산업,3175,3160,3190,3085,80596,3165
한신공영,12150,12000,12200,11700,14642,12300
LS네트웍스,1795,1805,1840,1740,131822,1800
DB,683,671,690,635,1161318,705
한솔홀딩스,2950,2905,2985,2835,64081,3000
노루페인트,6830,6600,6840,6510,92460,7070
LG우,41800,41750,42250,40550,6409,42500
사조산업,27550,26950,27850,26800,15766,28150
신원,1715,1545,1725,1535,12282327,1650
텔코웨어,14600,13900,14800,13650,68619,14450
계룡건설,15200,15400,15400,14600,33762,15650
TIGER 경기방어,9745,9660,9750,9660,11062,9860
미래에셋 코스피 양매도 5% OTM ETN,9310,9280,9310,9280,9,9295
명문제약,5610,5810,6090,5530,7827953,5630
DB금융투자,3190,3230,3250,3150,169741,3260
쌍방울,973,980,981,950,2826601,989
신한 레버리지 WTI원유 선물 ETN(H),1755,0,0,0,0,1480
SG세계물산,670,695,696,631,1509210,678
알루코,1800,1735,1805,1690,274208,1840
깨끗한나라,3605,3655,3655,3430,911008,3680
KTB투자증권,2190,2225,2225,2120,190983,2270
아모레G우,20250,20800,20800,20200,16703,21150
현대약품,4245,4230,4265,4125,235574,4255
큐로,805,792,814,787,1471327,858
CJ제일제당 우,101500,101000,102500,100000,3072,102500
비티원,3565,3210,3575,3180,1912568,3420
삼화페인트,5040,4910,5070,4910,17758,5110
삼익악기,1465,1445,1475,1420,252789,1490
HANARO MSCI Korea TR,9980,9900,10000,9860,94,10320
사조동아원,951,921,955,888,1952045,947
신한 레버리지 천연가스 선물 ETN(H),2885,2830,2895,2830,2220309,3260
HDC아이콘트롤스,7920,7640,7940,7550,37627,8120
TIGER 미국S&P500선물(H),32445,32090,32445,31990,71343,33360
GS글로벌,1545,1505,1580,1490,250253,1605
일신방직,54300,54300,56300,53800,1047,54800
KBSTAR 코스닥150선물레버리지,7190,6730,7210,6675,140162,7400
신일산업,1825,1795,1830,1780,2115268,1845
마니커,825,820,825,802,3540590,827
삼광글라스,26550,26450,26600,26250,5604,26950
샘표식품,28200,27850,28600,27500,19246,28550
유화증권,2275,2275,2305,2275,56025,2300
핸즈코퍼레이션,5870,5960,6000,5830,6063,5950
태경산업,4290,4215,4310,4180,63889,4445
국제약품,7090,7320,7350,6940,1847708,7050
두산우,32450,33000,33000,31300,35527,32450
진양홀딩스,2255,2225,2255,2175,78591,2305
대영포장,1190,1120,1330,1080,50647631,1170
대성에너지,4555,4525,4555,4520,27548,4610
동양물산,993,978,999,950,1987808,1000
코오롱플라스틱,3300,3585,3650,3300,989663,3305
아남전자,1600,1535,1600,1500,639984,1620
크라운해태홀딩스,8380,8050,8480,7910,79663,8400
한창제지,2080,1920,2085,1920,17458116,2090
KODEX 배당가치,8410,8355,8415,8280,13351,8600
고려개발,7870,8100,8440,7770,19407,8150
디씨엠,10400,10450,10450,10100,29002,10600
백광산업,2695,2620,2730,2620,1189260,2760
대림산업우,31050,31350,31350,30600,5477,32500
이수페타시스,2990,2970,3035,2945,348445,2990
사조대림,13500,13350,13500,12950,16218,13450
노루홀딩스,9050,8850,9110,8700,15109,9250
백산,4890,4990,4990,4795,490707,5080
STX엔진,5130,5150,5280,5060,12495,5330
STX,5800,5820,5880,5660,34748,6150
NPC,3270,3200,3290,3150,57032,3300
한국ANKOR유전,1730,1725,1730,1710,10514,1730
BYC,191500,191500,192000,189000,417,193000
동양철관,1000,941,1010,917,3909471,1010
카프로,3030,2870,3090,2855,933712,2995
삼성물산우B,71600,71700,71900,69700,8894,73600
이아이디,210,207,211,199,5273201,217
동일산업,49700,47350,49950,47350,765,48950
대신 골드 커버드콜 타겟 5%인컴 ETN(H),12050,11960,12050,11960,908,11820
서원,2425,2690,2735,2350,6421151,2475
인디에프,2120,1910,2195,1830,12048213,1990
KODEX 단기변동금리부채권액티브,101970,101970,101970,101970,2,101970
세아제강지주,27250,27900,27900,26600,9913,27750
써니전자,3080,3065,3165,2935,4574799,3400
세아제강,39550,41050,41050,39200,10275,40300
세진중공업,2930,3010,3010,2830,62138,2970
코오롱머티리얼,1595,1690,1790,1565,2760202,1655
삼일제약,17400,17400,17550,16900,29037,17450
상상인증권,1145,1145,1155,1120,101307,1175
TIGER 200선물레버리지,7155,7030,7190,6930,769349,7615
신한 인버스 2X WTI원유 선물 ETN(H),9210,9120,9220,8875,737140,9340
보해양조,842,860,863,815,3545861,872
HDC현대EP,3145,3080,3145,3025,32900,3480
TIGER 코스피,19015,18855,19025,18660,160344,19545
대우부품,2060,2025,2090,1980,1501562,2295
한국공항,30850,30100,30900,29700,8509,34000
대동공업,4415,4265,4425,4120,200954,4525
화성산업,8490,8390,8490,8230,19934,8620
극동유화,3050,3005,3090,2960,391794,3065
TIGER 코스닥150 레버리지,7695,7210,7740,7180,1135438,7960
보락,1770,1730,1790,1710,630741,1775
대한화섬,79300,73000,79700,72400,1683,80000
삼호개발,4270,4140,4270,4035,338069,4245
강남제비스코,15700,15750,15750,15400,6417,16300
인천도시가스,23650,23800,24200,23650,3528,24000
삼성 KTOP30 ETN,10100,10025,10130,9940,108425,10430
두산솔루스1우,14200,15000,16250,13800,1859120,14150
화승알앤에이,1590,1590,1620,1550,33917,1610
한라,2570,2385,2670,2340,154529,2665
디와이,3780,3850,3865,3715,94043,3915
대한방직,19500,19850,19850,19300,2007,19400
현대비앤지스틸,6820,6720,6960,6700,32363,6790
HSD엔진,3100,3200,3255,3000,897652,3100
벽산,1410,1395,1410,1335,373923,1485
신세계건설,25950,24700,31800,24700,421205,25400
한전산업,3065,3080,3085,3030,75847,3110
경동도시가스,16550,16500,16550,16250,9843,17100
TIGER 미국S&P500레버리지(합성 H),14110,13720,14110,13675,165737,14810
대창,1055,1065,1070,1015,853394,1100
광전자,1715,1710,1715,1670,103852,1730
백광소재,3630,3520,3650,3410,1087984,3630
성창기업지주,1390,1385,1395,1330,99316,1435
삼화전기,13450,12950,13650,12850,62336,15100
동남합성,27350,27200,27400,27100,7353,27500
조선선재,79300,76200,79300,76000,449,79100
SH에너지화학,884,878,887,856,1876922,893
유니켐,1400,1390,1415,1360,215519,1455
제이준코스메틱,3035,3030,3035,2805,327493,3220
미창석유,53800,53500,54000,53300,4280,56500
제이에스코퍼레이션,7110,7180,7180,6980,68459,7320
미원홀딩스,41200,41450,41450,40900,2974,41600
세아특수강,10650,10500,10650,10350,6602,11300
금양,2150,2075,2150,2010,350579,2190
ARIRANG 코스피50,17495,17340,17505,17230,1259,18060
우성사료,3110,3000,3180,3000,3008224,3090
제주은행,2915,2940,2940,2830,35422,2970
비상교육,7250,7220,7270,7080,100947,7330
크라운제과,7500,7470,7560,7270,48777,7590
삼부토건,651,642,660,611,1296397,691
미원화학,43150,43100,43150,42500,1366,43200
일동홀딩스,8100,8460,8460,7990,6678,8220
신한 S&P500 VIX S/T 선물 ETN B,32730,33890,34540,32730,36861,31510
한진중공업홀딩스,3095,3120,3175,3035,37675,3200
세이브존I&C,2230,2280,2305,2195,57885,2295
디아이,2925,2960,2970,2855,260225,2960
남광토건,9840,9470,10100,8770,144936,9450
YG PLUS,1540,1485,1660,1420,7443223,1595
윌비스,1310,1255,1335,1240,9835035,1465
조비,18000,17350,18950,16550,716749,17650
호전실업,11500,11400,11550,11200,4078,11450
신흥,9470,9400,9490,9320,4022,9480
세종공업,3900,3880,4000,3830,75524,4020
KODEX 은선물(H),3415,3400,3415,3360,1057073,3330
우리들휴브레인,2505,2550,2565,2345,1258840,2510
서연이화,3200,3200,3230,3060,145191,3325
NH프라임리츠,4725,4720,4725,4660,28733,4800
티웨이홀딩스,1140,1105,1145,1060,477894,1165
KEC,740,738,743,724,366392,764
TIGER 200선물인버스2X,7435,7565,7690,7410,3849978,6960
기신정기,2970,2980,2990,2930,28142,3050
태평양물산,1730,1720,1780,1680,431171,1780
SK이노베이션우,69900,70000,70200,69300,15555,70900
금호에이치티,3350,3305,3355,3240,30634,3430
콤텍시스템,1290,1275,1325,1260,1719106,1300
광명전기,2050,1960,2065,1865,1942183,2020
KB 코스피 마운틴 ETN,8670,8670,8670,8670,0,8710
웰바이오텍,1985,1995,2025,1970,346122,2025
한창,2635,2300,2710,2270,31385805,2500
무림페이퍼,2050,2015,2060,1985,153189,2085
KODEX Fn성장,10885,10790,10885,10790,108,11255
삼화왕관,39450,39050,39450,39050,204,40100
우리들제약,6510,6670,6690,6310,373037,6510
일진디스플,2885,2825,2895,2740,153503,3000
웅진,1050,1070,1085,1035,545414,1070
테이팩스,17850,14700,18600,14300,245691,18000
지엠비코리아,4150,4120,4190,4060,82150,4445
CJ우,36850,36800,36850,35750,2636,37500
키다리스튜디오,5200,5330,5400,5150,51620,4980
영흥,973,976,990,957,1459250,981
일진전기,2210,2100,2230,2060,177897,2270
계양전기,2515,2410,2615,2360,614234,2570
디와이파워,7290,7200,7310,6970,54644,7580
지투알,4960,4905,5000,4850,13776,5040
다스코,5260,5100,5320,5000,143314,5400
KODEX 국고채3년,57730,57710,57755,57710,5327,57730
동성화학,15450,15550,15750,15400,20853,15500
한미글로벌,7370,7200,7430,7040,92393,7520
SK우,137000,136000,138000,134000,9400,145000
KC그린홀딩스,3495,3535,3535,3330,65481,3650
삼원강재,2020,2045,2045,1995,10837,2045
남성,2115,2125,2150,1980,562389,2245
퍼스텍,1670,1665,1675,1600,229662,1730
세원정공,8090,0,0,0,0,8090
DRB동일,3945,3900,3950,3820,18540,4040
천일고속,55200,56700,56700,55000,558,56200
수산중공업,1455,1375,1510,1320,3118739,1485
대유에이텍,726,725,733,700,204260,746
동방아그로,5820,5830,5840,5760,10861,5830
성보화학,3965,3915,3970,3830,20207,3960
조흥,129500,130500,134000,129500,93,131000
시디즈,33900,34150,34450,33400,3432,39100
대림씨엔에스,6070,5760,6080,5730,57344,6140
대현,1725,1750,1750,1695,63754,1765
KODEX 미국S&P500선물(H),13325,13285,13325,13120,65376,13700
오리엔트바이오,765,807,807,747,2937409,764
동양고속,26700,26900,26900,26400,3278,26700
한국내화,3440,3230,3645,3160,1953201,3380
대신증권2우B,7690,7660,7690,7570,23425,7710
황금에스티,5510,5270,5590,5180,110647,5490
그린케미칼,3175,3140,3200,3130,15153,3200
금호석유우,25000,25450,25450,24700,7927,25400
ARIRANG 코스피TR,9160,9100,9160,9035,5050,9395
한양증권,5850,5860,5860,5500,21131,6000
휴니드,5160,5170,5190,5030,31895,5330
서연,3200,3560,3600,3150,1037119,3200
화신,2095,2135,2145,2075,93819,2145
유유제약,11650,11600,11800,11450,111625,11750
두올,2640,2640,2710,2580,303475,2760
유니온머티리얼,1740,1660,1750,1585,380067,1775
쎌마테라퓨틱스,6600,6290,6600,6210,528025,7350
TIGER 부동산인프라고배당,4385,4405,4405,4350,42453,4440
KTcs,1705,1705,1720,1670,568637,1730
남영비비안,1090,1010,1090,965,3172644,1065
동방,2325,2030,2390,1990,25010766,2185
엔케이,843,862,862,832,422143,913
방림,1710,1660,1715,1655,15259,1725
KBSTAR 단기국공채액티브,100855,100850,100855,100840,77138,100845
KBSTAR 국고채3년선물인버스,99465,99525,99525,99465,6,99565
신영와코루,78200,78000,78500,76300,79,79900
TIGER 2차전지테마,6950,6620,6965,6620,412247,7225
우진,3480,3555,3555,3380,125178,3555
수출포장,17700,17550,17700,16900,6048,17950
금강공업,2875,2840,2900,2780,61401,2940
부국철강,3595,3710,3735,3450,872408,3570
유양디앤유,1220,0,0,0,0,1220
TIGER 차이나HSCEI,12470,12475,12500,12165,645,12515
미래산업,110,110,111,107,12880029,84
KCTC,2320,2230,2345,2155,228259,2345
영풍제지,3135,3150,3150,3050,48919,3165
포스코강판,11450,11550,11550,11000,30533,11700
KODEX 미국달러선물,10835,10815,10840,10805,197619,10730
범양건영,2770,2915,2940,2680,1077964,2780
참엔지니어링,1255,1265,1265,1200,83034,1280
대유플러스,638,640,640,626,162527,646
MH에탄올,9340,9130,9440,9110,420566,9300
조광페인트,5230,5210,5270,5070,36877,5350
KBSTAR 200IT,9265,9100,9265,9035,135,9650
새론오토모티브,3410,3500,3500,3385,12216,3540
한국제지,13350,13450,13500,13100,14518,13550
사조씨푸드,3940,3935,3990,3845,140479,3935
화천기공,30000,30200,30300,29350,7123,30550
대원전선,964,913,965,895,1449637,969
한농화성,4195,4015,4240,4015,72224,4210
영화금속,1395,1455,1500,1390,1954524,1445
유성기업,2475,2450,2475,2370,40689,2530
화천기계,2855,3075,3210,2830,6071722,2940
고려산업,2600,2855,2860,2550,1118724,2585
KBSTAR 국채선물10년,57450,57285,57450,57280,132,57320
KBSTAR 금융채액티브,101720,101690,101720,101670,6,101635
경동인베스트,25850,24900,26750,24400,6316,27000
우신시스템,3465,3410,3500,3330,68604,3485
KODEX 2차전지산업,7285,6995,7285,6980,298560,7535
한국석유,95500,91100,96200,88000,9999,96100
KBSTAR 중기우량회사채,104650,104665,104665,104600,213,104570
평화산업,1075,1090,1090,1035,162962,1130
이건산업,5220,5080,5250,4775,78512,5650
동일고무벨트,4490,4450,4490,4370,7797,4620
대림통상,4070,3875,4100,3870,9987,4050
KTis,1740,1680,1740,1670,160434,1770
대호에이엘,2355,2155,2470,2060,3921614,2270
대창단조,20850,20850,20850,20350,5344,21550
가온전선,14400,14550,14550,14100,1133,14800
STX중공업,2140,2140,2160,2075,47928,2170
인지컨트롤스,3710,3400,3775,3370,197078,4045
TIGER 유로스탁스50(합성 H),9470,9765,9850,9310,20027,9730
KODEX MSCI Korea,11920,11920,11930,11920,21,12450
세하,1960,1915,1965,1890,22259,2035
서울식품,176,174,176,170,13144305,176
모나미,3025,2955,3105,2820,3120662,3140
KC코트렐,4380,4360,4420,4240,167034,4540
상신브레이크,2630,2605,2635,2585,21467,2715
세우글로벌,1945,2040,2320,1880,23496744,2030
DSR,3565,3590,3620,3450,33537,3630
KB Wise 분할매매 ETN,9315,9245,9315,9245,2,9610
신풍제약우,25050,28700,28700,24900,398055,26150
주연테크,537,0,0,0,0,537
대림B&Co,3400,3290,3455,3265,31573,3430
제일연마,5650,5660,5700,5530,5425,5710
KODEX 중국본토 A50,17155,17050,17155,17020,9140,17295
삼정펄프,22750,23200,23200,22750,2463,22700
화인베스틸,1810,1855,1860,1730,422774,1920
KODEX 미디어&엔터테인먼트,12025,11700,12070,11700,20639,12270
한익스프레스,4625,4495,4670,4480,303318,4675
대구백화점,5120,4965,5170,4750,10253,5180
유한양행우,46000,47000,47000,45150,5924,47250
SMART KRX300,11685,11640,11720,11585,753,12075
TIGER 미국MSCI리츠(합성 H),10825,11000,11000,10555,41051,11060
KBSTAR KRX300,11745,11665,11750,11575,116192,12115
혜인,4315,4070,4340,3955,602832,4315
대양금속,2435,2500,2530,2355,931636,2445
일성건설,1030,939,1045,895,3176610,1005
디아이씨,1325,1315,1335,1275,62427,1390
만호제강,12350,12600,12600,12200,4052,13000
SG충방,1135,1135,1135,1095,131650,1195
에넥스,856,827,856,818,271998,894
GS우,29750,29800,29850,29000,5063,30000
국동,1670,1660,1705,1615,1669733,1820
까뮤이앤씨,1130,1085,1130,1050,979384,1165
체시스,2155,2130,2155,2040,439701,2190
CS홀딩스,45300,46400,46400,44750,1132,45500
ARIRANG 코스피,19195,19020,19215,18860,52207,19790
KODEX 은행,5020,5040,5050,4940,186792,5100
DSR제강,3550,3540,3585,3370,49055,3625
KOSEF 통안채1년,101760,101780,101780,101755,26995,101745
TIGER 미국채10년선물,13035,12980,13090,12980,30388,12940
휴스틸,6660,6790,6790,6600,10205,6750
파워 200,25580,25530,25585,25140,50631,26330
영보화학,2440,2485,2530,2440,68980,2565
한국프랜지,1600,1920,1925,1575,5935419,1680
KODEX 고배당,6665,6600,6665,6510,20697,6770
메타랩스,961,963,965,908,222769,970
KODEX 코스피대형주,8885,8740,8915,8740,16805,9190
우진아이엔에스,6310,6150,6350,6100,31240,6610
금비,48650,48400,48900,47700,521,50100
대교우B,2560,2585,2605,2525,242210,2565
두산솔루스2우B,28950,26200,32100,24350,871583,30100
TIGER 중장기국채,53835,53625,53835,53590,262,53675
NI스틸,1735,1710,1760,1650,130616,1725
미래아이앤지,394,391,394,377,907037,381
동양피스톤,3590,3575,3595,3475,37354,3745
선도전기,2730,2505,2755,2440,640550,2730
KB KQ 우량주30 ETN,9495,9205,9495,9195,82,9645
폴루스바이오팜,1225,0,0,0,0,1225
부국증권우,15700,15850,15850,15700,993,16000
삼성 인버스 2X WTI원유 선물 ETN,9515,9395,9520,9105,1997820,9560
KB KTOP30 ETN,9485,9485,9485,9485,0,9555
유엔젤,3400,3325,3435,3200,209138,3610
대원화성,1135,1130,1135,1090,77656,1150
KODEX 중국본토CSI300,10240,10190,10240,10085,18198,10295
인터지스,1595,1610,1610,1500,30011,1585
티에이치엔,2470,2390,2470,2320,299318,2610
QV Big Vol ETN,9105,9105,9105,9105,0,9390
미래에셋대우우,3210,3250,3250,3160,11521,3330
삼성 코스피 풋매도 ETN,9190,9190,9190,9190,1,9315
두산퓨얼셀1우,3550,3535,3800,3310,570240,3485
한신기계,1390,1370,1390,1335,241751,1435
롯데지주우,45400,45750,45850,44700,3705,46850
한국특수형강,1310,1340,1400,1265,299962,1430
유화증권우,2570,2520,2595,2520,16169,2625
KODEX IT,12195,11870,12195,11865,9866,12725
평화홀딩스,2940,2950,2985,2850,27790,3120
KB 코스피 양매도 5% OTM ETN,9105,9090,9105,9090,4,9090
TRUE 코스피 양매도 ATM ETN,8980,8980,8980,8980,0,9045
페이퍼코리아,1280,1360,1365,1225,440971,1285
한국종합기술,4155,4090,4155,3905,106530,4095
신풍제지,1220,1190,1225,1180,155038,1270
삼성 레버리지 천연가스 선물 ETN,3140,3060,3200,3060,1354558,3550
TRUE 코스피 양매도 3% OTM ETN,8895,8895,8895,8895,17,8870
유니온,2785,2625,2870,2590,322999,2830
KODEX 200exTOP,8520,8420,8520,8420,91,8775
덕성,2725,2720,2755,2630,564010,2775
TIGER 국채3년,111515,111520,111570,111490,274,111500
문배철강,2110,2060,2140,1980,158233,2120
KODEX 반도체,22290,21610,22290,21560,57332,22830
신송홀딩스,3540,3595,3620,3470,31777,3645
TIGER 레버리지,8945,8880,8980,8655,699240,9525
코오롱인더우,15400,16700,17000,15400,230161,15450
ARIRANG 200동일가중,6690,6680,6700,6550,44,6810
이구산업,1175,1150,1180,1145,165829,1270
SK케미칼우,28400,29200,29200,28000,60140,28900
베트남개발1,295,298,298,295,103202,297
TIGER 차이나CSI300인버스(합성),10815,10860,10930,10785,226574,10755
KODEX 증권,4840,4855,4865,4755,189944,5090
KOSEF 단기자금,101425,101410,101425,101410,12419,101420
케이비아이동국실업,600,598,603,590,17898,604
선창산업,3095,3085,3095,2975,10795,3160
삼아알미늄,3560,3415,3630,3415,34414,3610
국보,1580,1545,1585,1480,274241,1620
조일알미늄,543,560,560,541,49957,559
바다로19호,2560,2575,2580,2560,2712,2580
ARIRANG 신흥국MSCI(합성 H),8640,8715,8945,8550,17163,8990
진양산업,3000,2825,3010,2820,1260374,2990
롯데칠성우,49900,49900,50000,48100,2795,49800
QV WISE 배당 ETN,7455,7455,7455,7455,1,7710
태양금속,1020,1035,1040,993,336968,1050
대동전자,3690,3720,3720,3625,10161,3660
TIGER 소프트웨어,9065,8900,9110,8800,15271,9280
한세엠케이,2920,2880,2930,2805,5069,2960
SJM,2410,2410,2410,2310,9017,2445
KR모터스,800,807,810,760,357820,803
TCC스틸,1650,1645,1670,1605,22104,1700
호텔신라우,48400,48200,48700,47250,2590,50200
SJM홀딩스,2520,2490,2525,2455,7322,2515
KBSTAR 국고채3년,113730,113635,113730,113595,164,113635
케이탑리츠,792,780,798,775,475742,808
한솔로지스틱스,1350,1280,1350,1250,473371,1350
형지엘리트,1125,1115,1125,1075,206724,1180
이화산업,12650,12050,12650,11700,2796,13000
원림,16250,15550,16250,15550,1657,16400
대신 철광석 선물 ETN(H),17895,18000,18000,17075,2316,18035
KBSTAR 200선물인버스2X,7245,7300,7480,7210,809433,6780
갤럭시아에스엠,1240,1250,1250,1190,126597,1300
금호전기,3470,3400,3560,3270,164038,3460
KINDEX 중장기국공채액티브,103370,103370,103370,103370,10,103350
KODEX 미국달러선물레버리지,10920,10875,10965,10875,584073,10750
신한 레버리지 금 선물 ETN,18560,18280,18625,18280,60214,17560
KODEX 국채선물10년인버스,45225,45380,45380,45225,286,45390
신한 레버리지 다우존스지수 선물 ETN(H),16535,16105,16535,16045,50059,17425
TIGER 코스피중형주,9695,9600,9695,9540,49,9815
TRUE 레버리지 나스닥 100 ETN,11045,10690,11045,10680,124784,11585
신한,4945,0,0,0,0,4945
미래에셋 레버리지 원유선물혼합 ETN(H),3020,3100,3430,3020,4265208,3145
TIGER KRX300,11550,11485,11565,11450,116,11920
코아스,1090,1050,1115,986,1374166,1115
삼영화학,1000,1015,1030,996,107626,1010
신한 인버스 WTI원유 선물 ETN(H),17015,17005,17070,16740,5526,17145
KODEX 미국S&P고배당커버드콜(합성 H),7865,7835,7865,7760,59974,8080
KOSEF 국고채3년,113150,113090,113180,113065,1334,113080
TRUE 레버리지 S&P500 선물 ETN(H),10665,10295,10665,10295,193454,11265
TIGER 200IT레버리지,20030,18550,20030,18535,54775,21800
미래에셋 전기전자 Core5 ETN,16040,16040,16040,16040,0,16870
하이스틸,16500,15500,16850,15200,16517,16800
미래에셋 레버리지 S&P500 ETN(H),15840,15380,15840,15380,299,16695
진양화학,2800,2840,2910,2750,2804365,2775
KODEX China H,20735,20590,20800,20590,411,20660
신한 인버스 천연가스 선물 ETN(H),17725,17885,17905,17685,1532,16495
삼성 레버리지 China A50 선물 ETN(H),32370,31320,32370,31320,485,32980
QV 하드웨어 TOP5 ETN,15915,15915,15915,15915,0,16320
신한 인버스 옥수수 선물 ETN(H),16420,16435,16445,16395,207,16310
신한 레버리지 은 선물 ETN(H),5710,5605,5720,5530,418913,5425
KODEX 200가치저변동,6885,6865,6890,6790,5454,7075
HANARO 코스닥150,9790,9540,9790,9285,5672,9920
KODEX China H 레버리지(H),5785,5905,5950,5705,67124,5970
TIGER 반도체,22730,22180,22825,22085,40743,23340
티탑스,5950,5810,5950,5510,267843,5400
KOSEF Fn중소형,14690,14540,14690,14245,3050,14790
WISCOM,2020,2035,2035,2000,72133,2075
TBH글로벌,1490,1545,1545,1450,108448,1520
QV S&P500 VIX S/T 선물 ETN B,33225,32520,34605,32520,459,31625
에쓰씨엔지니어링,1195,1185,1240,1155,48867,1250
성문전자,1535,1525,1535,1415,500293,1600
KBSTAR 중장기국공채액티브,102905,102940,102940,102905,5,102895
삼성 레버리지 금 선물 ETN(H),32350,31995,32445,30100,46837,30830
KBSTAR 중국본토대형주CSI100,16110,15860,16320,15860,7352,16175
KOSEF 코스닥150,4880,4745,4880,4725,5584,4970
흥아해운,258,0,0,0,0,258
인팩,2985,3005,3050,2930,10220,3000
미래에셋 미국 대형주 ETN(H),14315,14315,14315,14315,1421,14970
한진칼우,44450,45100,45500,44000,17999,55500
키위미디어그룹,150,0,0,0,0,150
두산2우B,33050,33900,34600,31350,1344,33100
하이골드12호,2260,2335,2335,2260,53477,2265
덕양산업,880,900,900,850,100893,902
TRUE 인버스 2X 천연가스 선물 ETN(H),34010,34490,34490,33900,447,29355
진도,2270,2300,2300,2250,23882,2355
ARIRANG KS모멘텀가중TR,9545,9445,9545,9405,50,9920
QV 소프트웨어 TOP5 ETN,14325,14230,14325,14230,105,14450
신한 다우존스지수 선물 ETN(H),13985,13800,13985,13780,2999,14410
KODEX 필수소비재,7805,7660,7820,7660,3247,7975
우진플라임,2730,2780,2785,2550,31492,2870
한솔PNS,1380,1315,1380,1295,124137,1400
미래에셋 미국 항공우주 ETN(H),13950,13845,13950,13845,443,14240
삼성 미국 대형 성장주 ETN,13905,14100,14100,13875,609,14145
웅진에너지,914,0,0,0,0,914
신한 인버스 콩 선물 ETN(H),13865,13850,13865,13850,10,13980
ARIRANG KS퀄리티가중TR,10055,9915,10060,9885,50,10355
이스타코,651,658,658,637,103296,649
TIGER 농산물선물Enhanced(H),4080,4085,4095,4050,58540,4060
KOSEF 미국달러선물,13040,13005,13045,13005,13068,12950
동일제강,1835,1695,1865,1690,189464,1835
KODEX 삼성그룹밸류,6340,6310,6360,6235,36631,6540
삼성 China A50 선물 ETN(H),13720,13720,13720,13720,0,13720
동원금속,557,573,576,519,504858,586
KBSTAR 미국S&P원유생산기업(합성 H),1860,1875,1895,1850,2652238,1830
경인전자,17300,17200,17550,17100,1546,17400
삼화전자,2410,2350,2425,2300,71416,2600
하이골드8호,1865,1810,1905,1810,915394,1820
KINDEX 삼성그룹섹터가중,9645,9380,9650,9380,4390,10045
신한 금 선물 ETN(H),13920,13845,13920,13835,6343,13540
TIGER 미국다우존스30,14655,14355,14670,14350,19116,14970
한성기업,4285,4325,4325,4190,58482,4325
삼성 미국 대형 성장주 ETN(H),13070,13025,13070,13010,17100,13355
ARIRANG 코스피중형주,7005,6990,7015,6920,7,7170
KINDEX 코스피,19100,19015,19135,18855,3463,19640
TIGER 일본TOPIX(합성 H),11810,11805,11810,11690,4209,11980
KINDEX 일본TOPIX인버스(합성 H),6360,6425,6425,6335,167666,6275
ARIRANG 미국장기우량회사채,108490,108720,108720,106925,1560,107490
진양폴리,2560,2430,2600,2425,902938,2555
성안,416,414,427,411,207167,447
ARIRANG 단기채권액티브,105010,105010,105010,105010,0,105025
신한 레버리지 미국달러 선물 ETN,12885,12850,12885,12825,608,12635
미래에셋 중국 심천 100 ETN,12370,12370,12370,12370,0,12620
QV 바이오 TOP5 ETN,12350,12255,12350,12255,81,12540
태원물산,3185,3210,3210,3070,26735,3265
한국전자홀딩스,517,516,517,500,72703,529
신화실업,20550,20250,21100,20250,1506,20200
대신 인버스 2X 니켈선물 ETN(H),12775,12605,12775,12600,1389,12265
TIGER 코스닥150선물인버스,7530,7785,7820,7515,1122252,7415
ARIRANG 단기우량채권,52845,52835,52845,52835,534,52845
HANARO 200선물레버리지,10355,10280,10380,10010,14018,11005
미래에셋 일본 대형주 ETN(H),12025,12025,12025,12025,0,11960
미래에셋 미국 고배당주 ETN(H),11530,11480,11530,11425,6,11945
QV 레버리지 S&P500 ETN,11270,10985,11270,10985,181,11860
미래에셋 미국 중형주 ETN(H),11855,11855,11855,11855,2,11855
삼성 KRX 금현물 ETN,12130,12045,12155,12005,10486,11845
삼성 바이오 테마주 ETN,11920,12040,12040,11920,140,11830
TIGER 200 금융,4880,4830,4890,4795,6631,4940
신한 코스피 월별 양매도 3% OTM ETN,9415,9415,9415,9415,1,9415
TIGER 모멘텀,15855,15545,15855,15545,2017,16200
청호컴넷,2170,2055,2175,1935,214460,2190
삼성 미국 중소형 성장주 ETN(H),9110,9060,9110,9060,1658,9340
삼성 코스피 풋매도 4% OTM ETN,9180,9150,9180,9150,2,9300
ARIRANG 고배당저변동50,7935,7930,7935,7745,4099,8045
KODEX 배당성장채권혼합,10180,10145,10180,10075,2398,10240
HANARO KRX300,11595,11520,11625,11425,100,11880
KODEX 자동차,10840,10745,10845,10630,5145,11100
TREX 200,25370,25190,25370,24990,30,26120
신한 인버스 은 선물 ETN(H),8955,8900,8955,8900,564,9115
마이다스 200커버드콜5%OTM,11375,11375,11375,11375,8,11375
FOCUS KRX300,11700,11645,11700,11645,2,12065
삼성 미국 대형 가치주 ETN,9030,8995,9050,8995,2537,9035
신한 코스피 콘도르 4/10% ETN,9005,9005,9005,9005,1,9005
신한 USD K200 선물 바이셀 ETN,9390,9390,9390,9380,3,8880
미래에셋 글로벌 리츠 ETN(H),8675,8685,8690,8660,123,8850
ARIRANG 200선물인버스2X,14475,14725,14970,14450,231507,13570
신한 은 선물 ETN(H),9075,8975,9075,8935,19054,8815
미래에셋 미국 리츠 ETN(H),8710,8710,8710,8710,17,8765
신한 레버리지 S&P500 선물 ETN,8415,8145,8415,8145,16785,8745
미래에셋 Q150 Core5 ETN,8410,8410,8410,8410,0,8700
QV 롱숏 K150 매수 로우볼 매도 ETN,8415,8415,8415,8415,0,8670
남양유업우,102500,103000,104000,99800,194,104000
삼성 미국 대형 가치주 ETN(H),8495,8885,8885,8445,960,8580
신한 인버스 2X S&P500 선물 ETN,9140,9340,9415,9140,51842,8570
하이트진로2우B,14900,14750,14950,14500,1868,15150
QV 인버스 레버리지 WTI원유 선물 ETN(H),8405,8135,8600,7975,29331,8495
대신 2X 니켈선물 ETN(H),8140,8310,8310,7900,63200,8480
TRUE 인버스 2X 유로스탁스50 ETN(H),8790,9060,9135,8790,54801,8430
신한 레버리지 천연가스 선물 ETN,9945,9770,9960,9770,133351,11230
HANARO 고배당,7195,7155,7215,7085,154,7275
QV 인버스 레버리지 10년 국채선물 ETN,16590,16590,16590,16590,0,16435
KBSTAR 글로벌4차산업IT(합성 H),12955,13095,13170,12955,3299,13695
QV 화학 TOP5 ETN,7685,7685,7685,7685,0,8180
KODEX Fn멀티팩터,8815,8755,8840,8725,164783,9085
대상우,11850,11800,12000,11450,2160,11900
신한 K200 USD 선물 바이셀 ETN,8045,7950,8045,7950,2,8045
QV 자동차 TOP5 ETN,7930,7930,7930,7930,0,7920
TRUE 코리아프리미어 ETN,7920,7920,7920,7920,0,7920
KODEX KTOP30,12730,12630,12835,12590,1552,13130
TIGER 200 헬스케어,20495,20365,20675,20365,61731,20605
부산주공,354,345,354,338,109287,369
QV 에너지 TOP5 ETN,7740,7740,7740,7740,0,7810
KINDEX 골드선물 레버리지(합성 H),17675,17305,17675,17305,50723,17280
TIGER 단기선진하이일드(합성 H),10980,10910,10980,10905,3780,10970
미래에셋 인버스 에너지화학 Core5 ETN,7810,7970,8020,7810,691,7675
QV 조선 TOP5 ETN,7660,7660,7660,7660,0,7630
넥센타이어1우B,2265,2225,2265,2220,12544,2340
TIGER 코스피고배당,9170,9215,9215,9000,7769,9350
KODEX 코스피100,19615,19220,19650,19220,2772,20195
TRUE 레버리지 유로스탁스50 ETN(H),7270,7060,7270,6680,65891,7570
KODEX 미국FANG플러스(H),13925,13795,13925,13665,96387,14370
KODEX 바이오,9355,9255,9355,9160,72133,9385
TIGER S&P글로벌헬스케어(합성),14300,14125,14300,14125,2103,15005
KINDEX S&P아시아TOP50,10910,10715,10910,10715,2070,11070
QV 의료 TOP5 ETN,7365,7145,8040,6725,3194,7445
한국주강,1290,1275,1345,1245,21308,1315
KBSTAR 중소형고배당,7430,7280,7430,7230,1077,7585
미래에셋 인버스 미디어엔터 Core5 ETN,14770,14770,14770,14770,0,14765
삼성 미국 중소형 가치주 ETN,7345,7290,7345,7290,8395,7365
쌍용양회우,9380,9480,9480,9030,10548,9540
신한 인버스 2X 천연가스 선물 ETN,17305,17525,17525,17150,6786,14725
컨버즈,4100,0,0,0,0,4100
씨아이테크,820,812,829,800,110414,814
KINDEX 모닝스타싱가포르리츠채권혼합,9750,9725,9750,9725,688,9750
TRUE 섹터탑픽 ETN,7135,7135,7135,7135,1,7290
KODEX 200 중소형,7200,7115,7200,7035,1796,7280
KODEX 미국달러선물인버스2X,8510,8550,8550,8500,166337,8640
KODEX 건설,2100,2070,2105,2030,30670,2145
신한 인버스 2X 미국달러 선물 ETN,7040,7035,7055,7035,682,7165
KODEX 글로벌4차산업로보틱스(합성),10405,10400,10465,10305,1663,10615
KODEX 미국채울트라30년선물(H),14160,14110,14160,14080,27637,14220
삼성 온라인쇼핑 테마주 ETN,6705,6655,6705,6655,6,7060
신한 인버스 금 선물 ETN(H),6900,6930,6930,6900,3170,7060
삼성 미국 중소형 가치주 ETN(H),6900,6850,6900,6850,3900,6970
녹십자홀딩스2우,16450,16500,16500,16200,2531,16450
QV CHINEXT ETN(H),6820,6820,6820,6820,50,6950
신한 콩 선물 ETN(H),6900,6885,6925,6865,2447,6845
KBSTAR 모멘텀로우볼,9780,9605,9780,9605,21,10110
QV 내수소비 TOP5 ETN,6690,6565,6690,6565,6,6805
ARIRANG 미국나스닥기술주,14615,14350,14625,14350,10679,15010
하이트론,2360,2350,2520,2270,15963,2440
신한 WTI원유 선물 ETN(H),3480,3430,3480,3350,349381,3355
FOCUS ESG리더스,6505,6470,6505,6455,3,6705
삼성 Alerian 에너지인프라 MLP ETN,4415,4415,4415,4410,3978,4455
KBSTAR 채권혼합,54620,54535,54620,54405,11,55120
삼성 증권 테마주 ETN,6270,6270,6270,6270,3,6540
KODEX 최소변동성,8560,8440,8560,8320,26356,8720
TIGER 우선주,8445,8420,8470,8355,1574,8760
신한 인버스 브렌트원유 선물 ETN(H),12950,12925,12950,12720,1410,12865
KINDEX 미국WideMoat가치주,11405,11355,11405,11310,10065,11675
QV 건설 TOP5 ETN,6060,6060,6060,6060,15,6405
삼성 미디어 테마주 ETN,6255,6255,6255,6255,0,6400
SMART 선진국MSCI World(합성 H),12125,12125,12125,12125,0,12585
삼성 Cushing 에너지인프라 MLP ETN,4190,4165,4190,4160,4764,4185
QV 레버리지 10년 국채선물 ETN,24860,24860,24860,24860,0,25045
삼성 인버스 2X 구리 선물 ETN(H),12930,13045,13095,12930,1190,12520
신한 인버스 2X 구리 선물 ETN,13020,13125,13155,13020,652,12440
미래에셋 인버스 S&P500 ETN(H),6565,6565,6565,6560,171,6210
신한 인버스 MSCI 인도네시아 선물 ETN(H),12110,11830,12155,11820,1213,12395
QV 미국 IT TOP5 ETN(H),16985,16840,17095,16790,1990,17665
TRUE 인버스 2X 나스닥 100 ETN,6585,6790,6800,6585,234326,6155
KODEX 미국S&P바이오(합성),22630,22740,22890,22320,778,24215
신한 인버스 다우존스지수 선물 ETN(H),6270,6355,6355,6270,3947,6100
삼성 인버스 China A50 선물 ETN(H),12345,12340,12355,12340,163,12195
TIGER 일본TOPIX헬스케어(합성),12085,12090,12090,12085,31,12150
TIGER 200 에너지화학,9620,9295,9670,9295,7080,9920
KBSTAR 고배당,8110,8165,8165,8000,3648,8320
QV 운송 TOP5 ETN,5885,5885,5885,5885,0,5955
TIGER 코스닥150IT,11135,10605,11190,10605,11747,11395
KODEX 200미국채혼합,11285,11175,11285,11175,4027,11370
NPC우,2235,2245,2245,2200,3368,2235
KOSEF 코스피100,19555,19435,19565,19185,8425,20200
KOSEF 인도Nifty50(합성),10005,9900,10005,9500,15461,10115
QV 인버스 레버리지 S&P500 ETN,6245,6395,6395,6205,4473,5815
ARIRANG 고배당주채권혼합,9480,9470,9485,9415,195,9545
일정실업,9510,9800,9800,9500,1356,9540
TRUE 레버리지 엔선물 ETN B,11500,11540,11540,11500,40,11445
코오롱우,12300,14700,14700,12000,428716,10600
삼성 음식료 테마주 ETN,5720,5630,5720,5630,19001,5680
삼성 인버스 2X 금 선물 ETN(H),10800,10920,10945,10800,50639,11325
TRUE 인버스 2X S&P500 선물 ETN(H),5965,6125,6145,5965,262922,5640
TIGER 경기방어채권혼합,9325,9330,9330,9280,409,9355
KOSEF 200 선물,11090,11000,11100,10915,164,11445
KODEX WTI원유선물인버스(H),23760,22630,23760,22600,82729,23595
신한 달러인덱스 선물 ETN(H),11190,11200,11200,11190,30,11195
현대건설우,118500,99100,118500,99100,4387,113000
KODEX 헬스케어,13880,13785,13935,13735,5739,13930
TIGER 미국S&P500선물인버스(H),6380,6410,6455,6380,48783,6180
TRUE 코스피 커버드풋 ETN B,11220,11245,11245,11220,92,10920
TRUE 인버스 HSCEI ETN(H) B,11105,11105,11105,11105,100,10910
TIGER 화장품,2910,2890,2915,2870,58247,2990
삼양홀딩스우,34100,33950,34200,33600,232,35650
TIGER 200 중공업,1915,1885,1935,1870,173841,1935
TRUE 엔선물 ETN B,10810,10810,10810,10810,0,10820
ARIRANG 우량회사채50 1년,107500,107495,107505,107495,372,107490
TIGER 200커버드콜ATM,8825,8775,8825,8775,55,8955
신한 옥수수 선물 ETN(H),5330,5310,5330,5280,29463,5345
파워 코스피100,19610,19450,19645,19355,154,20145
TIGER 미국나스닥바이오,16700,16495,16700,16330,18610,17325
신한 천연가스 선물 ETN(H),3235,3195,3240,3195,87440,3460
KINDEX 싱가포르리츠,9970,10000,10000,9820,1945,10320
신한 FnGuide 5G 테마주 ETN,10025,9470,10025,9470,14738,10140
KODEX TRF5050,10070,9990,10070,9990,2160,10120
TRUE 유로선물 ETN B,10205,10220,10220,10205,2025,10105
KINDEX 미국4차산업인터넷(합성 H),12100,11970,12115,11970,2030,12570
남선알미우,31450,35100,35250,30700,78704,32650
신한 코스피 콘도르 6/10% 콜 2204-01 ETN,10030,10030,10030,10030,1,10030
미래에셋 인버스 전기전자 Core5 ETN,5285,5285,5285,5285,30,5005
삼성 레저 테마주 ETN,4640,4640,4640,4640,0,5000
KODEX TRF7030,9970,9895,9970,9800,2384,9990
TIGER 인도니프티50레버리지(합성),8050,8000,8050,7805,36215,8250
ARIRANG KS로우사이즈가중TR,9525,9410,9525,9345,50,9850
넥센우,2700,2680,2750,2660,46,2730
TRUE 인버스 유로선물 ETN B,9740,9705,9740,9705,55,9805
SK증권우,2390,2400,2410,2375,12149,2500
KINDEX 밸류대형,5910,5910,5910,5890,53,6100
TIGER 200커뮤니케이션서비스,16830,16570,16830,16570,22,17410
신한 코스피 월별 양매도 5% 콜 2206-1 ETN,9675,9675,9675,9675,0,9715
한화솔루션우,8310,8400,8400,8210,4886,8640
KODEX S&P글로벌인프라(합성),9740,9690,9745,9595,2603,9805
QV 인버스 레버리지 MSCI 선진국 ETN,14125,14180,14890,14040,1190,13755
덕성우,6810,7110,7340,6560,425504,6880
KODEX 모멘텀Plus,8540,8270,8545,8270,12950,8705
한화우,19750,20400,20400,19200,20987,19900
KINDEX 인도네시아MSCI(합성),6510,6670,6835,6465,26312,6795
신한 코스피 월별 양매도 3% 콜 2206-1 ETN,9450,9450,9450,9450,0,9475
QV 제약 TOP5 ETN,4715,4690,5000,4655,1269,4725
TRUE 인버스 유로스탁스50 ETN(H) B,9725,9920,9920,9725,833,9430
신한 코스피 콘도르 4/10% 콜 2204-01 ETN,9455,9460,9460,9455,2,9370
KOSEF 블루칩,6530,6450,6555,6410,327,6690
KTOP 코스피50,17805,17665,17860,17570,124,18365
계양전기우,6500,6120,6940,6040,114362,6680
TIGER 일본니케이225,13080,13060,13200,12890,660,13275
삼양사우,25000,24900,26150,24200,2335,24950
대신 인버스 아연선물 ETN(H),13275,13275,13275,13275,0,13180
TRUE 인버스 엔선물 ETN B,9045,9045,9045,9045,10,9095
TRUE 인버스 2X HSCEI ETN(H),9245,9395,9535,9245,1812,9070
신한 인버스 달러인덱스 선물 ETN(H),9065,9065,9065,9065,10,9065
코리아써우,2955,2950,2970,2865,3659,3055
KOSEF 200선물인버스2X,7215,7315,7430,7165,94271,6755
삼성 레버리지 은 선물 ETN(H),9450,9315,9450,9165,134128,8990
유유제약1우,7870,7900,7900,7730,5050,7890
KINDEX 스마트로우볼,10855,10820,10855,10820,20,11175
KODEX KRX300레버리지,7580,7550,7615,7395,31796,8085
TIGER 일본엔선물,11220,11285,11285,11180,175,11115
KODEX 미국러셀2000(H),7785,7665,8000,7625,16641,8040
대신 인버스 철광석 선물 ETN(H),4465,4490,4490,4440,1168,4410
QV 인버스 MSCI 선진국 ETN,12955,12785,12955,12785,5,12590
KODEX 미국채10년선물,12730,12665,12730,12665,10980,12585
KBSTAR 차이나HSCEI(H),10850,10870,11005,10810,21,10995
KBSTAR 5대그룹주,4740,4670,4745,4665,127,4880
KODEX MSCI밸류,7775,7760,7790,7690,61,7970
일양약품우,20000,20150,20450,19750,5586,19550
HANARO KAP초장기국고채,51480,51215,51480,51130,639,50985
TIGER 원유선물인버스(H),17225,16500,17235,16500,40470,17315
TIGER 미국달러선물레버리지,10995,10935,11020,10935,1473,10815
KBSTAR IT플러스,11615,11360,11615,11360,96,11980
KBSTAR 헬스케어채권혼합,10800,10790,10800,10740,4272,10780
TRUE 코스피 커버드콜 ETN B,8395,8385,8395,8385,120,8580
TIGER 글로벌자원생산기업(합성 H),8490,8700,8700,8480,4053,8570
태양금속우,2570,2555,2615,2495,69933,2595
KBSTAR 미국장기국채선물레버리지(합성 H),15530,15220,15530,15215,2073,15540
KODEX 턴어라운드투자,8395,8310,8395,8165,14,8530
KODEX 게임산업,9290,9070,9290,9070,4590,9425
KODEX MSCI퀄리티,9130,9045,9145,9045,10002,9410
KOSEF 미국달러선물인버스,9855,9825,9875,9825,566,9940
KOSEF 고배당,6090,6120,6120,6035,2784,6240
KBSTAR 팔라듐선물(H),13080,12770,13095,12765,116950,12905
TIGER 유로스탁스레버리지(합성 H),4990,5040,5200,4840,135123,5220
TIGER 일본엔선물레버리지,12005,11860,12055,11820,3527,11840
ARIRANG 200선물레버리지,17170,16925,17215,16580,27042,18270
KODEX 미국달러선물인버스,9460,9465,9480,9445,12280,9515
대신 2X 아연선물 ETN(H),4020,3945,4025,3945,4660,4085
SK네트웍스우,72500,72000,72800,71900,361,71800
TIGER KTOP30,6325,6290,6325,6205,388,6525
ARIRANG 중형주저변동50,7245,7170,7245,7085,1043,7370
KBSTAR KRX300레버리지,7600,7515,7600,7320,3812,8065
삼성 모멘텀 탑픽 ETN,3870,3840,3880,3840,73,4015
KODEX 보험,4935,4930,4965,4880,31987,5005
마이티 코스피100,19230,19230,19230,19230,0,19960
대신 니켈선물 ETN(H),11165,11215,11235,11135,2190,11400
동북아13호,5030,5030,5030,5030,6510,5030
금호산업우,27000,26000,27000,25950,3083,27200
TIGER 국채선물3년인버스,49655,49655,49655,49655,0,49650
TIGER 대만TAIEX선물(H),12910,12950,13075,12910,237,13235
KBSTAR 주식혼합,30860,30745,30860,30715,8,31550
KOSEF 배당바이백Plus,11005,10940,11025,10805,69,11210
KINDEX 스마트모멘텀,10910,10850,10930,10820,10242,11205
동북아12호,4975,4975,4975,4975,0,4915
KINDEX 일본Nikkei225(H),12675,12800,12800,12600,289,12970
KODEX 일본TOPIX100,12825,12570,12825,12570,306,12940
TIGER 골드선물(H),13170,13095,13185,13080,16070,12885
TIGER 삼성그룹펀더멘털,7870,7830,7870,7830,651,8210
한화투자증권우,1525,1530,1545,1500,17887,1605
TIGER 중장기국채선물인버스,48075,48075,48075,48075,0,47965
TIGER 200에너지화학레버리지,5170,5025,5170,4895,29420,5470
TRUE 코스피 타겟볼20 ETN,7650,7650,7650,7650,0,7650
KODEX 철강,5145,5110,5145,5035,1893,5185
ARIRANG 주도업종,6675,6605,6685,6560,248,6925
신한 레버리지 구리 선물 ETN,7450,7360,7450,7330,7880,7615
KOSEF KRX100,4100,4080,4110,4040,79,4230
KOSEF 코스닥150선물레버리지,3070,2915,3070,2850,34507,3150
KODEX 성장투자,8245,8080,8245,8000,959,8400
QV 레버리지 WTI원유 선물 ETN(H),1670,0,0,0,0,1250
대한제당우,11400,11550,11550,11250,384,11550
KBSTAR 헬스케어,10660,10600,10685,10520,584,10650
TIGER 국채선물10년인버스,46675,46675,46675,46675,0,46465
KOSEF 코스닥150선물인버스,13340,13765,13865,13335,3191,13135
KBSTAR 모멘텀밸류,8920,8825,8920,8765,20,9185
TIGER 차이나항셍25,16050,16175,16445,15515,181,16155
SMART 중국본토 중소형 CSI500(합성 H),4000,3920,4005,3920,112,4035
TIGER 구리실물,5875,5825,5910,5825,8269,5925
삼성 인버스 2X 은 선물 ETN(H),6855,6965,7040,6855,13572,7235
KINDEX 삼성그룹동일가중,11655,11585,11655,11450,23,12050
신한 MSCI 인도네시아 선물 ETN(H),7595,7595,7595,7595,100,7200
깨끗한나라우,18900,18500,19100,18250,4419,19600
KODEX 200ESG,8635,8580,8655,8515,50,8970
서울식품우,3160,3200,3200,3080,75994,3225
TIGER 의료기기,11850,11535,11850,11535,1446,11950
KINDEX 스마트하이베타,8680,8645,8680,8645,20,8960
HANARO e커머스,9260,9060,9325,9060,6842,9540
KBSTAR KRX300미국달러선물혼합,9910,9835,9910,9800,220,10145
KODEX KRX300선물인버스,10410,10565,10585,10410,2057,10135
KBSTAR KRX300선물인버스,10445,10500,10500,10380,138,10095
KODEX 미국S&P산업재(합성),13155,13030,13155,13025,5774,13190
KINDEX 러시아MSCI(합성),23710,23975,24005,22500,5100,23395
KINDEX 미국다우존스리츠(합성 H),68540,69565,69565,66165,396,69410
KBSTAR 내수주플러스,8080,8015,8080,8015,5,8260
KOSEF 200선물인버스,9190,9220,9335,9155,6182,8895
KBSTAR V&S셀렉트밸류,9540,9435,9550,9370,61,9815
대원전선우,2660,2615,2735,2410,115916,2620
KOSEF 저PBR가중,9460,9425,9475,9265,172,9695
KINDEX 스마트밸류,9380,9360,9380,9340,30,9660
KODEX 에너지화학,8480,8255,8525,8255,12664,8700
삼성 레버리지 구리 선물 ETN(H),6465,6405,6465,6350,52126,6660
CJ씨푸드1우,32850,32600,32850,31550,5311,32800
TIGER 코스닥150바이오테크,9295,9010,9295,9010,7883,9280
신한 인버스 2X 금 선물 ETN,6190,6245,6275,6170,55893,6445
ARIRANG 국채선물3년,53190,53190,53190,53190,1,53190
QV MSCI 선진국 ETN,9120,9120,9120,9120,1,9050
TIGER 중장기국채선물인버스2X,45060,45200,45200,45060,302,45190
KBSTAR 차이나H선물인버스(H),11550,11490,11640,11480,454,11440
TIGER 일본엔선물인버스,8915,8855,8930,8855,207,8980
TREX 펀더멘탈 200,24365,24290,24365,24290,5,25095
동원시스템즈우,23500,23500,23500,23500,45,23600
KODEX 퀄리티Plus,7500,7500,7500,7500,36,7790
파워 중기국고채,103155,103155,103155,103155,0,103105
마이티 200커버드콜ATM레버리지,6590,6590,6590,6590,15,6800
KODEX 200동일가중,7490,7415,7490,7415,86,7620
KBSTAR KRX국채선물3년10년스티프너2X,50615,50670,50670,50605,6,50625
TIGER 유로스탁스배당30,8540,8500,8540,8465,23395,8655
KBSTAR V&S셀렉트밸류채권혼합,10000,9950,10000,9925,32,10090
KBSTAR KRX국채선물3년10년스티프너,50440,50460,50460,50440,6,50445
ARIRANG 국채선물10년,58310,58080,58310,58075,598,58160
KBSTAR 200생활소비재,7130,7130,7130,7115,10,7320
KBSTAR KRX국채선물3년10년플래트너,50015,49995,50015,49995,6,50015
TIGER KRX300선물인버스,10410,10280,10420,10280,15,9995
성신양회우,8100,7540,8270,7350,50092,8140
KBSTAR KRX국채선물3년10년플래트너2X,49785,49795,49805,49770,6,49790
하이트진로홀딩스우,12400,12400,12500,12100,891,12550
ARIRANG 스마트베타Quality채권혼합,9750,9715,9750,9675,144,9830
KINDEX 일본TOPIX레버리지(H),11385,11590,11590,11240,2492,11780
TIGER 200 건설,1785,1755,1790,1720,287371,1800
삼성중공우,50600,48300,50600,47600,1096,51000
KBSTAR 중국MSCI China선물(H),10215,10150,10350,10150,100,10625
KODEX 콩선물(H),7310,7355,7375,7285,4892,7255
KODEX FnKorea50,7135,7105,7170,7010,65,7255
하나니켈1호,257,271,271,249,2340534,255
TIGER MSCI KOREA ESG유니버설,7410,7410,7410,7410,3,7730
대신 인버스 니켈선물 ETN(H),8435,8435,8435,8435,120,8265
TIGER 200커버드콜5%OTM,11205,11260,11260,11205,57,11565
KBSTAR ESG사회책임투자,7960,7920,7960,7905,5,8255
성문전자우,9670,8900,9670,8900,50501,9630
HANARO 코스닥150선물레버리지,6215,5870,6235,5785,20725,6420
KODEX 3대농산물선물(H),7110,7180,7180,7080,36903,7090
파워 고배당저변동성,20820,20590,20820,20345,150,21000
KODEX 한국대만IT프리미어,11040,10970,11040,10940,3403,11315
ARIRANG S&P글로벌인프라,9580,9575,9580,9500,194,9400
ARIRANG 미국다우존스고배당주(합성 H),10265,10265,10615,10210,8596,10640
TIGER 베타플러스,10495,10495,10495,10495,9,10775
TIGER KRX300레버리지,7445,7390,7490,7280,1467,7940
KODEX 미국S&P에너지(합성),4775,4880,4880,4735,66646,4645
TIGER 금은선물(H),9420,9485,9485,9320,19039,9210
KINDEX 코스닥(합성),9020,8695,9025,8695,87,9165
KODEX 기계장비,3105,3080,3115,3010,29070,3155
현대비앤지스틸우,50700,45500,52500,45500,1703,49800
대신 아연선물 ETN(H),7740,7720,7740,7690,108,7805
TIGER 코스닥150로우볼,10460,10460,10460,10460,0,10845
TIGER 지주회사,9210,9210,9210,9210,2,9850
코오롱글로벌우,17100,17850,18350,16650,82254,17250
TIGER 일본엔선물인버스2X,7580,7570,7645,7500,4384,7695
TIGER 대형성장,7910,7910,7910,7910,1,8260
TIGER 미디어컨텐츠,4770,4625,4770,4620,18979,4825
KBSTAR 200선물인버스,9165,9235,9305,9165,4921,8905
TIGER 중소형성장,7230,7050,7230,6990,103,7390
ARIRANG 코스닥150선물인버스,11660,12040,12105,11645,39616,11470
KODEX 경기소비재,8405,8165,8410,8165,99,8600
TIGER 이머징마켓MSCI레버리지(합성 H),7020,7025,7065,6975,4531,7255
KINDEX 멕시코MSCI(합성),6090,6075,6100,5920,14700,6345
KODEX 국채선물3년인버스,49660,49660,49660,49660,0,49660
노루페인트우,10650,10650,10950,10200,8482,10900
QV 레버리지 MSCI 선진국 ETN,7055,7090,7090,7035,353,7190
KBSTAR 200고배당커버드콜ATM,7130,7180,7180,7080,39,7180
KINDEX 배당성장,24215,23930,24215,23770,24,24875
삼성 건축자재 테마주 ETN,2400,2375,2400,2365,156,2485
KBSTAR 코스닥150선물인버스,7770,8010,8065,7760,226856,7640
KODEX 구리선물(H),4425,4430,4435,4380,6849,4515
KINDEX 국채선물3년인버스,99170,99170,99170,99170,0,99105
KODEX MSCI모멘텀,7900,7830,7900,7830,6,8185
KINDEX 스마트퀄리티,11870,11790,11870,11645,21,12200
마이티 코스피고배당,9380,9380,9380,9380,0,9455
KINDEX 필리핀MSCI(합성),11720,11890,12255,11720,2538,12050
TIGER 200 경기소비재,10705,10510,10705,10505,727,10945
크라운제과우,6090,6140,6170,6010,7536,6220
대상홀딩스우,5250,5380,5380,5100,10355,5260
KBSTAR 우량업종,7805,7730,7805,7650,25,7980
금강공업우,8100,7980,8130,7760,20048,8100
TIGER MSCI KOREA ESG리더스,6905,6905,6905,6905,100,6905
KODEX 가치투자,7710,7615,7710,7615,103,7930
HANARO 농업융복합산업,7710,7635,7775,7560,214,7885
TIGER 방송통신,7155,6980,7155,6970,2837,7350
KODEX China H선물인버스(H),11810,11630,11830,11630,4461,11610
파워 스마트밸류,10100,10045,10140,9935,343,10285
DB하이텍1우,40700,41250,41250,40000,998,41000
KINDEX 국채선물10년인버스,92140,92140,92140,92140,0,91680
TIGER S&P글로벌인프라(합성),9035,8960,9035,8870,346,9110
KODEX 멀티에셋하이인컴(H),9110,9110,9110,9005,544,9090
KBSTAR 미국장기국채선물인버스(H),7545,7590,7590,7545,981,7570
KBSTAR 200커뮤니케이션서비스,10535,10440,10535,10370,289,10760
JW중외제약우,26200,25300,27900,25300,13558,26200
ARIRANG 코스닥150,9780,9515,9795,9465,577,9980
KINDEX 한류,5440,5365,5440,5320,562,5570
TIGER LG그룹+펀더멘털,5945,5840,5955,5815,326,6150
하나니켈2호,1265,1315,1335,1235,180549,1345
KBSTAR 수출주,7100,7000,7100,6955,109,7350
동부건설우,19300,19650,20200,19100,1977,19500
진흥기업우B,4930,5010,5050,4695,25256,5090
ARIRANG KRX300헬스케어,9820,9725,9830,9700,218,9800
TIGER 현대차그룹+펀더멘털,12450,12500,12500,12235,3070,12665
TIGER 중소형,6995,6995,6995,6995,0,7125
TIGER 200동일가중,7505,7505,7505,7505,1,7700
흥국 S&P코리아로우볼,7825,7810,7825,7810,16,7825
진흥기업2우B,13800,13700,14000,13050,7720,14050
TIGER 지속배당,10385,10385,10385,10305,209,10575
ARIRANG 심천차이넥스트(합성),8790,8645,8790,8640,655,8765
KODEX 미국채울트라30년선물인버스(H),6740,6755,6760,6730,3278,6700
KG동부제철우,73700,74000,77000,71900,1176,74200
TIGER 중소형가치,7010,7010,7010,7010,0,7150
KBSTAR 게임테마,8465,8295,8470,8295,453,8645
ARIRANG KRX300산업재,8120,8035,8150,7955,20,8450
KODEX 골드선물인버스(H),7505,7515,7550,7495,13752,7685
한양증권우,7220,6960,7270,6960,1415,7280
흥국화재우,4815,4765,4935,4680,31319,4915
TIGER 증권,2845,2800,2845,2790,1831,2995
KOSEF 코스닥150선물,6270,6085,6270,6085,108,6375
KBSTAR 국채선물10년인버스,45725,45855,45855,45725,7,45850
KBSTAR KQ모멘텀로우볼,8175,7975,8175,7975,6,8275
JW중외제약2우B,39900,39050,40300,38500,452,40950
TIGER 200 생활소비재,9445,9245,9450,9245,307,9690
TIGER 200 철강소재,5370,5355,5370,5245,454,5440
KODEX 밸류Plus,5840,5805,5855,5805,56,5965
TIGER 라틴35,2395,2415,2420,2330,27257,2385
코리아써키트2우B,4500,4440,4760,4440,56,4510
KBSTAR 200경기소비재,6605,6565,6605,6545,5,6780
KBSTAR KQ모멘텀밸류,7560,7405,7560,7405,5,7715
TIGER 대형가치,7440,7430,7440,7430,54,7705
KBSTAR 200산업재,6715,6610,6715,6610,5,6885
KBSTAR 200건설,7150,7145,7175,7060,424,7300
TIGER 은행,5115,5100,5120,5020,2889,5215
KODEX MSCI EM선물(H),7080,7075,7080,7075,11,7260
신원우,36300,33300,37000,33300,6779,35950
흥국화재2우B,19250,19600,19750,19000,19800,20650
노루홀딩스우,17900,18050,18050,17300,1714,17100
KBSTAR 중소형모멘텀밸류,7660,7570,7660,7570,5,7860
KBSTAR 팔라듐선물인버스(H),6210,6225,6275,6165,4917,6260
동양우,4900,4950,4955,4800,1582,4940
KBSTAR 미국장기국채선물인버스2X(합성 H),5535,5510,5560,5510,2601,5525
TIGER 200 산업재,3695,3600,3695,3595,56,3775
TIGER 여행레저,4015,3795,4020,3795,8629,4190
ARIRANG 스마트베타 Quality,7230,7130,7235,7075,13,7425
유유제약2우B,17500,17450,17600,17450,485,17650
ARIRANG 스마트베타 Value,6710,6665,6725,6600,30,6840
ARIRANG 선진국MSCI(합성 H),8380,8410,8410,8215,1099,8470
TREX 중소형가치,5900,5810,5900,5765,66,6015
KBSTAR 200철강소재,5115,5060,5115,5050,7,5195
KODEX 운송,2955,2915,2970,2880,16385,3310
동양2우B,8300,8260,8320,8200,1950,8460
KBSTAR 중소형모멘텀로우볼,7280,7125,7280,7125,146,7425
ARIRANG 스마트베타 LowVOL,7260,7185,7275,7135,53,7410
KBSTAR 200금융,5975,5995,5995,5945,11,6100
KBSTAR 200중공업,5955,5970,5970,5815,57,6030
ARIRANG ESG우수기업,6495,6400,6500,6390,793,6670
TIGER K게임,7525,7280,7525,7280,1520,7755
ARIRANG KRX300IT,11100,10785,11110,10785,2155,11595
KBSTAR 200에너지화학,6365,6255,6365,6255,87,6560
ARIRANG KRX300금융,6885,6900,6900,6785,412,7030
ARIRANG 스마트베타 Momentum,6690,6630,6705,6575,286,6850
ARIRANG KRX300자유소비재,8855,8785,8890,8665,50,9070
KBSTAR 지주회사,6155,6085,6155,6050,22,6375
유안타증권우,1770,1840,1840,1745,29136,1830
미래에셋 미디어엔터 Core5 ETN,11800,11800,11800,11800,0,11800
ARIRANG 미국단기우량회사채,102945,102975,102975,102830,20,102135
QV 스마트리밸런싱 260/4 ETN,11465,11425,11465,11425,467,11580
KOSEF 미국달러선물레버리지,10465,10415,10475,10415,37367,10290
KODEX 미국나스닥100선물(H),11065,10920,11065,10875,71637,11385
TIGER 미국달러단기채권액티브,10510,10480,10520,10480,42790,10440
ARIRANG KS로우볼가중TR,9035,8970,9040,8915,50,9275
TIGER 200TR,12890,12650,12890,12650,628,13280
TIGER 로우볼,8990,8900,9000,8800,3207,9145
미래에셋 호주 ASX200 ETN(H),10820,10850,10900,10820,353,11145
미래에셋 미국 시니어론 100 ETN,11060,11060,11060,11060,0,11145
KODEX 배당성장,9740,9710,9740,9530,2396,9905
TIGER 코스피대형주,9270,9230,9310,9230,131,9650
SK디스커버리우,16450,16150,16450,15950,19877,16300
삼성 S&P500 VIX S/T 선물 ETN(H) B,30375,31425,31920,30375,14896,29375
미래에셋 유럽 대형주 ETN(H),10215,10215,10215,10215,5,10955
KINDEX 레버리지,3740,3720,3760,3620,74728,3975
신한 인버스 구리 선물 ETN(H),11090,11125,11125,11090,11,10920
미래에셋 인버스 원유선물혼합 ETN(H),21730,21470,21730,21360,345,21740
TIGER 가격조정,17985,17770,17985,17770,11,18335
신한 인버스 2X 다우존스지수 선물 ETN(H),5680,5810,5850,5680,129999,5400
미래에셋 일본 중형주 ETN(H),10715,10715,10715,10715,0,10715
KODEX TRF3070,10140,10005,10140,10000,4889,10075
모두투어리츠,2700,2715,2715,2655,2761,2700
대한항공우,16750,16500,17500,16100,35638,19000
신한 구리 선물 ETN(H),10385,10325,10385,10300,2794,10545
신한 인버스 2X 은 선물 ETN(H),9980,10140,10270,9980,12050,10515
에이엔피,244,240,244,229,251998,252
전방,12000,11950,12150,11800,747,12350
TRUE 빅5 동일가중 ETN,10270,10270,10270,10270,0,10315
미래에셋 유럽 중형주 ETN(H),10600,10600,10600,10600,0,10270
세기상사,50100,50700,50700,49000,146,50300
대신 WTI원유 선물 ETN(H),4200,4005,4330,4005,125374,4080
미래에셋 미국 시니어론 100 ETN(H),10190,10190,10190,10190,0,10190
미래에셋 에너지화학 Core5 ETN,10055,10055,10055,10055,0,10185
ARIRANG KS밸류가중TR,9150,9120,9170,9045,50,9420
ARIRANG 미국S&P500(H),11485,11305,11495,11305,39691,11875
LG하우시스우,19200,18950,19200,18500,787,19500
미래에셋 원자재 선물 ETN(H),6705,6705,6705,6705,140,6710
TIGER 우량가치,8010,7895,8040,7815,11940,8175
QV KTOP30 ETN,9955,9955,9955,9955,0,10025
에이리츠,5420,5350,5480,5350,3919,5450
하이골드3호,1250,1240,1250,1230,13441,1235
KODEX 국채선물10년,72315,72110,72330,72100,1314,72170
지코,306,0,0,0,0,306
삼성 화학 테마주 ETN,9880,9870,9880,9870,600,9880
KOSEF 미국달러선물인버스2X,7495,7530,7530,7490,5153,7605
KODEX MSCI KOREA ESG유니버설,7515,7495,7535,7495,276,7760
KINDEX 중기국고채,107655,107655,107655,107655,20,107635
대덕전자1우,5770,5790,5860,5570,21475,5850
신한 코스피 콘도르 6/10% ETN,9705,9710,9710,9705,2,9650
삼성 미국 중소형 성장주 ETN,9645,9650,9650,9645,1301,9645
세방우,5140,5130,5140,4900,501,5220
신한 코스피 월별 양매도 5% OTM ETN,9585,9585,9585,9585,0,9625
태영건설우,7370,7260,7410,6940,37699,7510
KINDEX 중국본토CSI300레버리지(합성),3275,3200,3295,3195,13438,3310
