일진머티리얼즈,40650,39300,40700,38900,611184,40450
부광약품,27850,27650,28850,27500,3822253,28300
팬오션,3205,3265,3265,3140,1409715,3430
메리츠증권,2940,2875,2955,2850,2033252,2940
농심,289000,283000,289000,277500,27207,292000
녹십자,149000,145500,149500,144500,112323,150500
F&F,114500,109500,115000,107500,79181,114000
현대엘리베이,63600,62000,63700,59400,588172,63200
KODEX 단기채권,102190,102190,102200,102190,13661,102195
동서,16500,16300,16550,16250,80681,16850
한샘,70900,70900,71000,68900,105989,71200
포스코인터내셔널,12950,12800,13150,12450,355657,13250
현대백화점,68200,65300,68500,64600,107652,69400
LG생활건강우,718000,699000,719000,686000,5970,761000
키움증권,71900,69100,72000,68500,86623,71400
메리츠화재,13700,13700,13950,13550,167630,13700
BNK금융지주,4675,4600,4680,4525,1627716,4665
TIGER 단기통안채,100430,100440,100440,100430,300039,100440
한화생명,1725,1685,1750,1685,6937099,1740
신세계인터내셔날,208500,193500,209500,193500,90328,210000
현대로템,18250,17350,19400,16650,12561144,17600
NHN,73400,73100,73600,72000,77034,75800
KG동부제철,14500,18500,18500,14000,176963,14750
한전KPS,31950,31050,31950,31050,126982,32300
효성,66500,64800,66500,63700,61798,68600
대우건설,3445,3240,3445,3170,2003046,3420
KCC,144500,138500,145000,135000,51277,157000
현대차우,56900,56000,57900,55200,173397,57100
SK네트웍스,5340,5080,5360,5040,2457597,5590
한화,17800,17550,17800,17100,411976,18450
KBSTAR 200,25535,24920,25590,24800,738079,25760
메리츠금융지주,9420,9560,9560,9320,34735,9450
파미셀,21200,22500,22600,20850,11338557,22100
한올바이오파마,25100,24200,25450,24100,608786,25200
대웅제약,116000,109500,130000,105000,1397454,113500
LG화학우,165500,161000,166500,160000,36080,167000
한화에어로스페이스,24150,24200,24750,23400,1198650,24250
HDC현대산업개발,18750,19100,19200,18350,745609,18600
KODEX 코스닥150 레버리지,7455,7120,7510,7065,36264762,7550
KODEX 종합채권(AA-이상)액티브,109395,109685,109710,109270,16302,109310
현대미포조선,29000,28500,29400,28100,307574,30250
LS ELECTRIC,37950,38200,38300,36900,87028,39000
DB하이텍,25500,23750,25500,23500,1465852,26250
HMM,3650,3600,3650,3530,1747623,3680
이노션,56700,58000,59000,54000,100678,58100
LS,35600,36000,36000,34850,127641,35450
태영건설,14450,13800,14500,13750,385505,14650
만도,23650,23600,23950,23100,603777,23700
지누스,71400,71100,71600,70100,82031,76100
KODEX 200TR,8060,7875,8060,7810,2344242,8145
종근당,93000,91800,93300,89400,35906,93800
더블유게임즈,54000,52400,54200,51700,217526,55500
코리안리,8270,8060,8290,7970,283254,8390
신풍제약,18700,17400,19900,17000,8156173,18750
두산솔루스,33500,33600,34300,33100,1218721,32400
두산중공업,3985,4200,4310,3950,5266973,3910
녹십자홀딩스,20650,20300,20800,20250,88329,20900
KODEX 인버스,6995,7150,7205,6980,44279419,6930
한국콜마,42300,41600,42300,40850,127574,42350
NICE,19300,19200,19350,18700,42045,19400
롯데관광개발,10750,10350,10850,10250,226371,10600
동아에스티,84000,85000,85700,83500,19195,86200
동원F&B,179500,177000,179500,176000,5555,183500
다우기술,15150,15000,15200,14750,126586,15650
SK가스,74200,75000,75100,73600,22124,75900
대상,18900,18900,18950,18600,164418,20000
아주캐피탈,12150,12150,12150,11900,38894,12000
아모레퍼시픽우,64400,64600,64600,61600,37085,63700
씨에스윈드,28300,28300,28750,27700,50917,28950
필룩스,5760,5710,5800,5620,2420492,5820
롯데정보통신,30950,31200,31200,29950,39061,32350
LG상사,12250,12000,12250,11900,282019,12850
영원무역홀딩스,35300,34650,35450,34300,4112,36300
SK디스커버리,24400,24450,24450,23800,143540,25650
동양생명,2940,2895,2970,2825,91908,2955
KODEX 코스닥150선물인버스,7315,7505,7530,7290,45653874,7270
KODEX Top5PlusTR,11635,11215,11635,11215,32610,11610
유안타증권,2370,2265,2375,2250,391426,2360
현대에이치씨엔,4140,4115,4190,4100,268151,4170
삼성 코스피 양매도 5% OTM ETN,9320,9320,9320,9320,22,9320
대신증권,9080,9000,9120,8910,118472,9150
대한해운,18250,17700,18300,17200,129448,18900
진원생명과학,13850,13500,14700,13200,7541556,13900
경동나비엔,35350,35350,36450,34900,82831,35900
풀무원,11000,10600,11000,10450,134204,11750
롯데손해보험,1390,1395,1400,1350,313336,1440
한세실업,10850,10600,10900,10400,102673,11150
한국토지신탁,1710,1730,1745,1695,692810,1760
SK디앤디,23300,22550,23300,22200,45178,23350
이월드,4235,4265,4270,4130,2172498,4375
KODEX 코스피,19390,19035,19395,18880,64789,19605
두산퓨얼셀,7760,7720,7870,7590,894118,7660
삼성화재우,130500,134000,134000,128000,13855,132500
삼양홀딩스,48150,49050,49950,47800,24182,49350
신영증권,44750,44200,45350,44200,6427,44950
화승인더,7640,7450,7730,7380,631496,7590
덴티움,37950,36850,37950,36300,39626,37900
대교,4845,4750,4845,4640,185118,4880
지역난방공사,35050,35100,35800,34750,12898,35650
BGF,4060,4095,4095,3980,324124,4305
롯데푸드,350000,354500,354500,341500,2075,363000
한미반도체,7900,7710,7900,7590,167679,7930
미원에스씨,74400,74100,74400,73500,797,76000
미래에셋대우2우B,2850,2850,2880,2820,571254,2835
한국콜마홀딩스,21800,20650,21850,20650,92510,21950
세방전지,27000,26650,27100,26350,33631,27950
남해화학,7920,7670,7950,7500,290932,7860
제일약품,25950,25400,26000,25000,19471,26400
동국제강,3965,3920,3980,3880,306574,4025
스카이라이프,7440,7060,7440,6920,144816,8000
맵스리얼티1,4020,4025,4080,3985,298410,4095
KINDEX 단기통안채,100555,100550,100555,100550,518,100560
LG하우시스,39200,38950,39450,37750,37467,41800
드림텍,5820,5700,6140,5550,3366458,5970
부산가스,33650,33750,33750,33000,593,33850
TIGER 단기채권액티브,50250,50250,50260,50250,1300,50265
일동제약,12650,12550,12900,12500,53360,12700
대원제약,14750,14650,14750,14350,38998,14850
SK렌터카,8130,8200,8200,8020,83078,8380
AK홀딩스,22050,21750,22150,20850,71380,22400
조선내화,74000,72900,74000,71700,3788,73700
동양,1245,1175,1275,1155,2839711,1225
동성제약,11150,10950,11250,10850,299902,11200
삼천리,71400,70500,71800,69400,2398,72000
SK증권,610,594,610,587,2782365,605
하이트진로홀딩스,11750,11750,12050,11250,15146,12300
경농,12700,12250,13000,11500,624697,13150
유나이티드제약,17500,17000,18150,17000,338079,17500
SMART 200TR,8385,8150,8390,8145,6411,8435
경인양행,6870,6750,6890,6560,396773,6940
조광피혁,41600,41900,42200,41500,3612,42450
고려제강,14050,14500,14500,13550,39321,14050
금호산업,7580,7640,7720,7340,360501,7750
한국카본,6220,5880,6290,5820,1287854,6340
한국자산신탁,2170,2135,2180,2060,440077,2245
에이블씨엔씨,10400,10050,10450,9900,164865,10200
아모레G3우(전환),37700,36800,37750,36700,6618,38250
아세아제지,28600,28650,28650,27550,34010,30050
인스코비,2705,2695,2735,2640,641046,2755
환인제약,14350,14000,14350,14000,14466,14400
신도리코,26450,24950,26450,24900,15341,26550
태림포장,3695,3600,3700,3560,440117,3760
아세아시멘트,71300,63000,77800,60900,132264,68200
코스모신소재,9070,8810,9070,8790,383877,9020
센트랄모텍,30300,29350,30300,29200,164219,30350
KBSTAR 대형고배당10TR,9770,9600,9770,9400,2792,9745
SBS미디어홀딩스,1850,1845,1860,1810,65583,1860
엔에스쇼핑,7530,7540,7550,7300,34284,7720
모나리자,7010,6700,7250,6650,5110631,7030
세아홀딩스,63200,63000,63900,62700,331,64200
엘브이엠씨홀딩스,4780,4790,4805,4390,285915,4990
삼성제약,4125,4010,4160,4000,1369729,4115
삼영무역,13550,13150,13700,13050,8734,13700
JW생명과학,15850,15250,16150,15250,51145,15950
코리아오토글라스,12500,12300,12600,12200,56728,12600
한일홀딩스,41850,39150,41850,39100,14244,41500
일성신약,91700,92900,92900,89600,2152,93400
삼성SDI우,152500,146500,153000,146000,19202,152500
TIGER 원유선물Enhanced(H),1350,1510,1515,1280,72659105,1505
국도화학,40000,39950,40250,39350,2741,42250
디티알오토모티브,24000,23800,24200,23600,3450,24400
한화손해보험,2040,2010,2040,1960,325131,2085
해성디에스,13900,13550,13950,13300,128475,14300
한국화장품,14800,14300,14800,14100,405484,15100
코오롱,19150,19050,19200,18600,157870,19200
쌍용차,1590,1515,1730,1515,3955789,1600
모토닉,7160,6940,7180,6940,12850,7250
현대차증권,7560,7300,7560,7200,125816,8110
넥센,4415,4270,4425,4200,56748,4440
현대에너지솔루션,21000,20650,21000,19900,193697,21200
KPX케미칼,48900,48300,49000,46800,2007,48500
E1,33100,33500,33500,32350,18112,34000
삼성출판사,22350,22050,22450,21700,175975,23300
교보증권,6400,6280,6420,6180,165344,6470
삼양패키징,16150,15600,16550,15550,101723,16350
삼익THK,10150,10000,10150,9750,14194,11050
용평리조트,4810,4700,4810,4440,373907,4790
남양유업,316500,323000,323000,307000,2183,320000
애경유화,6740,6710,6760,6520,105848,7160
신대양제지,54700,54000,54700,52100,14805,56700
넥스트사이언스,7080,7200,7200,6970,585821,7200
현대리바트,10150,9730,10250,9550,188449,11050
제일파마홀딩스,13750,13400,14250,13050,55162,14200
IHQ,1535,1490,1555,1470,1046208,1550
광주신세계,140000,140000,141000,138000,116,140000
S&T홀딩스,13600,13800,13900,13450,12472,13700
풍산홀딩스,28000,28050,28450,27200,8723,28150
하나 코스피 변동성추세 추종 양매도 ETN,8750,8750,8750,8750,0,8780
대상홀딩스,5830,5710,5830,5590,91013,6050
삼성 레버리지 WTI원유 선물 ETN,2085,0,0,0,0,2085
LS전선아시아,6980,7050,7050,6840,127798,7000
CJ4우(전환),49950,49500,50400,49150,19868,50400
대한제분,122500,123000,123500,119000,2874,125000
대신증권우,8060,7940,8070,7890,82977,8110
TIGER 차이나CSI300레버리지(합성),18250,17660,18350,17500,119984,18300
에어부산,4000,4475,4600,4000,2401045,4040
이연제약,12200,11950,12200,11550,29785,12450
동아지질,19050,16050,19200,15450,1855196,18150
토니모리,11950,11300,11950,11100,217470,11800
신세계푸드,53300,53400,53500,52200,12901,53700
한국주철관,8960,8910,9200,8880,91190,9070
코스모화학,7860,7770,7880,7580,404286,7910
케이씨씨글라스,24450,24100,24500,22900,145213,24650
나노메딕스,5500,5330,5670,5310,1061938,5490
해태제과식품,6940,6840,6950,6740,30922,7010
무림P&P,3150,3125,3160,3055,279466,3250
예스코홀딩스,33300,33200,34000,32700,523,33750
성신양회,9100,7320,9350,6920,6048940,8250
효성ITX,16550,16300,16750,16150,116896,17400
KOSEF 국고채10년,125120,126145,126145,125060,11023,125040
유진투자증권,2010,1950,2010,1945,271448,2025
현대상사,14700,14450,14750,13550,162288,14750
코리아써키트,8020,7980,8050,7700,252372,8200
TIGER 미국나스닥100,47100,46305,47100,46305,69309,47965
신세계 I&C,108000,107000,108500,105500,3120,111000
신한 레버리지 WTI원유 선물 ETN(H),650,675,740,610,118650536,650
TIGER 차이나CSI300,8725,8600,8735,8540,398723,8720
코오롱글로벌,7450,7210,7450,7150,122930,7500
일신석재,2525,2400,2530,2250,9464709,2430
KISCO홀딩스,9910,9900,9950,9850,17866,10150
KINDEX 중국본토CSI300,23050,23105,23105,22715,4022,23100
QV 코스피 양매도 5% OTM ETN,9300,9300,9300,9300,0,9295
케이씨,13250,13150,13400,12950,53487,13700
티웨이항공,3930,3960,4355,3915,1406654,3930
선진,7210,7160,7210,6880,47395,7760
경보제약,7440,7430,7450,7300,33933,7700
KPX홀딩스,42850,43550,43550,42600,1095,43550
ARIRANG 단기유동성,111690,111695,111695,111690,2091,111705
일진홀딩스,3635,3610,3635,3505,156816,3685
대원강업,2920,2865,2935,2825,28444,2920
동부건설,8210,7900,8250,7630,64195,8270
한솔테크닉스,5370,5240,5370,5140,226004,5620
부국증권,17150,16850,17200,16500,5810,17400
KG케미칼,13150,12350,13400,12300,326358,13850
아세아,80100,79200,80500,77200,6756,81800
휴비스,5140,5160,5160,4950,151262,5190
아시아나IDT,15600,17650,18450,15450,1490830,16050
세화아이엠씨,2990,0,0,0,0,2990
S&T중공업,5300,5400,5400,5260,80283,5320
유니퀘스트,6370,5850,6420,5800,269466,6470
한국철강,3800,3870,3870,3650,77994,3825
한국금융지주우,29800,29650,29800,29200,41075,29850
삼성 인버스 2X 천연가스 선물 ETN,19085,18450,19220,18400,137812,17280
무학,5900,5910,5920,5740,63636,6020
세방,8580,8600,8600,8470,19570,8870
종근당바이오,30900,30000,31050,29500,48637,31100
동성코퍼레이션,3655,3450,3720,3450,136992,3750
한국화장품제조,36300,35250,36350,35050,92199,37550
KBSTAR 코스닥150,9890,9695,9890,9620,25317,9960
KINDEX 베트남VN30(합성),11055,10650,11075,10605,59183,11060
팜스코,4015,3890,4030,3855,80404,4590
AJ네트웍스,3440,3480,3480,3370,54949,3540
TIGER 중국소비테마,6165,6000,6165,5955,91431,6245
이수화학,9480,9620,9750,9210,467105,10800
KSS해운,6990,6900,6990,6820,29753,7100
부산산업,154000,146000,155500,141500,160497,154500
신한 레버리지 천연가스 선물 ETN(H),3515,3615,3635,3500,633681,3885
세원셀론텍,2640,2600,2655,2515,365395,2610
흥국화재,2455,2400,2480,2345,21650,2475
S-Oil우,37850,37200,37900,36950,20395,39200
신한 인버스 2X 천연가스 선물 ETN(H),8680,8405,8725,8380,344119,7875
유수홀딩스,6020,6000,6040,5860,18638,6040
한국패러랠,1955,1950,1955,1945,15877,1960
효성중공업,16300,16200,16400,15700,90967,16800
신성이엔지,870,876,877,851,712319,896
신성통상,1070,1030,1070,1015,1118185,1075
삼양통상,50200,50900,50900,49500,5788,51400
대성홀딩스,9720,9700,9980,9490,23628,9560
LS네트웍스,1925,1870,1945,1845,63942,1945
대한제강,6100,5920,6100,5830,64647,6200
신라교역,9330,9140,9330,9120,25069,9530
SIMPAC,2330,2315,2335,2240,46267,2330
CJ씨푸드,3850,3870,3950,3755,3577502,4220
대한제당,16550,16900,16900,16500,17921,16900
한신공영,13200,11950,13200,11950,62208,13050
노루페인트,7580,7450,8000,7340,2919374,7540
신한 인버스 2X WTI원유 선물 ETN(H),21185,15485,21185,15485,4176817,12550
HANARO 200TR,29250,28565,29300,28565,51,29515
사조산업,28150,27600,28200,27000,19891,29900
DB,710,704,717,668,955926,743
동아타이어,10900,10800,11000,10800,393,10850
DI동일,59400,58000,59600,57600,6065,60200
삼성전기우,51200,49500,51200,49000,27558,50700
TIGER 글로벌4차산업혁신기술(합성 H),11445,11500,11500,11290,57035,11610
TIGER 경기방어,10090,9855,10090,9855,9598,10310
TIGER 헬스케어,32140,31485,32330,31485,69416,32540
삼영전자,7160,7080,7190,6970,47075,7210
계룡건설,16100,15000,16100,14800,32591,16100
한국공항,43400,43550,44800,42500,90702,45200
코스맥스비티아이,14950,14550,15000,13750,43573,14850
이수페타시스,3365,3155,3410,3100,2920786,3435
LG우,42300,42300,42300,41000,3099,42750
신원,1650,1615,1660,1565,2843621,1655
한솔홀딩스,2970,2970,2970,2855,63636,2980
알루코,1905,1855,1910,1805,268288,1880
미래에셋 코스피 양매도 5% OTM ETN,9330,9330,9330,9330,0,9330
현대약품,4340,4220,4340,4190,308378,4360
현대차3우B,57100,55500,57200,55300,14148,57400
텔코웨어,14200,13650,14200,13650,29467,14250
대성산업,2955,2960,2995,2870,193791,3050
CJ제일제당 우,98500,99100,99100,97200,5169,103000
아모레G우,20800,20850,20850,20150,8900,21200
삼성물산우B,73000,71700,73500,70300,6101,73100
대우부품,2435,2370,2465,2320,3452605,2495
이아이디,215,211,215,210,4917527,214
삼일제약,17850,17550,17950,17250,28927,18000
KODEX 단기변동금리부채권액티브,101945,101945,101945,101945,0,101950
세아제강지주,27700,27500,27950,26950,7870,28000
자이에스앤디,4150,4100,4155,4030,79453,4255
세진중공업,2825,2800,2825,2700,98339,2965
강남제비스코,17600,16650,17700,16400,49311,17500
한진중공업홀딩스,3560,3800,4870,3315,11256291,3315
YG PLUS,1655,1540,1675,1515,1800647,1680
제이준코스메틱,2950,2965,2985,2850,401062,3005
두산솔루스1우,13250,13400,13600,12950,145053,13200
TIGER 200선물인버스2X,7155,7485,7595,7140,4038586,7040
제이에스코퍼레이션,7220,7300,7300,7090,56012,7280
대창,1070,1035,1070,1020,872750,1065
미원화학,43100,43100,43700,42900,2234,44100
윌비스,1510,1450,1650,1430,79744429,1515
우성사료,2950,2940,3030,2800,1034962,3095
삼화전기,14900,14050,14900,13900,72483,14450
DRB동일,3940,3900,3940,3830,7742,4795
세아특수강,10950,10900,10950,10550,6853,11150
일동홀딩스,8090,7920,8130,7880,4201,8250
키다리스튜디오,4890,4730,4890,4535,102189,5610
유니켐,1375,1345,1375,1320,387120,1405
크라운제과,7460,7500,7500,7300,37937,7580
세이브존I&C,2245,2270,2270,2190,37307,2300
KODEX 은선물(H),3220,3245,3255,3190,973199,3380
웅진,1040,1025,1055,1000,363806,1185
비상교육,7060,7170,7170,6850,97759,7200
조비,17700,16400,18000,16150,156316,18000
티웨이홀딩스,1210,1250,1330,1185,2390146,1215
콤텍시스템,1345,1255,1345,1245,1800140,1370
TIGER 미국S&P500레버리지(합성 H),13745,13600,13760,13090,148844,13975
NH프라임리츠,4855,4785,4855,4700,54812,4925
퍼스텍,1910,1965,2095,1900,7868636,1960
우리들휴브레인,2440,2440,2465,2375,790619,2550
세종공업,4010,4000,4010,3885,99676,4030
광명전기,2060,1940,2060,1930,718887,2090
SK이노베이션우,70200,70400,70400,69100,12028,72300
금호에이치티,3515,3605,3605,3380,47006,3500
호전실업,11250,11300,11300,11050,2053,11250
신흥,9260,9260,9450,9200,2884,9310
우리들제약,6430,6550,6580,6330,220390,6750
ARIRANG 코스피50,17830,17395,17830,17300,6560,17945
일진전기,2330,2260,2330,2190,123056,2375
무림페이퍼,2055,1985,2095,1980,127364,2115
다스코,5920,5570,5920,5310,241245,5710
KB 코스피 마운틴 ETN,8755,8755,8755,8755,0,8765
기신정기,2960,2960,2960,2920,28196,3000
서연이화,3195,3210,3220,3065,87863,3240
KEC,747,736,747,725,836367,750
웰바이오텍,2030,2030,2230,1980,2719464,2035
대호에이엘,3130,3060,3260,2940,4582653,3220
한창,2570,2515,2600,2400,4955213,2510
KODEX Fn성장,11190,10890,11190,10865,102,11280
테이팩스,18250,17500,18750,16900,51156,18400
계양전기,2535,2555,2555,2430,191808,2655
디와이파워,7580,7470,7620,7300,93669,7820
동성화학,15750,15650,15750,15150,12981,16050
그린케미칼,3370,3350,3420,3275,61737,3565
지엠비코리아,4320,4305,4360,4110,142449,4470
삼화왕관,39450,40000,40350,39400,502,39400
동방아그로,6060,6160,6220,6000,13340,6200
CJ우,36950,37000,37050,36050,9533,37150
지투알,4955,4855,4955,4780,10825,5060
KODEX KRX300,11825,11670,11885,11590,15961,11945
한미글로벌,7560,7350,7570,7170,40674,7600
KODEX 국고채3년,57670,57665,57695,56830,3274,57650
동일고무벨트,4655,4510,4720,4360,20677,6050
남성,2145,2125,2145,2045,420350,2280
삼원강재,2020,2025,2025,1920,8220,2050
조흥,134000,135000,136500,134000,173,136000
SK우,143500,142000,143500,138500,9066,144000
수산중공업,1555,1410,1575,1385,3060362,1510
KC그린홀딩스,3530,3505,3555,3445,78023,3630
대림씨엔에스,6270,6200,6290,5930,63981,6380
금호석유우,25900,25800,25950,25150,8115,26850
황금에스티,5790,5540,5800,5380,60751,5780
세원정공,8090,0,0,0,0,8090
일진디스플,2835,2805,2840,2725,200885,2850
한국내화,3450,3400,3475,3205,346825,3485
천일고속,55400,54400,55900,54400,308,55700
성보화학,3930,3840,3930,3840,19703,3970
대현,1740,1730,1740,1695,61056,1765
동양고속,26700,26000,26800,26000,2914,26900
신풍제약우,33550,29400,36650,29400,481156,35300
휴니드,5440,5610,5980,5390,1391461,5480
대유에이텍,717,712,728,690,184080,720
KODEX 미국S&P500선물(H),13215,13100,13215,12980,63554,13350
오리엔트바이오,739,735,763,705,1266447,754
한양증권,5920,5980,5980,5700,47275,6010
부국철강,4000,3700,4000,3605,731732,3820
범양건영,3155,3025,3155,2925,2790443,3065
화신,2145,2040,2150,2000,137425,2175
사조오양,7500,7340,7500,7000,93578,8060
ARIRANG 코스피TR,9300,9100,9300,9070,54,9430
대신증권2우B,7580,7500,7580,7420,29425,7580
유니온머티리얼,1765,1690,1830,1650,618664,1795
평화산업,1250,1260,1310,1220,1993907,1365
조광페인트,5900,5740,5900,5500,170783,5850
TIGER 부동산인프라고배당,4455,4355,4455,4350,1851500,4470
KTcs,1710,1670,1710,1645,258530,1745
유유제약,11400,11300,11450,11050,100871,11550
시디즈,35450,36550,36550,35250,3289,36600
한농화성,4475,4400,4540,4260,184372,4670
KBSTAR 단기국공채액티브,100860,100880,100880,100840,362028,100860
서연,3070,2885,3100,2865,188357,3090
KBSTAR 국고채3년선물인버스,99690,99590,99690,99590,6,99585
수출포장,17550,17400,17600,17250,4986,18000
방림,1705,1665,1710,1640,65536,1700
한솔홈데코,875,870,875,847,532818,889
영풍제지,3200,3130,3205,3075,53505,3225
금강공업,2875,2845,2875,2750,61224,2930
KODEX 미국달러선물,10855,10885,10910,10850,101219,10835
유양디앤유,1220,0,0,0,0,1220
TIGER 차이나HSCEI,12425,12245,12425,11900,2429,12490
동방,2090,1995,2150,1990,2703653,2115
두올,2585,2510,2625,2465,390959,2610
포스코강판,11650,11400,11850,11050,20470,11750
우진,3510,3400,3510,3360,215804,3475
남영비비안,1040,993,1045,991,1170766,1020
한국제지,13300,13350,13550,13150,28374,13900
KCTC,2305,2190,2310,2160,143029,2305
신영와코루,77500,77400,78700,75400,319,76600
사조씨푸드,3875,3875,3880,3725,99922,3980
대원전선,1005,975,1010,963,442298,1005
쎌마테라퓨틱스,6720,7060,7060,6700,263207,6770
MH에탄올,9580,8900,9590,8800,670612,9250
화천기공,29700,29600,29900,29150,2814,30600
대유플러스,626,616,628,610,289978,630
참엔지니어링,1280,1285,1285,1225,115535,1240
새론오토모티브,3465,3330,3475,3330,7780,3475
KBSTAR 200IT,9520,9185,9520,9185,1044,9490
유성기업,2530,2435,2540,2435,30300,2540
영화금속,1500,1360,1625,1350,11420879,1445
삼성 인버스 2X WTI원유 선물 ETN,21685,16500,21685,16140,19505137,13045
고려산업,2520,2395,2520,2345,393152,2610
한국석유,99000,94700,100000,92800,13237,99000
대림통상,4160,4145,4165,4000,5667,4250
경동인베스트,27350,27050,27350,26300,6735,27350
KODEX 2차전지산업,7435,7210,7435,7165,189822,7460
KTis,1795,1725,1795,1685,77432,1840
KBSTAR 금융채액티브,101500,101600,101600,101500,6,101535
KBSTAR 국채선물10년,56860,57265,57310,56800,22106,56765
미래산업,73,77,78,71,88673129,75
STX중공업,2120,2135,2140,2040,42231,2225
KBSTAR KQ고배당,10115,9855,10115,9805,7306,10295
가온전선,14850,14800,15000,14500,4814,14900
대창단조,21150,21250,21300,20750,10103,21600
대림B&Co,3590,3450,3590,3385,30018,3695
이건산업,5670,5500,5670,5350,81336,5610
화천기계,2730,2660,2910,2650,4865125,2775
KODEX MSCI Korea,12130,11985,12130,11985,22,12295
휴스틸,6820,6560,6820,6540,17368,6650
ARIRANG 코스피,19595,19165,19595,19035,792,19795
평화홀딩스,3190,3140,3190,2990,73876,3445
우진아이엔에스,6470,6470,6470,6230,17449,6600
NI스틸,1720,1675,1745,1645,77218,1750
미래아이앤지,377,382,384,373,1645694,383
한국프랜지,1625,1540,1625,1520,530160,1625
한국특수형강,1535,1550,1550,1460,89865,1525
대원화성,1180,1190,1190,1155,71669,1195
TRUE 레버리지 천연가스 선물 ETN(H),11095,11495,11495,11010,48613,12310
TIGER 중장기국채,53395,53520,53590,53395,386,53420
유엔젤,3545,3500,3690,3300,402551,3720
KB KTOP30 ETN,9675,9675,9675,9675,0,9745
동양피스톤,3500,3535,3565,3435,70152,3685
대교우B,2445,2420,2465,2400,202830,2495
삼성공조,5880,5800,5970,5730,13963,5950
폴루스바이오팜,1225,0,0,0,0,1225
신한 WTI원유 선물 ETN(H),1830,1920,1960,1790,1705779,2000
롯데지주우,47300,46300,47700,45000,6507,48250
KODEX 중국본토CSI300,10285,10105,10285,10055,13831,10345
부국증권우,15800,15950,15950,15700,749,15800
인터지스,1590,1585,1595,1520,26848,1590
유화증권우,2660,2660,2660,2620,20990,2690
KODEX 미디어&엔터테인먼트,12410,11930,12410,11930,5802,12660
ARIRANG 200동일가중,6770,6650,6770,6600,95065,6865
QV Big Vol ETN,9265,9265,9265,9265,0,9335
메타랩스,915,927,929,901,312291,891
삼성 코스피 풋매도 ETN,9200,9200,9200,9200,0,9310
KB KQ 우량주30 ETN,9235,9240,9240,9235,2,9235
한국종합기술,4185,3955,4185,3820,87267,4180
한신기계,1415,1380,1415,1360,196758,1410
미래에셋대우우,3235,3220,3245,3145,10984,3240
KB 코스피 양매도 5% OTM ETN,9120,9120,9120,9120,22,9120
두산퓨얼셀1우,3390,3450,3450,3315,50012,3395
TRUE 코스피 양매도 ATM ETN,9065,9060,9065,9060,2,9065
신풍제지,1270,1250,1270,1215,174925,1295
두산솔루스2우B,28450,28900,29300,28400,70850,27500
KODEX IT,12500,12190,12500,12050,36896,12495
선창산업,3420,3145,3460,3100,55817,3560
TRUE 코스피 양매도 3% OTM ETN,8900,8900,8900,8900,0,8920
티에이치엔,2475,2460,2495,2400,158899,2470
KODEX 200exTOP,8540,8500,8540,8470,34,8790
신한 인버스 WTI원유 선물 ETN(H),26825,24050,26825,23725,20271,21815
TIGER 국채3년,111400,111480,111480,111340,5934,111470
페이퍼코리아,1230,1215,1240,1175,144273,1235
덕성,2720,2610,2725,2585,153531,2760
문배철강,2115,2040,2125,1985,135500,2110
신송홀딩스,3555,3455,3585,3455,13623,3610
금호전기,3300,3365,3390,3030,99887,3330
KOSEF 국고채3년,112970,113070,113070,112970,815,112965
TIGER 200IT레버리지,20950,19895,20985,19425,67688,21070
QV 하드웨어 TOP5 ETN,16710,16710,16710,16710,0,16795
삼성 레버리지 China A50 선물 ETN(H),32915,32185,32915,31635,259,33170
TRUE 레버리지 나스닥 100 ETN,10730,10540,10755,10490,124262,11050
KODEX China H,20580,20150,20580,20050,3953,20650
미래에셋 전기전자 Core5 ETN,16455,16455,16455,16455,0,16455
진양폴리,2620,2515,2620,2460,194952,2785
TIGER 농산물선물Enhanced(H),3970,4035,4040,3965,38146,4030
두산2우B,31400,32050,32100,30900,552,31000
신한 금 선물 ETN(H),13535,13545,13595,13475,4800,13825
삼성 China A50 선물 ETN(H),13740,13740,13740,13740,0,13755
미래에셋 미국 항공우주 ETN(H),13655,13550,13655,13550,244,13745
씨아이테크,1110,973,1250,932,3129462,1140
삼화전자,2650,2580,2650,2485,98255,2620
KINDEX 삼성그룹섹터가중,9935,9785,9935,9700,503,10070
미래에셋 인버스 원유선물혼합 ETN(H),32530,29655,32530,29655,84651,27155
한성기업,4305,4210,4335,4210,27536,4370
KODEX 삼성그룹밸류,6430,6270,6430,6225,28821,6425
KINDEX 일본TOPIX인버스(합성 H),6435,6480,6505,6430,143177,6340
KINDEX 코스피,19500,18875,19500,18875,64,19695
동원금속,556,566,566,541,310195,568
삼성 미국 대형 성장주 ETN(H),12845,12820,12845,12820,16087,13265
미래에셋 미국 헬스케어 ETN(H),13225,13330,13330,13225,23,13225
경인전자,16500,16800,16800,16200,1310,16750
TIGER 미국다우존스30,14495,14010,14495,14010,18478,14610
한진칼우,48300,47750,50300,47000,73924,48700
QV 바이오 TOP5 ETN,12985,12960,16500,12625,8852,13050
ARIRANG 미국장기우량회사채,109250,108970,109250,108850,1614,108310
신한 레버리지 미국달러 선물 ETN,12980,12975,13085,12975,10859,12975
TIGER 일본TOPIX(합성 H),11630,11580,11640,11580,390,11795
태원물산,3395,3170,3655,3170,65763,3400
두산퓨얼셀2우B,8640,8690,8690,8420,15904,8580
성안,454,447,454,438,159130,450
ARIRANG 단기채권액티브,105025,105025,105025,105025,20,105035
미래에셋 중국 심천 100 ETN,12600,12600,12600,12600,200,12600
삼성 S&P500 VIX S/T 선물 ETN(H) B,34075,34680,35420,34000,52678,32980
한국전자홀딩스,516,519,523,505,28483,522
ARIRANG 단기우량채권,52845,52835,52845,52835,300,52850
삼성 KRX 금현물 ETN,11950,11970,12015,11940,24057,12120
삼성 바이오 테마주 ETN,12010,11745,12140,11745,416,12030
미래에셋 미디어엔터 Core5 ETN,11750,11750,11750,11750,0,12000
신화실업,19000,19450,19500,18650,2286,19650
TRUE 인버스 2X 천연가스 선물 ETN(H),26245,25685,26400,25500,25710,23855
ARIRANG 미국단기우량회사채,103625,103315,103775,103315,20,103155
미래에셋 미국 중형주 ETN(H),11835,11835,11835,11835,1,11835
대신 인버스 2X 니켈선물 ETN(H),12075,11845,12395,11585,4674,11775
미래에셋 일본 대형주 ETN(H),11735,11735,11735,11735,1,11735
QV 인버스 레버리지 WTI원유 선물 ETN(H),18995,14505,18995,14500,143857,11660
KOSEF 미국달러선물레버리지,10530,10565,10630,10520,11560,10485
TIGER 코스닥150선물인버스,7435,7610,7640,7405,865187,7365
유안타증권우,1770,1770,1790,1720,13699,1790
QV 스마트리밸런싱 260/4 ETN,11535,11535,11535,11535,0,11550
TIGER 미국달러단기채권액티브,10555,10560,10595,10540,56400,10545
미래에셋 미국 고배당주 ETN(H),11470,11470,11470,11470,4,11470
QV 레버리지 S&P500 ETN,11050,10905,11050,10800,208,11395
신한 인버스 2X 다우존스지수 선물 ETN(H),5810,5880,5970,5810,279207,5670
BYC우,105000,103000,105000,102000,112,105000
TIGER 코스피대형주,9495,9235,9495,9235,5589,9615
ARIRANG KS로우볼가중TR,9140,8990,9140,8920,50,9220
TIGER 200TR,13080,12815,13080,12740,937,13230
신한 인버스 구리 선물 ETN(H),11315,11255,11390,11255,73,11140
미래에셋 미국 시니어론 100 ETN,11165,11165,11165,11165,0,11120
청호컴넷,2340,2150,2340,2150,110000,2550
TIGER 로우볼,9090,8930,9090,8905,379,9185
TIGER 가격조정,18155,17725,18155,17670,303,18435
KINDEX 레버리지,3865,3665,3880,3650,289684,3935
SK디스커버리우,15400,15450,15450,14900,10288,15850
KODEX 국채선물10년인버스,45515,45510,45575,45510,154,45685
미래에셋 유럽 대형주 ETN(H),10535,10535,10535,10535,5,10685
모두투어리츠,2725,2705,2750,2655,7913,2730
KODEX TRF3070,10050,10075,10075,10035,7809,10110
미래에셋 일본 중형주 ETN(H),10575,10575,10575,10575,1,10575
TRUE 빅5 동일가중 ETN,10520,10450,10520,10445,4,10520
미래에셋 호주 ASX200 ETN(H),10500,10365,10530,10320,257,10520
삼성 화학 테마주 ETN,10315,10320,10425,10270,2800,10460
미래에셋 에너지화학 Core5 ETN,10365,10120,10365,10120,55,10460
에이리츠,5460,5370,5460,5370,11893,5490
LG하우시스우,19350,19000,19400,19000,1641,20150
신한 구리 선물 ETN(H),10135,10155,10195,10085,956,10395
미래에셋 유럽 중형주 ETN(H),10555,10555,10555,10555,0,10330
하이골드3호,1240,1230,1240,1220,19521,1275
세기상사,49650,48750,49700,48450,644,50500
QV KTOP30 ETN,10180,10180,10180,10180,0,10225
전방,11900,11650,11900,11600,570,12150
신한 레버리지 천연가스 선물 ETN,12365,12715,12775,12295,31957,13510
미래에셋 미국 시니어론 100 ETN(H),10210,10210,10210,10210,0,10110
에이엔피,234,237,241,229,605981,244
신한 인버스 2X 은 선물 ETN(H),11150,10930,11240,10880,46176,10095
대덕전자1우,5770,5690,5780,5660,5313,6030
태영건설우,7690,7450,7690,7310,32916,7760
대한항공우,17750,17850,18250,17200,46851,17850
지코,306,0,0,0,0,306
KODEX 국채선물10년,71560,72100,72145,71515,1853,71515
ARIRANG KS밸류가중TR,9295,9135,9295,9035,52,9385
ARIRANG 미국S&P500(H),11445,11215,11445,11215,30999,11540
TIGER 우량가치,8135,8110,8145,7980,1442,8355
세방우,5220,5200,5230,5100,55,5250
KINDEX 중기국고채,107525,107525,107525,107525,2,107550
신한 코스피 콘도르 6/10% ETN,9700,9700,9700,9700,1,9675
삼성 미국 중소형 성장주 ETN,9950,9950,9950,9950,0,9665
신한 코스피 월별 양매도 5% OTM ETN,9645,9645,9645,9645,0,9630
KINDEX 중국본토CSI300레버리지(합성),3300,3180,3305,3170,38563,3315
ARIRANG 200선물인버스2X,13955,14600,14795,13905,285137,13695
신한 코스피 월별 양매도 3% OTM ETN,9450,9450,9450,9450,0,9430
KOSEF 200선물레버리지,8805,8440,8850,8310,16321,8925
마이다스 200커버드콜5%OTM,11520,11520,11520,11520,0,11615
TIGER 200 헬스케어,20785,20680,20885,20570,9464,21110
미래에셋 원자재 선물 ETN(H),6010,6010,6010,5935,626,6190
TIGER 200 금융,4840,4795,4840,4695,1724,4855
KODEX 배당성장채권혼합,10240,10180,10240,10160,4358,10290
ARIRANG 고배당저변동50,7945,7850,7945,7765,2308,8050
삼성 코스피 풋매도 4% OTM ETN,9250,9250,9250,9250,0,9250
KODEX 심천ChiNext(합성),8955,8835,8975,8745,26284,8995
삼성 Alerian 에너지인프라 MLP ETN,4820,4900,4985,4820,969,5080
QV 의료 TOP5 ETN,7585,7550,7620,7550,357,7605
쌍용양회우,9970,9350,11250,8800,111116,9840
한국주강,1340,1335,1345,1300,40491,1340
TIGER 단기선진하이일드(합성 H),10840,10695,10850,10695,1203,10800
KBSTAR 중소형고배당,7560,7375,7560,7360,367,7700
QV 조선 TOP5 ETN,7320,7110,7320,7110,7,7500
TIGER S&P글로벌헬스케어(합성),14750,14740,14760,14475,1514,14940
신한 인버스 브렌트원유 선물 ETN(H),18745,16140,18745,16080,531544,14920
KINDEX S&P아시아TOP50,10930,10790,10930,10705,2176,11035
KODEX 건설,2225,2120,2225,2080,76323,2220
TIGER 코스피고배당,9255,8960,9255,8960,11023,9350
미래에셋 인버스 에너지화학 Core5 ETN,7860,7895,7895,7860,402,7420
KODEX 200 중소형,7315,7140,7315,7085,1312,7390
넥센타이어1우B,2250,2315,2315,2225,9209,2270
TRUE 섹터탑픽 ETN,7280,7225,7280,7225,3,7375
컨버즈,4100,0,0,0,0,4100
KODEX 미국달러선물인버스2X,8435,8420,8440,8370,45109,8470
TRUE 레버리지 유로스탁스50 ETN(H),7155,7045,7175,7015,25737,7325
삼성 미국 중소형 가치주 ETN,7290,7320,7320,7280,630,7290
KODEX 바이오,9450,9195,9450,9170,55504,9585
삼성 Cushing 에너지인프라 MLP ETN,4485,4510,4650,4450,25316,4835
미래에셋 인버스 미디어엔터 Core5 ETN,14880,14880,14880,14880,0,14450
KODEX 글로벌4차산업로보틱스(합성),10600,10590,10615,10450,6057,10670
ARIRANG KRX300,11865,11580,11865,11550,33,11920
삼성 온라인쇼핑 테마주 ETN,6960,6960,6960,6960,0,7130
KODEX 미국채울트라30년선물(H),14425,14360,14455,14335,17022,14215
QV 내수소비 TOP5 ETN,6585,6585,6585,6585,0,7035
QV CHINEXT ETN(H),7025,7025,7025,7025,0,7030
신한 인버스 2X 미국달러 선물 ETN,6975,6935,6975,6935,629,7005
신한 인버스 금 선물 ETN(H),7070,7075,7100,7045,6575,6920
신한 콩 선물 ETN(H),6765,6780,6790,6755,881,6905
삼성 미국 중소형 가치주 ETN(H),6845,6795,6845,6795,1231,6850
녹십자홀딩스2우,15900,15850,15900,15500,778,16100
FOCUS ESG리더스,6670,6575,6670,6575,4,6715
QV 건설 TOP5 ETN,6320,6320,6320,6320,0,6685
ARIRANG 미국나스닥기술주,14380,14795,14795,14125,12662,14790
KODEX 최소변동성,8665,8405,8665,8405,24832,8820
KBSTAR 채권혼합,54845,54520,54845,54455,12,55010
KODEX 코스피100,19910,19475,19910,19380,6265,20130
TRUE 인버스 2X 나스닥 100 ETN,6745,6815,6950,6725,220638,6500
삼성 미디어 테마주 ETN,6300,6300,6300,6300,0,6480
미래에셋 인버스 S&P500 ETN(H),6505,6600,6600,6505,1600,6470
신한 인버스 2X 구리 선물 ETN,13680,13565,13950,13565,2636,12920
TIGER 우선주,8610,8465,8610,8380,2988,8710
KODEX 미국S&P바이오(합성),24905,24715,25395,24715,3000,25485
삼성 인버스 2X 구리 선물 ETN(H),13370,13420,13685,13365,7292,12825
TIGER 배당성장,12400,12050,12400,12050,557,12545
KINDEX 미국WideMoat가치주,11510,11435,11510,11295,6112,11590
삼성 증권 테마주 ETN,6225,6190,6225,6190,2,6305
신한 인버스 다우존스지수 선물 ETN(H),6390,6385,6420,6355,5860,6240
KOSEF 국고채10년레버리지,138490,140865,140865,138490,914,138495
QV 레버리지 10년 국채선물 ETN,24750,24750,24750,24750,0,24615
대신 WTI원유 선물 ETN(H),2310,2360,2600,2310,539215,2455
QV 운송 TOP5 ETN,5895,5895,5895,5895,0,6090
TIGER 일본TOPIX헬스케어(합성),12165,12070,12165,12040,203,12140
삼성 인버스 China A50 선물 ETN(H),12200,12365,12365,12200,30006,12130
KBSTAR 모멘텀로우볼,10005,9750,10010,9725,2250,10095
신한 인버스 2X 천연가스 선물 ETN,13360,12945,13460,12925,55814,12085
QV 미국 IT TOP5 ETN(H),16565,16620,16620,16405,2165,17195
KOSEF 인도Nifty50(합성),10175,9975,10225,9730,38000,10450
SMART 선진국MSCI World(합성 H),11970,11970,11970,11970,60,11990
현대건설우,123000,114500,123500,112000,1267,121000
KODEX 200미국채혼합,11400,11320,11400,11270,6286,11435
TIGER 코스닥150IT,11285,10895,11285,10895,2294,11410
TRUE 인버스 2X S&P500 선물 ETN(H),6055,6130,6235,6035,298364,5880
TRUE 레버리지 엔선물 ETN B,11690,11640,11690,11640,15,11695
TIGER 미국S&P500선물인버스(H),6400,6455,6490,6400,84805,6310
삼성 음식료 테마주 ETN,5600,5500,5600,5500,58,5795
NPC우,2195,2195,2260,2180,12029,2170
TIGER 경기방어채권혼합,9390,9330,9390,9330,1900,9470
신한 천연가스 선물 ETN(H),3620,3655,3670,3600,34940,3775
일정실업,9120,9150,9150,8950,857,9430
신한 달러인덱스 선물 ETN(H),11235,11250,11250,11235,275,11250
TRUE 인버스 HSCEI ETN(H) B,11190,11300,11300,11190,3,11190
KOSEF 200 선물,11270,11055,11270,10945,73,11380
TRUE 코스피 커버드풋 ETN B,11200,11260,11260,11200,16,10985
TRUE 엔선물 ETN B,10950,10950,10950,10950,0,10970
삼성 인버스 2X 금 선물 ETN(H),11430,11350,11505,11290,39097,10920
TIGER 화장품,2960,2930,2965,2870,62366,3005
ARIRANG 우량회사채50 1년,107470,107475,107485,107465,174,107485
TIGER 200커버드콜ATM,8900,8740,8900,8740,116,8900
KBSTAR 고배당,8140,8060,8140,7915,1078,8195
TIGER 미국나스닥바이오,17570,17675,17735,17415,33942,17700
신한 옥수수 선물 ETN(H),5145,5185,5185,5125,57700,5295
TIGER 200 중공업,1940,1900,1940,1870,101503,1960
삼양홀딩스우,33850,33850,34200,33000,365,34500
ARIRANG 고배당주채권혼합,9485,9430,9485,9395,65,9530
파워 코스피100,19885,19435,19885,19345,64,20145
코오롱우,9690,9520,9760,9350,18332,9660
TIGER 인도니프티50레버리지(합성),8080,7720,8135,7600,54027,8550
미래에셋 인버스 전기전자 Core5 ETN,5170,5205,5205,5170,29,5125
TRUE 유로선물 ETN B,10270,10270,10270,10270,10,10225
TIGER 200커뮤니케이션서비스,17890,17460,17890,17460,134,18160
한화우,21200,20500,23200,20000,232389,21100
삼성 레저 테마주 ETN,4990,4990,4990,4990,0,5040
KINDEX 미국4차산업인터넷(합성 H),12135,12055,12180,12015,2150,12590
KINDEX 싱가포르리츠,9855,10035,10035,9810,7842,10030
KODEX TRF5050,9985,9975,9985,9890,480,10025
신한 코스피 콘도르 6/10% 콜 2204-01 ETN,10030,10050,10050,10030,3,10020
KODEX 헬스케어,14190,13825,14220,13825,81398,14300
KODEX TRF7030,9915,9895,9915,9740,1687,9955
ARIRANG KS로우사이즈가중TR,9740,9555,9740,9485,51,9845
삼양사우,24200,25900,25900,23650,2271,26350
KODEX 모멘텀Plus,8730,8445,8730,8445,536,8840
TRUE 인버스 유로선물 ETN B,9670,9670,9670,9670,0,9720
신한 코스피 월별 양매도 5% 콜 2206-1 ETN,9730,9720,9730,9720,11,9710
KINDEX 모닝스타싱가포르리츠채권혼합,9480,9455,9490,9455,25,9680
KINDEX 밸류대형,5995,5880,5995,5845,536,6035
QV 인버스 레버리지 MSCI 선진국 ETN,14190,14375,14800,14190,367,13795
QV 제약 TOP5 ETN,4760,4805,5060,4705,930,4825
KINDEX 인도네시아MSCI(합성),6705,6470,6720,6400,6885,6865
TRUE 인버스 유로스탁스50 ETN(H) B,9765,9710,9800,9710,2665,9610
KODEX S&P글로벌인프라(합성),9575,9520,9600,9520,153,9710
넥센우,2675,2680,2680,2650,49,2655
남선알미우,31650,31100,31650,30700,7797,30950
SK증권우,2430,2360,2430,2305,11639,2435
HANARO 200선물인버스,16005,16360,16440,16005,10484,15845
대신 인버스 아연선물 ETN(H),13465,13495,13495,13465,30,13580
신한 코스피 월별 양매도 3% 콜 2206-1 ETN,9485,9485,9485,9485,11,9475
계양전기우,6730,6620,6740,6230,65097,6760
신한 코스피 콘도르 4/10% 콜 2204-01 ETN,9450,9485,9485,9450,21,9430
KOSEF 블루칩,6595,6520,6605,6455,6383,6720
덕성우,6600,6240,7250,6170,195598,6700
KTOP 코스피50,18130,17690,18130,17620,113,18280
삼성 레버리지 은 선물 ETN(H),8400,8525,8590,8300,131908,9200
TIGER 일본니케이225,13030,13195,13195,12815,650,13140
TRUE 인버스 2X HSCEI ETN(H),9400,9715,9715,9370,701,9190
KOSEF 200선물인버스2X,6970,7265,7345,6910,175813,6830
신한 인버스 달러인덱스 선물 ETN(H),9020,9025,9025,9020,15,9020
ARIRANG 200선물레버리지,17730,17005,17735,16725,68464,18025
TIGER 원유선물인버스(H),27005,25000,27005,24100,52368,20025
대신 인버스 철광석 선물 ETN(H),4500,4570,4580,4500,11589,4500
TRUE 인버스 엔선물 ETN B,8985,8985,8985,8985,0,8985
TIGER 일본엔선물,11355,11365,11375,11265,465,11220
KODEX 미국채10년선물,12800,12860,12865,12800,18288,12730
KINDEX 스마트로우볼,11025,10820,11025,10820,20,11135
QV 인버스 MSCI 선진국 ETN,12960,13100,13100,12960,259,12690
코리아써우,2940,2995,3000,2920,3732,2990
태양금속우,2630,2670,2670,2530,36144,2685
TIGER 미국달러선물레버리지,11095,11085,11195,11085,2862,11065
유유제약1우,7830,7790,7870,7520,11924,7780
KODEX KRX300레버리지,7795,7500,7835,7400,28807,7945
KODEX MSCI밸류,7855,7665,7855,7665,33,7920
TRUE 인버스 나스닥 100 ETN,8850,8920,8980,8850,3818,8710
KODEX 성장투자,8310,8135,8310,8100,37,8385
KODEX 철강,5110,5090,5110,5010,3171,5125
TIGER 국채선물10년인버스,46710,46710,46710,46710,0,46910
QV 레버리지 WTI원유 선물 ETN(H),1250,0,0,0,0,1250
KOSEF 코스닥150선물레버리지,3135,2915,3155,2915,12379,3190
TIGER 의료기기,12330,12350,12570,12320,2037,12460
신한 레버리지 구리 선물 ETN,7095,7175,7185,7000,6947,7460
한화투자증권우,1555,1530,1560,1500,22974,1550
HANARO e커머스,9575,9325,9580,9305,6642,9885
대원전선우,2800,2615,2800,2610,68368,2810
TIGER 구리실물,5845,5800,5880,5790,3340,5965
SMART 중국본토 중소형 CSI500(합성 H),4050,3960,4055,3960,263,4050
TIGER 차이나항셍25,15955,15955,15955,15550,12973,16090
KOSEF 코스피100,19875,19520,19875,19265,2440,20075
TIGER 200에너지화학레버리지,5360,5200,5360,5000,25643,5545
KINDEX 삼성그룹동일가중,11875,11675,11875,11615,67,12000
서울식품우,3195,3030,3200,3030,44069,3225
KODEX KRX300선물인버스,10380,10465,10600,10380,797,10210
KBSTAR 내수주플러스,8370,8190,8370,8130,137,8500
KBSTAR KRX300미국달러선물혼합,10135,9895,10135,9820,4611,10195
KINDEX 스마트하이베타,8860,8685,8860,8685,22,8920
KODEX 200ESG,8805,8605,8805,8540,1056,8890
KBSTAR 헬스케어,10725,10655,10845,10655,1283,10910
KODEX 미국S&P산업재(합성),13045,13060,13060,12940,749,13145
깨끗한나라우,18800,18700,18850,18150,4145,19100
KOSEF 200선물인버스,9020,9220,9245,8970,5439,8920
KBSTAR 팔라듐선물(H),11535,11485,11535,11355,142952,11590
삼성 인버스 2X 은 선물 ETN(H),7685,7560,7740,7470,26019,6950
KINDEX 러시아MSCI(합성),21880,22010,22095,21445,10526,22950
KBSTAR V&S셀렉트밸류,9690,9540,9690,9490,51,9830
KOSEF 저PBR가중,9560,9430,9560,9315,368,9740
CJ씨푸드1우,32350,32250,32450,31550,3624,33700
KINDEX 스마트밸류,9525,9340,9525,9340,20,9615
KINDEX 미국다우존스리츠(합성 H),66245,67000,67000,65540,173,66285
TIGER 코스닥150바이오테크,9445,9060,9450,9060,8164,9465
ARIRANG 국채선물3년,53120,53120,53120,53120,29,53155
하나니켈2호,1630,1215,1630,1195,4641209,2000
성신양회우,9800,8200,10200,7750,439018,8900
KBSTAR 코스닥150선물인버스,7675,7840,7890,7650,57087,7625
삼성 레버리지 구리 선물 ETN(H),6110,6175,6385,5960,64510,6455
QV MSCI 선진국 ETN,9225,9225,9225,9225,0,9135
TIGER 중장기국채선물인버스2X,45375,45360,45380,45360,6,45530
KBSTAR 차이나H선물인버스(H),11645,11700,11800,11600,3334,11585
크라운해태홀딩스우,10300,10050,10300,9740,7114,10500
KBSTAR 모멘텀밸류,8940,8680,8940,8635,68,8980
신한 인버스 2X 금 선물 ETN,6535,6535,6635,6495,37212,6270
TIGER 일본엔선물인버스,8855,8865,8865,8855,601,8890
TREX 펀더멘탈 200,24695,24695,24695,24695,1,24880
파워 중기국고채,103130,103130,103130,103130,0,103095
마이티 200커버드콜ATM레버리지,6620,6570,6620,6570,42,6840
KODEX 200동일가중,7475,7390,7475,7390,505,7695
TIGER 200 건설,1865,1815,1865,1755,86515,1875
KBSTAR KRX국채선물3년10년스티프너2X,50770,50590,50770,50590,7,50790
KBSTAR KRX국채선물3년10년스티프너,50520,50430,50520,50430,9,50500
KBSTAR V&S셀렉트밸류채권혼합,10060,9995,10060,9975,208,10095
하이트진로홀딩스우,12600,12200,13050,12000,1463,12800
ARIRANG 국채선물10년,57915,58140,58145,57870,253,57675
KODEX 3대농산물선물(H),6985,7050,7070,6975,20400,7130
KBSTAR KRX국채선물3년10년플래트너,49945,50035,50035,49945,6,49895
삼성중공우,51700,49150,51800,49150,983,52100
TIGER KRX300선물인버스,10050,10265,10305,10050,271,9950
KBSTAR KRX국채선물3년10년플래트너2X,49590,49845,49845,49590,6,49600
TIGER 유로스탁스배당30,8375,8010,8435,8010,6729,8495
현대비앤지스틸우,54600,55900,55900,52200,1065,54000
ARIRANG 스마트베타Quality채권혼합,9835,9785,9835,9745,450,9880
KODEX FnKorea50,7180,7095,7180,7060,331,7365
KINDEX 인버스,8500,8700,8750,8500,49644,8410
동원시스템즈우,21700,22400,22400,21500,453,22150
KBSTAR 중국MSCI China선물(H),10410,10270,10480,10270,29,10615
KODEX 콩선물(H),7140,7210,7210,7120,4525,7250
KBSTAR 200생활소비재,7430,7260,7430,7185,1008,7610
TIGER MSCI KOREA ESG유니버설,7635,7395,7635,7365,23,7650
KBSTAR ESG사회책임투자,8170,7970,8170,7930,6,8190
파워 고배당저변동성,20715,20380,20715,20280,141,21135
ARIRANG S&P글로벌인프라,9325,9100,9800,9100,319,9500
대신 인버스 니켈선물 ETN(H),8215,8070,8255,8065,55,8140
KINDEX 일본TOPIX레버리지(H),11260,11250,11665,11010,2391,11375
HANARO 코스닥150선물레버리지,6360,6110,6385,6025,14159,6455
성문전자우,9390,9580,9580,9090,23746,9440
TIGER 200커버드콜5%OTM,11310,11310,11310,11310,10000,11310
KODEX 한국대만IT프리미어,11275,11065,11275,11000,8251,11305
TIGER 금은선물(H),9145,9150,9180,9070,7918,9350
KODEX 퀄리티Plus,7845,7650,7845,7650,15,7975
KINDEX 코스닥(합성),9075,9070,9075,9070,2,9230
TIGER 베타플러스,10600,10600,10600,10600,0,10600
TIGER KRX300레버리지,7730,7450,7730,7355,613,7850
노루페인트우,12550,11000,13700,11000,353158,11700
TIGER 대형성장,8190,8050,8190,8050,6,8305
KBSTAR 200선물인버스,9005,9190,9255,8985,6557,8925
ARIRANG 미국다우존스고배당주(합성 H),10035,9830,10035,9830,10288,10065
코오롱글로벌우,16950,17200,17200,16450,3225,17000
대신 아연선물 ETN(H),7615,7615,7615,7565,403,7560
TIGER 일본엔선물인버스2X,7500,7455,7525,7455,1531,7550
TIGER 미디어컨텐츠,4700,4590,4700,4515,4742,4715
삼성 건축자재 테마주 ETN,2570,2570,2570,2570,0,2600
ARIRANG 코스닥150선물인버스,11500,11810,11845,11500,59874,11430
KODEX 경기소비재,8380,8330,8380,8225,192,8550
KODEX 기계장비,3120,3070,3120,3035,5578,3165
TIGER 지주회사,9130,9125,9130,9125,3,9240
KODEX 국채선물3년인버스,49705,49705,49705,49705,0,49715
KINDEX 배당성장,24905,24580,24905,24290,25,25230
KBSTAR 200고배당커버드콜ATM,7100,7080,7100,7060,102,7155
TIGER MSCI KOREA ESG리더스,7130,7030,7130,7020,14,7250
TIGER 이머징마켓MSCI레버리지(합성 H),6975,6730,6975,6730,1252,7120
QV 레버리지 MSCI 선진국 ETN,7010,6955,7010,6955,77,7105
KINDEX 국채선물3년인버스,99340,99340,99340,99340,1,99340
KBSTAR 게임테마,8715,8495,8715,8405,244,8855
TIGER 대만TAIEX선물(H),12915,12860,12915,12655,521,12920
ARIRANG KRX300산업재,8295,8130,8295,8025,54,8400
TIGER 200 생활소비재,9795,9520,9795,9500,591,10090
한양증권우,7090,6910,7090,6800,674,7260
KBSTAR 국채선물10년인버스,46225,45845,46225,45845,7,46215
KBSTAR KQ모멘텀로우볼,8410,8265,8410,8265,6,8400
KOSEF 코스닥150선물,6340,6220,6340,6180,14,6390
KODEX 골드선물인버스(H),7695,7710,7725,7665,18040,7525
TIGER 라틴35,2280,2375,2375,2210,60263,2330
신한 브렌트원유 선물 ETN(H),2850,3640,3640,2690,748600,3705
흥국화재우,4750,4750,4835,4650,20498,4820
JW중외제약2우B,41600,40300,42400,39550,1690,40850
TIGER 코스닥150로우볼,10780,10780,10780,10780,1,10780
KODEX 밸류Plus,5930,5795,5930,5795,58,6075
TIGER 200 철강소재,5215,5310,5310,5180,1593,5355
TIGER 증권,2870,2820,2870,2795,2440,2890
KG동부제철우,66100,69700,71900,65900,1191,65800
KBSTAR KQ모멘텀밸류,7740,7560,7740,7555,17,7790
코리아써키트2우B,4430,4425,4495,4425,31,4425
KBSTAR 200건설,7515,7200,7515,7110,7,7505
신원우,37200,38750,38750,35300,3781,37950
KBSTAR 200경기소비재,6600,6440,6600,6335,8,6600
KBSTAR 200산업재,6845,6775,6845,6695,12,6860
KBSTAR 팔라듐선물인버스(H),6900,6970,7005,6895,25363,6855
TIGER 대형가치,7460,7365,7460,7360,8,7560
TIGER 은행,5045,4950,5045,4905,2834,5025
KODEX MSCI EM선물(H),6995,6875,7010,6875,146,7105
노루홀딩스우,17850,17750,17900,17550,1238,17250
KBSTAR 중소형모멘텀밸류,7790,7665,7790,7615,5,7850
흥국화재2우B,19550,19150,19650,18800,8463,20400
TIGER K게임,7650,7500,7655,7440,174,7805
파워 스마트밸류,10050,9885,10050,9755,62,10160
ARIRANG 스마트베타 Quality,7360,7385,7385,7255,84,7545
TIGER 200 산업재,3730,3700,3730,3670,135,3770
KBSTAR 미국장기국채선물인버스2X(합성 H),5390,5375,5410,5365,998,5455
동양우,4870,4930,4935,4760,6860,4850
유유제약2우B,17400,17000,17400,16600,794,17650
ARIRANG 스마트베타 Value,6760,6650,6760,6585,57,6870
TREX 중소형가치,5980,5825,5980,5825,18,6075
ARIRANG 선진국MSCI(합성 H),8215,8265,8265,8110,1615,8295
동양2우B,8630,8490,8630,8350,914,8560
KBSTAR 200철강소재,5050,5015,5050,4950,17,5070
ARIRANG 스마트베타 LowVOL,7370,7215,7370,7185,57,7465
KBSTAR 중소형모멘텀로우볼,7380,7245,7380,7210,7,7465
동양3우B,28100,28400,28500,27000,77,27800
KBSTAR 200금융,5915,5910,5920,5745,412,5915
TIGER 금속선물(H),4010,4015,4015,4000,180,4085
ARIRANG ESG우수기업,6610,6485,6610,6455,41,6700
ARIRANG KRX300IT,11460,11155,11460,11080,56,11450
KBSTAR 200에너지화학,6470,6385,6470,6325,6,6585
ARIRANG KRX300금융,6825,6760,6825,6670,356,6870
ARIRANG 스마트베타 Momentum,6850,6680,6850,6665,33,6925
ARIRANG KRX300자유소비재,8785,8625,8785,8525,24,8830
KBSTAR 일본TOPIX레버리지(H),10780,10830,10830,10540,288,11000
KODEX MSCI모멘텀,7970,7905,7970,7905,6,8215
KINDEX 멕시코MSCI(합성),6100,6220,6220,5990,1258,6150
대상홀딩스우,5200,5180,5220,5150,421,5380
KINDEX 스마트퀄리티,12115,11850,12115,11850,20,12240
KODEX 구리선물(H),4365,4345,4385,4275,11894,4450
TIGER 방송통신,7470,7410,7505,7365,2119,7640
HANARO 농업융복합산업,7865,7730,7865,7650,98,8070
KINDEX 필리핀MSCI(합성),12020,11850,12020,11815,65,12045
KODEX 가치투자,7865,7780,7865,7765,571,8005
크라운제과우,6010,5990,6040,5780,8610,6190
KBSTAR 우량업종,7920,7770,7920,7725,3560,7935
마이티 코스피고배당,9275,9275,9275,9275,0,9300
TIGER 200 경기소비재,10660,10455,10660,10250,373,10730
KODEX China H선물인버스(H),11790,11840,11980,11790,4110,11745
DB하이텍1우,41050,41300,41300,39100,1012,41800
금강공업우,7820,7770,7840,7530,2920,7900
KINDEX 국채선물10년인버스,92215,92215,92215,92215,0,92605
KINDEX 한류,5580,5445,5580,5415,65,5690
KODEX 멀티에셋하이인컴(H),9010,9035,9035,8925,430,9070
동부건설우,20600,19300,20800,19300,381,20000
KBSTAR 미국장기국채선물인버스(H),7435,7455,7490,7435,176,7520
ARIRANG 코스닥150,9925,9690,9925,9665,1402,9980
KBSTAR 200커뮤니케이션서비스,11005,10720,11005,10655,175,11220
TIGER S&P글로벌인프라(합성),8875,8735,8885,8735,48,8940
ARIRANG KRX300헬스케어,9985,9825,10065,9825,321,10080
TIGER LG그룹+펀더멘털,6070,5920,6070,5920,306,6140
JW중외제약우,25850,24750,27100,24150,16911,25550
TIGER 중소형,7280,7210,7280,7210,4,7280
흥국 S&P코리아로우볼,7975,7870,7975,7870,3,8070
KBSTAR 수출주,7170,7060,7170,6995,22,7215
TIGER 200동일가중,7570,7540,7570,7540,3,7760
TIGER 여행레저,4120,3985,4120,3985,31232,4130
진흥기업우B,4920,4840,4935,4815,6979,4900
TIGER 현대차그룹+펀더멘털,12195,11920,12195,11755,2996,12260
TIGER 지속배당,10435,10215,10435,10215,3,10560
TIGER 중소형가치,7165,7075,7165,7075,28,7355
ARIRANG 심천차이넥스트(합성),8810,8700,8810,8700,741,8765
SK네트웍스우,73000,72900,73600,72000,885,76500
KODEX 미국러셀2000(H),7795,7800,7805,7690,18629,7865
KBSTAR 차이나HSCEI(H),10815,10600,10815,10600,179,10810
KBSTAR IT플러스,11960,11610,11960,11540,119,11990
하나니켈1호,292,227,292,212,16759845,379
TIGER 글로벌자원생산기업(합성 H),8330,8520,8520,8330,5721,8595
KBSTAR 미국장기국채선물레버리지(합성 H),15900,15670,15965,15670,1928,15600
HANARO KAP초장기국고채,50240,50740,50765,50205,335,50365
TRUE 코스피 커버드콜 ETN B,8460,8380,8460,8380,150,8550
KODEX 게임산업,9400,9090,9400,9090,2898,9490
KODEX 미국S&P에너지(합성),4710,4690,4750,4645,78002,5040
KODEX MSCI퀄리티,9220,9220,9220,9220,13,9470
TRUE 레버리지 HSCEI ETN(H),8355,8180,8365,8175,624,8520
KODEX 턴어라운드투자,8280,8245,8280,8125,531,8510
금호산업우,29250,31000,32300,28450,17919,29100
TIGER 일본엔선물레버리지,12160,12165,12195,12070,10085,12055
일양약품우,18800,19000,19000,18600,3302,18800
KOSEF 미국달러선물인버스,9760,9810,9815,9760,208,9840
KOSEF 고배당,6070,5970,6070,5940,2601,6115
KODEX 보험,4985,4925,4985,4890,1077,5135
ARIRANG 중형주저변동50,7305,7200,7305,7120,261,7465
삼성 모멘텀 탑픽 ETN,4040,4030,4040,4030,400,4105
TIGER KTOP30,6395,6320,6395,6235,1016,6520
KODEX 미국달러선물인버스,9410,9400,9420,9375,10547,9430
대신 니켈선물 ETN(H),11430,11610,11655,11300,1867,11560
TIGER 유로스탁스레버리지(합성 H),4950,4850,4950,4780,49337,5055
동북아13호,5040,5040,5040,5040,0,5040
KBSTAR KRX300레버리지,7815,7465,7840,7350,5632,7985
TIGER 국채선물3년인버스,49705,49705,49705,49705,0,49715
동북아12호,5000,5000,5000,5000,0,5010
마이티 코스피100,19210,19210,19210,19210,0,19755
TIGER 골드선물(H),12835,12830,12895,12775,30199,13110
KBSTAR 주식혼합,31230,30770,31230,30700,5,31425
KINDEX 스마트모멘텀,11090,10830,11090,10820,22,11175
삼성 화장품 테마주 ETN,3840,3750,3840,3750,10,3905
대신 2X 아연선물 ETN(H),3865,3625,3885,3625,13278,3905
KOSEF 배당바이백Plus,11015,10830,11015,10710,56,11135
ARIRANG 주도업종,6920,6735,6920,6705,48,7040
TIGER 중장기국채선물인버스,48060,48060,48060,48060,0,48210
TRUE 코스피 타겟볼20 ETN,7680,7680,7680,7680,0,7710
TIGER 삼성그룹펀더멘털,7945,7955,7955,7825,746,8200
KODEX 일본TOPIX100,12665,12815,12815,12545,1341,12770
KBSTAR 미국장기국채선물(H),12895,12800,12905,12800,1437,12755
미래에셋 원유선물혼합 ETN(H),5980,7500,7500,5980,198021,7605
KINDEX 일본Nikkei225(H),12580,12600,12600,12335,125,12650
대한제당우,11450,11400,11600,11350,684,11700
HANARO KRX300,11655,11615,11655,11615,44,11895
신한 USD K200 선물 바이셀 ETN,9195,9460,9460,9195,361,9130
TREX 200,25785,25140,25785,25095,43,26045
신한 인버스 2X S&P500 선물 ETN,9325,9415,9600,9265,53376,9015
FOCUS KRX300,11920,11650,11920,11650,2,12015
삼성 미국 중소형 성장주 ETN(H),8990,8990,8990,8990,57,8990
삼성 미국 대형 가치주 ETN,8915,8865,8915,8865,457,8990
신한 코스피 콘도르 4/10% ETN,9015,9015,9015,9015,0,8980
HANARO 200선물레버리지,10675,10250,10700,10100,5278,10880
신한 은 선물 ETN(H),8555,8605,8625,8505,6569,8975
신한 인버스 은 선물 ETN(H),9370,9300,9385,9275,6026,8900
미래에셋 레버리지 원유선물혼합 ETN(H),1600,1745,1745,1520,2330212,1600
KODEX 미국FANG플러스(H),13645,13500,13665,13410,106296,13980
대신 2X 니켈선물 ETN(H),8540,8965,8965,8235,90202,8680
TRUE 인버스 2X 유로스탁스50 ETN(H),8840,8950,9000,8780,60221,8620
QV 롱숏 K150 매수 로우볼 매도 ETN,8475,8475,8475,8475,0,8575
하이트진로2우B,15100,15000,15150,14600,1196,15150
KODEX 자동차,10585,10555,10660,10320,55702,10685
남양유업우,100000,103000,103000,97000,714,102000
미래에셋 글로벌 리츠 ETN(H),8475,8475,8475,8475,17,8490
TIGER 미국달러선물인버스2X,8445,8440,8450,8380,2739,8485
삼성 미국 대형 가치주 ETN(H),8285,8335,8335,8285,3104,8430
신한 레버리지 S&P500 선물 ETN,8225,8110,8245,8015,24956,8425
HANARO 고배당,7220,7155,7220,7065,195,7310
QV 인버스 레버리지 10년 국채선물 ETN,16550,16550,16550,16550,0,16775
미래에셋 미국 리츠 ETN(H),8460,8460,8460,8460,0,8365
TIGER 모멘텀,16175,16030,16175,16030,36,16385
QV 화학 TOP5 ETN,7920,7920,7920,7920,2,8345
미래에셋 Q150 Core5 ETN,8045,8045,8045,8045,0,8265
KODEX Fn멀티팩터,8925,8750,8925,8740,161403,9040
대상우,11600,11950,11950,11550,1968,11850
신한 K200 USD 선물 바이셀 ETN,7985,7990,7990,7985,2,7985
KINDEX 골드선물 레버리지(합성 H),17240,16955,17300,16955,31131,17700
KBSTAR 글로벌4차산업IT(합성 H),12810,13125,13125,12605,6304,13240
TRUE 코리아프리미어 ETN,7910,7900,7910,7900,2,7910
KODEX KTOP30,12995,12770,12995,12685,683,13150
QV 에너지 TOP5 ETN,7595,7595,7595,7595,2,7880
KODEX WTI원유선물인버스(H),37445,36000,37445,32300,2593684,30000
하이트론,2735,2650,2860,2515,76038,2845
KODEX 미국S&P고배당커버드콜(합성 H),7855,7670,7855,7670,9091,7820
신한 레버리지 다우존스지수 선물 ETN(H),15985,15820,16020,15555,71534,16420
진양화학,2690,2630,2690,2600,144736,2710
HANARO 코스닥150,9870,9475,9910,9475,2530,9960
에쓰씨엔지니어링,1260,1275,1305,1250,36124,1295
KODEX 200가치저변동,6965,6740,6965,6740,1439,7015
KODEX China H 레버리지(H),5735,5650,5735,5520,51552,5825
TRUE 레버리지 S&P500 선물 ETN(H),10455,10340,10455,10155,21041,10670
삼성 레버리지 금 선물 ETN(H),30580,30640,30915,30320,55239,31885
미래에셋 레버리지 S&P500 ETN(H),15340,15160,15340,15160,212,15930
WISCOM,2025,2030,2035,1990,17826,2075
티탑스,5140,5130,5290,4820,181172,5350
성문전자,1570,1585,1600,1520,153424,1620
KBSTAR 중장기국공채액티브,102825,102880,102880,102790,8,102750
KBSTAR 중국본토대형주CSI100,16300,15925,16300,15925,2283,16310
TBH글로벌,1475,1445,1475,1415,35965,1485
TIGER 반도체,23085,22310,23115,22300,17717,23340
KOSEF 코스닥150,4955,4860,4955,4815,120,4985
진도,2360,2320,2395,2280,43460,2430
흥아해운,258,0,0,0,0,258
KODEX 필수소비재,8065,7895,8065,7810,13147,8335
신한 인버스 천연가스 선물 ETN(H),15665,15415,15680,15415,1712,14950
인팩,2985,3020,3025,2950,8250,2990
QV 소프트웨어 TOP5 ETN,14270,14270,14270,14270,90,14945
키위미디어그룹,150,0,0,0,0,150
하이골드12호,2235,2220,2250,2200,36662,2260
ARIRANG KS모멘텀가중TR,9795,9555,9795,9525,50,9890
덕양산업,880,891,896,871,85011,888
동일제강,1885,1890,1890,1800,114364,1920
미래에셋 미국 대형주 ETN(H),14215,14215,14215,14215,3,14390
우진플라임,2830,2820,2870,2755,13387,2870
한솔PNS,1350,1310,1350,1295,81081,1400
ARIRANG 코스피중형주,7215,7100,7215,7070,63088,7300
이스타코,640,628,650,627,89266,661
삼성 미국 대형 성장주 ETN,13735,13675,13760,13675,1212,14155
웅진에너지,914,0,0,0,0,914
ARIRANG KS퀄리티가중TR,10330,10100,10330,10040,50,10425
신한 다우존스지수 선물 ETN(H),13765,13630,13765,13560,5752,13930
KOSEF 미국달러선물,13090,13115,13140,13075,18977,13080
KODEX 반도체,22680,21970,22680,21845,47528,22755
코오롱인더우,14950,14500,14950,14200,30080,15050
KBSTAR 미국S&P원유생산기업(합성 H),1950,1950,1960,1930,2399738,2135
TIGER 레버리지,9215,8720,9265,8710,646619,9400
동원수산,8550,8460,8550,8240,65311,8850
삼영화학,1140,1050,1190,1040,798379,1210
TIGER 차이나CSI300인버스(합성),10750,10925,11000,10750,134357,10685
KOSEF 단기자금,101430,101425,101435,101425,49803,101440
KOSEF Fn중소형,14705,14390,14705,14300,20055,14995
ARIRANG 신흥국MSCI(합성 H),8665,8895,8895,8480,10051,8810
국보,1605,1545,1665,1545,394382,1645
삼아알미늄,3630,3475,3630,3390,28765,3645
베트남개발1,285,286,287,281,126383,290
TIGER 소프트웨어,9420,9150,9440,9070,125881,9605
TCC스틸,1725,1705,1725,1630,29192,1720
케이비아이동국실업,599,598,599,583,101884,599
KODEX 증권,4925,4835,4925,4790,51343,4930
KR모터스,794,807,807,750,383859,832
바다로19호,2585,2575,2590,2570,29311,2590
조일알미늄,552,550,556,545,53603,559
진양산업,2965,2910,2965,2850,182504,3015
SJM,2415,2370,2435,2300,22060,2505
롯데칠성우,49500,49850,49850,48150,1755,50200
태양금속,1070,1045,1070,1025,203944,1055
대동전자,3670,3630,3775,3515,12507,3680
QV WISE 배당 ETN,7555,7555,7555,7555,0,7630
SJM홀딩스,2470,2470,2480,2430,3747,2550
호텔신라우,50500,50300,50500,49200,2445,50400
한세엠케이,2865,2790,2865,2745,5300,2935
형지엘리트,1160,1150,1175,1115,186371,1210
KBSTAR 국고채3년,113505,113600,113600,113470,40,113500
케이탑리츠,804,806,807,785,213409,808
TIGER 코스피중형주,9885,9620,9885,9620,613,10030
한솔로지스틱스,1310,1300,1315,1260,526196,1345
신한 레버리지 금 선물 ETN,17575,17660,17805,17500,76187,18300
이화산업,12500,12350,12600,12350,958,13050
KODEX 미국달러선물레버리지,10990,11035,11085,10980,287031,10945
KBSTAR 200선물인버스2X,6975,7300,7385,6950,870859,6850
QV S&P500 VIX S/T 선물 ETN B,36775,44700,44700,36775,1636,36000
대신 철광석 선물 ETN(H),17675,16060,17675,16060,212,17825
코아스,1150,1090,1150,1070,482172,1150
KBSTAR 200선물레버리지,8900,8625,8940,8410,18269,9085
원림,16050,15850,16100,15700,503,16100
갤럭시아에스엠,1210,1235,1240,1190,127117,1285
KINDEX 중장기국공채액티브,103080,103230,103230,103080,20,103040
한일철강,1545,1530,1545,1500,28059,1570
신한,4945,0,0,0,0,4945
하이스틸,16850,16000,16850,15750,8512,17150
TIGER 유로스탁스50(합성 H),9405,9630,9630,9285,12900,9535
DSR,3650,3585,3655,3440,86417,3740
에넥스,962,979,980,941,801057,996
KC코트렐,4450,4430,4450,4280,138919,4580
까뮤이앤씨,1355,1250,1385,1220,10877785,1315
일성건설,1140,1055,1140,1000,1244757,1095
체시스,2325,2220,2400,2150,2303276,2460
세하,1945,1900,1965,1880,41988,1995
서울식품,170,169,173,166,13870168,174
엔케이물산,688,690,696,675,826434,702
KBSTAR 중기우량회사채,104420,104520,104520,104420,219,104520
한익스프레스,4795,4600,4800,4580,134771,4845
제일연마,5690,5580,5730,5540,3028,5810
국동,1830,1730,1840,1705,1494410,1925
KODEX 중국본토 A50,17450,17195,17475,17045,13204,17490
모나미,2955,2955,2960,2830,596652,3050
삼정펄프,22800,23750,23750,22600,4039,23050
KB Wise 분할매매 ETN,9420,9420,9420,9420,1,9580
대구백화점,5190,5050,5360,5050,4386,5300
주연테크,537,0,0,0,0,537
상신브레이크,2600,2550,2700,2550,25496,2660
태경케미컬,4920,4870,4920,4770,20847,4885
혜인,4330,4245,4335,4095,767058,4410
유한양행우,46700,46050,46900,45900,4288,47000
신한 레버리지 은 선물 ETN(H),5080,5130,5195,5020,500944,5550
SMART KRX300,11930,11665,11930,11560,5008,12030
SG충방,1175,1180,1180,1110,194410,1210
화인베스틸,1865,1750,1870,1725,373870,1840
영보화학,2640,2570,2655,2530,27849,2680
디아이씨,1365,1385,1385,1320,73020,1375
세우글로벌,1910,1790,1910,1780,2089999,1860
CS홀딩스,45500,44600,45500,43700,975,46200
TIGER 인버스,7655,7820,7885,7645,499033,7590
삼성 레버리지 천연가스 선물 ETN,3865,3955,4000,3835,465148,4245
만호제강,12850,12850,13000,12500,7113,12650
GS우,29400,29500,29650,28950,6577,29400
TIGER 미국채10년선물,13170,13235,13235,13120,51611,13090
DSR제강,3550,3560,3600,3425,42055,3630
KODEX 코스피대형주,9070,8860,9075,8805,17945,9155
KBSTAR KRX300,11965,11695,11965,11665,4063,11950
KOSEF 통안채1년,101755,101760,101770,101750,407866,101775
TIGER 미국MSCI리츠(합성 H),10210,10330,10330,10120,38539,10380
대양금속,2330,2320,2345,2260,480967,2320
KODEX 고배당,6675,6600,6675,6505,2515987,6760
금비,49900,49600,50500,49050,433,51200
파워 200,25985,25380,25985,25260,10108,26250
선도전기,2850,2750,2850,2630,321929,2835
인디에프,1925,1905,1940,1800,2396490,1920
TIGER 200선물레버리지,7390,7085,7425,6975,1168330,7535
보해양조,878,880,893,836,3846169,878
세아제강,39000,39300,39300,37950,7567,39200
동남합성,28900,28850,28900,28700,4771,30400
상상인증권,1120,1150,1150,1100,91822,1140
코오롱머티리얼,1560,1520,1560,1485,293189,1595
S&TC,14600,14450,14650,14300,16965,14550
대한화섬,82000,77700,82200,77700,2980,82000
극동유화,2995,2980,3055,2970,424798,3115
대동공업,4575,4505,4575,4370,134223,4575
삼부토건,821,820,824,759,4158832,787
현대비앤지스틸,7040,6910,7060,6820,26696,7160
TIGER 코스피,19325,18930,19330,18870,36728,19580
인천도시가스,24350,24050,24350,23850,1140,24550
신한 S&P500 VIX S/T 선물 ETN B,36880,37690,38560,36840,36417,35780
보락,1750,1745,1750,1690,394715,1790
화성산업,8480,8360,8480,8190,48930,8570
써니전자,3055,2850,3075,2825,1833726,3160
벽산,1690,1410,1690,1380,958994,1550
디아이,3255,3100,3260,3075,237924,3370
성창기업지주,1425,1425,1435,1395,79122,1510
미창석유,58900,56400,58900,56400,1010,60200
대한방직,19250,19200,19450,19150,1557,19700
삼성 KTOP30 ETN,10260,10075,10260,10025,145943,10430
한전산업,3075,3000,3075,2975,66796,3170
HSD엔진,3120,3130,3130,3000,282971,3135
디와이,3870,3800,3875,3765,134293,3920
화승알앤에이,1585,1560,1635,1500,107207,1595
TIGER 코스닥150 레버리지,7885,7530,7935,7475,744800,8010
태경비케이,3685,3640,3730,3605,469464,3710
경동도시가스,17000,17000,17150,16650,10187,17300
KINDEX 200TR,14990,14565,14990,14565,522,15090
신세계건설,25550,24850,25550,23900,35117,25200
금양,2250,2190,2255,2155,90537,2280
샘표,33300,32000,33300,31550,6584,34900
광전자,1705,1700,1710,1670,85390,1730
태평양물산,1800,1685,1825,1600,2564873,2000
SH에너지화학,853,855,867,829,1403129,895
제주은행,3040,3085,3085,2965,30426,3095
삼화페인트,5210,5120,5390,5040,409331,5150
쌍방울,946,950,975,931,1707018,970
남광토건,14950,14400,15000,12950,2931040,13750
KTB투자증권,2245,2150,2245,2105,158536,2240
DB금융투자,3125,3075,3125,2985,198786,3170
국제약품,7160,6960,7410,6960,1850371,7310
삼광글라스,27250,26250,27550,25800,20007,27700
HDC아이콘트롤스,8080,8000,8120,7820,49049,8140
한창제지,2235,2205,2250,2180,3293842,2230
명문제약,5320,5300,5650,5160,2732823,5400
HANARO MSCI Korea TR,10155,9915,10155,9915,52,10225
NH투자증권우,7000,6990,7000,6860,79338,7020
태경산업,4520,4585,4600,4420,94267,4530
GS글로벌,1585,1545,1585,1485,426076,1600
마니커,819,795,820,793,4152058,833
깨끗한나라,3515,3410,3570,3350,674539,3540
비티원,3125,3140,3205,3005,294728,3320
SG세계물산,642,640,644,610,984117,650
크라운해태홀딩스,8560,8500,8580,8290,22488,8850
KBSTAR 코스닥150선물레버리지,7340,6965,7400,6960,45198,7475
TIGER 미국S&P500선물(H),32125,31870,32170,31650,213881,32555
샘표식품,27900,27900,27950,27000,17412,28650
삼호개발,5660,5220,5660,4825,3438306,5200
백산,5190,5230,5230,5070,298497,5370
사조동아원,906,887,906,861,974444,920
유화증권,2295,2225,2295,2225,24502,2290
신일전자,1805,1785,1810,1760,1226062,1825
자화전자,7240,7100,7240,7010,45467,7210
진양홀딩스,2290,2275,2290,2245,36431,2305
핸즈코퍼레이션,5840,6040,6040,5740,20034,5890
고려개발,8570,8210,8670,8120,46858,8450
대림산업우,33750,32350,34000,31400,9752,33700
동양철관,1090,1040,1090,1000,2558908,1070
일신방직,52100,51900,52100,50600,1464,53000
대성에너지,4575,4595,4595,4505,12306,4625
대영포장,1125,1090,1140,1080,2687558,1170
동양물산,1010,986,1015,979,1356559,1005
STX엔진,5410,5680,5680,5120,16149,5480
코오롱플라스틱,3225,3100,3245,3050,252520,3300
아남전자,1640,1635,1640,1580,410299,1625
사조대림,13150,13050,13200,12500,36094,13650
백광산업,2695,2640,2705,2610,1014094,2760
서원,2530,2430,2550,2395,1909168,2605
디씨엠,10350,10350,10400,10000,22559,10550
한라,3330,3185,3380,2895,1316688,3175
KODEX 배당가치,8455,8285,8455,8210,450,8510
노루홀딩스,9300,9350,9640,9210,33552,9230
HDC현대EP,3910,3890,3930,3680,146671,3840
NPC,3300,3330,3330,3200,28346,3330
대신 골드 커버드콜 타겟 5%인컴 ETN(H),11930,11930,11930,11930,123,12150
한국ANKOR유전,1725,1715,1725,1715,25400,1725
BYC,193000,189500,193000,186500,329,191500
동일산업,48950,48550,50900,48550,1126,49150
두산우,29750,31250,31250,29100,35754,29800
LF,11950,11900,12000,11650,132507,12400
우리종금,535,537,537,523,1194160,536
아이마켓코리아,9690,9410,9690,9300,42799,10050
웅진씽크빅,2605,2600,2630,2550,709855,2690
에이프로젠 KIC,2245,2150,2255,2140,2772296,2320
한일시멘트,89900,81500,103000,78000,109537,86100
현대건설기계,18150,17400,18250,17000,181956,18100
효성화학,101500,100000,103000,99600,24719,111500
케이씨텍,17400,16900,17400,16850,74487,17850
KOSEF 200TR,29220,28580,29260,28380,23337,29490
LG전자우,20450,20150,20450,19800,58534,20550
유니드,38050,38450,38450,37400,14031,39500
디피씨,8320,7810,8430,7700,7799099,8380
율촌화학,13950,13200,13950,12900,178199,14050
일진다이아,24150,24000,24200,23250,184367,24150
서울가스,68100,67100,68900,67100,179,68400
효성첨단소재,72900,72100,73000,70400,24761,76100
HANARO 단기통안채,102475,102475,102475,102475,0,102490
KODEX 선진국MSCI World,13065,13010,13065,12855,105296,13200
TIGER 200 IT,21215,20600,21215,20395,1080297,21150
SBS,18250,17650,18250,17650,70447,18550
농심홀딩스,72400,71500,72400,70400,2841,73000
TIGER 코스닥150,10045,9780,10080,9765,928351,10100
LG헬로비전,4310,4270,4335,4080,208994,4335
송원산업,13100,12900,13200,12600,512370,13950
이리츠코크렙,5250,5230,5380,5150,303407,5280
삼진제약,24050,24000,24650,23500,55367,24050
한국쉘석유,251500,249000,251500,245000,2079,257000
JW홀딩스,4970,4920,4995,4800,176876,5000
한화투자증권,1555,1515,1555,1485,593604,1545
에이프로젠제약,1345,1275,1365,1270,10810953,1365
퍼시스,28000,28300,29350,27450,5155,28300
잇츠한불,14600,13950,14600,13800,40696,14800
진에어,10650,10900,11300,10550,461272,10750
한솔제지,13300,13150,13300,12750,126115,13500
신영증권우,45100,45000,45200,44500,3305,45150
광동제약,5990,6050,6050,5910,208418,6040
세아베스틸,8480,8700,8730,8300,159253,8780
미원상사,61500,62000,62000,60900,2380,61700
도화엔지니어링,9490,9180,9520,8550,776234,9230
한독,21900,22000,22050,21400,34802,22500
한국단자,29100,27650,29350,27200,59383,29450
삼호,20600,20050,20600,19550,25805,20200
현대일렉트릭,8270,7880,8290,7720,227903,8500
동화약품,10750,11950,12450,10650,12280314,10900
경방,10500,10500,10800,10400,113021,11100
진흥기업,2095,2035,2095,1995,107471,2090
휴켐스,15850,16100,16100,15550,168925,16150
일양약품,33650,32950,34350,32800,265556,34100
대덕전자,7960,7910,7980,7760,637022,8320
미래에셋생명,3640,3750,3750,3605,52945,3645
한전기술,16550,16500,16600,16100,80198,16850
JW중외제약,31150,29500,32400,29200,1370114,30400
두산,37000,38000,38000,36050,109172,38150
후성,6740,6630,6760,6510,639100,6770
QV 코스피 변동성 매칭형 양매도 ETN,8920,8920,8920,8920,0,8910
SPC삼립,70100,69900,70500,67500,14002,71200
ARIRANG 200,25700,25145,25755,24950,363995,25915
쿠쿠홀딩스,82800,84100,84900,81200,8130,84600
에스엘,12450,12800,12800,12150,144039,12450
한진,49400,48300,50700,47500,384593,50000
락앤락,10700,10650,10850,10300,179599,11000
보령제약,12250,12100,12400,12050,281104,13400
풍산,20850,20800,21400,20150,661900,20650
한섬,22400,22100,22500,21700,89682,23450
TIGER MSCI Korea TR,10150,9855,10150,9855,92363,10220
한일현대시멘트,36550,30500,39650,29200,931471,34300
KINDEX 200,25735,25235,25810,25020,305906,25990
하나투어,40750,39850,40850,39800,68663,40950
제이콘텐트리,34600,32900,34800,32200,182568,34750
종근당홀딩스,113500,111000,114000,109000,25930,113500
빙그레,55700,55200,56200,54700,38288,57200
대한전선,653,628,663,620,2621331,656
넥센타이어,5660,5600,5660,5460,349736,5700
한진중공업,7190,6680,7920,6590,11143044,6550
동아쏘시오홀딩스,86900,87900,87900,85000,10093,88600
동원시스템즈,21050,21050,21250,20350,22507,21200
HDC,8990,8770,9010,8580,314156,9020
제주항공,20100,20900,21750,20000,414006,20400
효성티앤씨,122000,117000,122500,115500,8543,124000
롯데하이마트,21200,20800,21400,20650,101116,22400
CJ CGV,24950,24800,25000,24250,206448,24750
KOSEF 200,25885,25330,25930,25135,25130,26135
KODEX 코스닥 150,10020,9805,10100,9745,4761439,10075
남선알미늄,4810,4695,4810,4650,18644497,4710
LIG넥스원,23350,23500,23850,22900,286491,23550
S&T모티브,33800,34500,34500,33200,48849,34550
TIGER TOP10,8285,8095,8285,8020,3977,8305
TRUE 코스피 양매도 5% OTM ETN,9725,9715,9740,9715,9890,9735
아시아나항공,4255,4710,5050,4240,23749646,4295
한솔케미칼,83000,81500,83400,79500,52216,83900
KODEX 삼성그룹,6385,6210,6385,6190,119482,6425
영진약품,5190,5240,5350,5100,1250101,5160
GKL,14900,14350,14900,14250,278039,15200
OCI,39100,37900,39150,37650,152098,39250
영풍,503000,509000,511000,489000,3512,506000
롯데정밀화학,33000,32450,33000,31850,99760,35900
HANARO 200,25555,24975,25585,24820,161671,25785
롯데리츠,5370,5160,5370,5070,1357720,5360
SK케미칼,78900,77800,78900,76100,203099,77800
한화시스템,8130,8200,8580,8080,1484852,8250
한국테크놀로지그룹,9520,9310,9530,9310,84758,9650
현대위아,32700,32950,32950,31550,202086,32900
두산인프라코어,4265,4370,4450,4210,3023700,4260
대한유화,127000,123500,128500,120000,154539,136000
금호타이어,3040,3115,3115,2980,636960,3075
JB금융지주,4335,4330,4350,4270,178673,4410
코스맥스,85300,83500,85400,82500,79164,85600
오리온홀딩스,13300,13400,13400,13050,193809,13700
현대오토에버,38800,37350,39050,36950,39931,39250
DGB금융지주,4800,4740,4825,4720,636310,4820
현대홈쇼핑,66900,67200,67200,65100,27058,67900
태광산업,717000,727000,727000,711000,2141,730000
코오롱인더,29250,28300,29300,27850,283259,29900
롯데칠성,98400,97400,99000,95600,32660,100500
KODEX 단기채권PLUS,102270,102290,102290,102270,4957,102290
쿠쿠홈시스,34350,34150,34900,33500,17776,35500
동원산업,203000,196000,203000,191500,2736,212000
삼양식품,102500,98300,102500,96800,55276,101500
롯데제과,115000,117000,117000,113500,8307,118000
KODEX WTI원유선물(H),3960,3975,4160,3960,108931203,4130
애경산업,26650,26500,26650,25850,72709,28200
KODEX MSCI Korea TR,8035,7790,8080,7790,336000,8130
화승엔터프라이즈,12150,11600,12200,11450,285333,12200
현대글로비스,99900,99400,100500,95500,168192,100500
CJ제일제당,236000,233000,236000,228000,63213,250000
현대중공업지주,221000,221000,222500,216000,62989,229500
GS,37350,37250,37350,36300,409521,38600
미래에셋대우,5210,5120,5220,5060,2607251,5220
CJ대한통운,148000,141000,148000,140000,81053,148000
포스코케미칼,53200,50000,53200,49750,361476,53600
KODEX 레버리지,9855,9400,9895,9305,121547632,10030
삼성카드,27750,28000,28000,27400,156385,27950
에스원,84600,83000,84600,82100,61607,83900
유한양행,47200,45650,47200,45650,330033,47600
이마트,111000,109000,111500,107000,190112,111500
한미약품,257500,256500,258500,253000,40490,259500
호텔신라,77600,76600,77700,75400,547754,77800
DB손해보험,41300,39300,41300,38800,316559,43100
LG이노텍,129500,126500,129500,123500,249335,128500
대림산업,85200,79900,85200,79100,519180,84200
롯데지주,26400,25950,26400,25500,225097,27450
TIGER 200,25610,25025,25675,24875,1224883,25840
더존비즈온,89500,88200,89500,86200,134120,92000
삼성중공업,4195,4085,4210,4030,7027046,4240
쌍용양회,5440,4965,5700,4930,11746611,5200
한국금융지주,46900,46400,47300,46100,224887,47000
BGF리테일,146500,144000,146500,140500,20025,151500
한국타이어앤테크놀로지,20900,20900,21250,20500,400258,20900
현대제철,18900,18850,19000,18350,1053282,18900
삼성증권,27850,27400,27950,26900,486539,27850
한국가스공사,25900,25800,26150,25550,497331,26750
신세계,252000,255500,257000,246000,167299,250500
NH투자증권,8760,8600,8780,8490,1146786,8760
GS리테일,30950,31150,31200,30550,163753,32000
롯데쇼핑,86300,85400,86300,83400,149452,86500
두산밥캣,24450,24500,24700,23550,630755,24150
한국항공우주,24000,24500,25150,23800,1379297,24100
현대해상,24350,24500,24500,23750,418002,25400
한화솔루션,13950,14100,14100,13600,1328422,13900
삼성엔지니어링,10950,10750,10950,10450,1996482,11250
금호석유,67000,65700,67700,65000,153879,71500
현대차2우B,59200,59100,60400,56900,88076,58900
CJ,71300,70000,71800,68800,93974,71900
휠라홀딩스,33300,32950,33450,32550,334871,34300
하이트진로,29500,28400,29600,28150,372812,29600
KODEX 200선물인버스2X,6965,7300,7385,6940,232654751,6830
제일기획,16700,16350,16800,16150,723696,17650
GS건설,25100,23500,25100,23250,790732,24850
SKC,53000,52600,53600,51800,511705,52100
오뚜기,532000,526000,532000,516000,4187,540000
대우조선해양,17350,16500,17500,15900,450045,17700
삼성전자,49850,48700,50000,48350,18539460,49850
SK하이닉스,83900,80600,83900,80000,5271895,82600
삼성바이오로직스,580000,573000,594000,572000,619816,601000
삼성전자우,42950,42000,43000,41800,1809406,43000
NAVER,182000,175000,182500,173000,611067,190000
셀트리온,214000,208000,217500,208000,1111723,214000
LG화학,355000,346500,357000,345500,360543,361000
LG생활건강,1337000,1297000,1339000,1284000,72572,1444000
현대차,92600,90800,95200,89400,3098562,92400
삼성SDI,285500,274500,285500,273000,626837,284500
삼성물산,97000,93500,97700,92400,464324,98700
SK텔레콤,214500,206500,214500,206000,442672,215500
현대모비스,176500,171500,176500,169000,424811,177000
카카오,177000,174000,177000,171500,683679,185500
POSCO,170000,168000,170000,164500,463034,171500
한국전력,22400,21750,22450,21600,5543224,23200
엔씨소프트,677000,641000,677000,632000,139628,661000
신한지주,27600,27350,27600,26850,1496148,27500
KB금융,31500,31100,31600,30700,1807857,31300
SK,184000,178000,184000,173500,285533,182500
삼성에스디에스,166000,162500,166000,161000,168586,163000
기아차,28400,28100,29050,27400,2409456,28800
KT&G,79000,77000,79000,76500,485607,80200
LG,62100,61600,62100,60400,242982,63300
아모레퍼시픽,175000,171000,175000,168000,216815,176500
삼성생명,47350,46350,47350,46250,596199,47650
SK이노베이션,96300,96500,97300,95100,745440,99400
삼성화재,185000,186000,188000,181500,117624,190000
LG전자,52400,52000,52400,51300,717890,53300
삼성전기,112000,107500,112000,106000,938078,110000
S-Oil,67900,67000,68200,66000,639105,71800
넷마블,91500,92400,92400,90400,240769,92700
고려아연,395500,396000,396000,385000,39055,392500
롯데케미칼,202000,202000,207500,196500,170886,215500
하나금융지주,23700,23350,23900,23000,1728011,23600
KT,23200,22600,23400,22450,1501435,23600
우리금융지주,7970,7800,8030,7760,2285556,7910
LG유플러스,12650,12300,12950,12200,3426234,12950
KODEX 200,25550,24990,25650,24855,17968085,25800
한국조선해양,75700,75900,76300,74300,548887,77300
강원랜드,24800,24550,24950,24050,858653,24450
한진칼,83000,81500,87600,81200,3479065,85200
오리온,118500,112000,119500,111000,176602,124500
아모레G,58300,58100,58400,56900,158891,58500
한온시스템,9030,9150,9150,8790,1044260,9010
코웨이,59900,59000,60100,58300,211413,60100
기업은행,7340,7270,7360,7210,3570296,7320
맥쿼리인프라,11400,11150,11550,11100,2633433,11400
