삼성전자,50100,49850,50100,49300,15691892,50000
SK하이닉스,83400,82500,83900,82400,3185449,83700
삼성바이오로직스,588000,589000,598000,583000,188425,581000
삼성전자우,42400,42750,42900,42400,1331639,42250
NAVER,198000,197500,198000,194500,433060,197500
셀트리온,209000,212500,214000,208000,718095,210500
LG화학,362500,365000,371500,354000,579674,376500
LG생활건강,1371000,1370000,1388000,1362000,56420,1386000
삼성물산,102500,100000,102500,99300,464738,106000
현대차,93200,92500,94400,92200,1441418,93600
삼성SDI,279500,285000,288500,277500,503391,286000
SK텔레콤,213000,212500,217000,212500,230228,211500
현대모비스,167500,167000,169500,166000,351388,172000
POSCO,177500,175500,179000,175500,418810,184500
카카오,185000,185500,186500,181500,665905,184000
한국전력,23800,24300,24800,23650,4542457,23850
신한지주,30100,30750,31450,29600,3274754,30550
KB금융,34150,34850,35950,33800,3676157,34750
엔씨소프트,648000,631000,648000,630000,100687,643000
SK,183000,178500,183000,176500,167142,182000
삼성에스디에스,158500,159500,162500,158000,161585,162500
기아차,29250,28900,29900,28900,2166526,29650
KT&G,80300,79900,80600,79200,498528,81100
LG,62500,61900,62600,61500,187017,62000
아모레퍼시픽,176000,173000,181000,171000,598133,177000
삼성생명,49400,49300,50400,48600,599186,49100
SK이노베이션,96500,96200,97700,95700,652534,98300
삼성화재,191000,190500,195000,189500,75516,190500
LG전자,53600,53800,54500,53100,709123,54900
삼성전기,110000,110500,111500,108000,780041,113500
하나금융지주,27350,27850,29100,26850,4752022,27600
넷마블,95300,93100,95900,92100,553165,95500
S-Oil,68700,68600,70300,67800,2022849,70000
롯데케미칼,222000,224500,226000,216500,203711,215500
고려아연,386500,397500,399000,385500,67210,386000
KT,23550,23600,23950,23450,763176,23850
우리금융지주,8430,8430,8850,8280,4585966,8440
한국조선해양,77400,77000,77400,76000,238361,82700
LG유플러스,13050,13100,13300,12950,1599419,13350
강원랜드,25200,24750,25800,24750,1071112,25050
KODEX 200,25650,25590,25740,25335,5997368,25820
한진칼,88200,90800,95900,86300,3308220,87000
오리온,123000,121000,124500,119500,71287,124000
한온시스템,9110,8900,9140,8830,900765,9130
아모레G,58300,58200,60500,58100,251433,58100
기업은행,7720,7780,8090,7640,5865261,7900
코웨이,59800,60500,60600,59200,205266,61400
롯데지주,37300,29400,37300,28800,6076053,40100
CJ제일제당,269500,274000,276000,266000,77126,272500
현대중공업지주,231000,230000,234000,228000,53950,243000
LG디스플레이,11100,10950,11300,10850,2917392,11050
현대건설,34300,34400,34650,33650,787686,35050
현대글로비스,99400,98500,100500,98000,164992,101500
미래에셋대우,5350,5430,5520,5260,3749901,5610
GS,37800,37650,38300,37350,431888,38550
삼성카드,28550,28900,29100,28250,154527,30000
CJ대한통운,146500,150000,150000,145000,53465,148000
KODEX 레버리지,10235,10175,10295,9980,104467255,10375
이마트,120500,119500,121500,117500,301534,120000
호텔신라,82000,78700,82300,78400,1646054,85200
팬오션,3400,3475,3480,3385,1942418,3445
대우조선해양,16950,17150,17300,16800,336249,17150
일진머티리얼즈,39450,40700,40750,39250,423510,39850
농심,301500,304500,305000,299000,24042,295500
포스코인터내셔널,13900,13650,13900,13450,437332,14200
녹십자,148000,151500,152000,146000,113266,148500
동서,17250,16800,17250,16750,109683,17300
KODEX 단기채권,102225,102225,102230,102225,6910,102230
한샘,72900,73200,73500,71400,85689,72800
더블유게임즈,58000,55000,58000,54600,321025,58000
종근당,93300,93300,93300,91800,23811,96500
KODEX 200TR,8200,8170,8230,8105,228314,8260
KODEX 인버스,6845,6875,6940,6825,43063984,6790
두산중공업,3935,4200,4200,3900,3953091,3995
코리안리,8360,8350,8430,8310,347043,8400
두산솔루스,32700,32500,33300,31700,816508,32900
롯데정밀화학,36950,36200,37200,35700,148186,39000
화승엔터프라이즈,11700,11950,12300,11650,509352,12550
대상,22400,22750,22800,22100,244469,21900
애경산업,28600,27900,29200,27750,311120,28600
NICE,19900,19500,19950,19200,39361,19900
다우기술,15850,15700,16050,15400,151174,16400
KODEX MSCI Korea TR,8190,8195,8220,8090,360653,8270
휴켐스,16950,16300,17100,16250,114640,17500
SK가스,76400,76500,77400,76200,13728,76400
아주캐피탈,12150,12000,12150,11950,10325,12250
두산,40650,38350,40750,38250,266486,40350
아모레퍼시픽우,64000,62500,64500,62000,50079,62600
한전기술,16900,16950,17200,16600,87010,17000
대덕전자,8210,0,0,0,0,8210
미래에셋생명,3650,3570,3665,3545,154821,3610
에스엘,13050,12550,13150,12300,110548,13250
ARIRANG 200,25790,25695,25860,25455,43329,26025
롯데하이마트,23900,24350,24350,23250,185835,27000
쿠쿠홀딩스,88100,86200,89000,86100,9785,89600
빙그레,63400,65600,65600,62100,98566,63600
일양약품,32800,33800,33850,32650,311837,32800
QV 코스피 변동성 매칭형 양매도 ETN,8940,8940,8940,8940,0,8925
후성,6700,6790,6820,6600,548972,6710
SPC삼립,71200,73000,73500,70500,16612,71100
JW중외제약,29150,29850,29850,28950,168596,29250
한섬,24500,24800,25100,24150,91395,24400
락앤락,11100,11600,11600,10850,305707,11050
풍산,21600,21350,22800,20900,792873,21150
하나투어,42700,41500,44650,41500,599569,42400
TIGER MSCI Korea TR,10295,10320,10330,10225,49043,10380
보령제약,12950,13150,13450,12800,797371,13000
제이콘텐트리,35450,35200,36400,34700,349943,35050
LIG넥스원,26000,25600,27450,25250,530884,26100
KINDEX 200,25630,25520,25730,25335,896004,25880
종근당홀딩스,114000,117000,117000,113500,24586,114000
동원시스템즈,21850,22350,22550,21650,29163,22100
CJ CGV,26900,25800,28350,25700,1027679,26700
효성티앤씨,125000,126000,127500,123000,3701,130500
HDC,8990,9000,9160,8950,245856,9370
영원무역홀딩스,40600,38250,40650,38250,5805,41050
넥센타이어,5700,5680,5770,5610,342018,5730
롯데정보통신,35800,34050,36650,34050,225502,36300
씨에스윈드,31100,31400,31850,29950,54090,32050
한진,47400,47700,48750,46750,147169,46150
대한전선,639,652,652,639,1100195,645
에이프로젠 KIC,3595,4395,4790,3475,121525070,3560
남선알미늄,4875,4690,5040,4635,43007108,4880
동아쏘시오홀딩스,87000,87100,87500,86500,8897,87400
한일현대시멘트,31750,32250,32400,31150,105729,31650
S&T모티브,34750,36000,36000,34650,87454,35900
유안타증권,2400,2420,2435,2370,305985,2570
LG상사,13000,12850,13100,12700,392239,13200
서흥,44650,44800,44800,43450,37383,44200
에이프로젠제약,2065,2420,2850,2005,180681225,2100
롯데손해보험,1545,1480,1545,1460,905756,1630
삼화콘덴서,47300,48400,48750,47300,156813,48600
대신증권,9270,9350,9440,9220,112763,9950
KOSEF 200,25800,25630,25870,25480,75384,25950
KODEX Top5PlusTR,11815,11780,11890,11725,15804,11940
SK디스커버리,24650,25100,25150,24400,136934,25200
한세실업,12450,12100,12600,11800,327795,11950
동양생명,2970,2990,2990,2900,122653,2955
한국토지신탁,1790,1745,1810,1735,1037361,1880
삼성 코스피 양매도 5% OTM ETN,9345,9345,9345,9345,0,9365
SK디앤디,23000,23250,23650,22700,61654,24450
현대에이치씨엔,4050,4070,4080,3980,266989,4095
BGF,4765,4710,4840,4550,343503,4825
LG하우시스,51100,49500,51100,49200,116251,51400
풀무원,12200,12700,12700,12050,176017,12100
KODEX 코스닥150선물인버스,7260,7215,7350,7180,38760481,7280
경동나비엔,35750,36000,36150,35400,34091,35900
KODEX 코스닥 150,9945,10020,10105,9870,3842977,9940
화승인더,7910,7930,8170,7810,2466020,8230
지역난방공사,37050,35550,37550,35550,20516,38600
필룩스,5380,5680,5680,5340,3565836,5130
대한해운,18300,18700,18850,18300,64169,18150
이월드,4570,4520,4630,4430,8396879,4450
롯데푸드,385000,381000,392000,376500,5000,382500
신영증권,44700,44700,44700,44050,5021,46000
미래에셋대우2우B,2895,2885,2925,2875,650999,3075
KODEX 코스피,19435,19395,19500,19175,41093,19580
삼양홀딩스,50200,49550,50400,49250,12534,49900
디피씨,11300,8770,11300,8550,61999461,10200
드림텍,6710,7130,7130,6630,2310369,6760
삼성화재우,130500,130000,133500,129000,12996,130500
덴티움,36950,37000,37200,36450,81860,37400
두산퓨얼셀,7500,7650,7710,7380,811763,7420
동국제강,4055,4055,4110,4005,266395,4245
세방전지,28450,28550,28900,28200,40309,28900
삼양사,39150,40150,40450,38450,38320,39200
대교,4795,4835,4875,4765,143799,4765
한미반도체,7810,7930,7980,7770,138230,7830
미원에스씨,75600,75000,75700,75000,637,76200
부산가스,36000,36200,36500,35600,6337,35950
한국콜마홀딩스,21500,21550,22100,21450,60751,21850
우리종금,556,559,565,545,2456180,581
제일약품,26450,26100,29100,25950,216280,26350
남해화학,7750,7820,7820,7590,181994,7790
유니드,41850,40500,41900,39900,42809,43200
한화투자증권,1600,1605,1635,1575,712478,1780
KINDEX 단기통안채,100570,100570,100575,100570,569,100570
맵스리얼티1,4075,4115,4115,4040,148751,4090
한솔제지,14100,13400,14150,13350,236798,15700
율촌화학,14650,14900,15300,14650,387113,15050
효성화학,119000,120500,121000,116000,36440,115000
TIGER 단기채권액티브,50265,50275,50275,50265,354,50270
효성첨단소재,78300,75200,78300,74300,24973,81500
아이마켓코리아,10000,10200,10200,9900,54946,10150
LG전자우,20650,20700,20800,20500,57741,21200
현대건설기계,17550,18100,18150,17500,145784,18450
웅진씽크빅,2690,0,0,0,0,2690
하나제약,22400,22800,22900,22350,37049,22250
케이씨텍,17600,17950,18000,17450,82883,18050
KOSEF 200TR,29805,29615,29860,29420,9412,30040
한일시멘트,84800,83200,85400,81100,12806,85900
KODEX 선진국MSCI World,13540,13590,13590,13435,11941,13715
삼진제약,25050,25650,25800,24550,165094,25350
동성제약,11150,11150,11450,11000,226279,13500
서울가스,69000,68900,70000,68200,252,69600
LG헬로비전,4490,4450,4545,4400,271981,4485
송원산업,15250,15700,15750,14550,615498,14400
농심홀딩스,75100,75700,76100,74300,4478,74500
한국쉘석유,261000,260000,261000,256500,1349,262500
HANARO 단기통안채,102495,102495,102495,102495,0,102500
삼호,22350,21000,23250,20850,114160,22400
이리츠코크렙,5280,5290,5300,5210,66675,5300
AK홀딩스,25950,24300,26000,23900,73521,25300
TIGER 코스닥150,10050,10040,10155,9945,815609,10010
세아베스틸,9000,9010,9090,8810,89343,9290
일진다이아,23500,24250,24250,23100,171453,23400
SBS,18250,18250,18450,18100,65677,18200
JW홀딩스,5000,4990,5030,4920,106727,4975
SK렌터카,8600,8590,8630,8450,86757,9240
잇츠한불,14900,14750,15250,14600,47785,14900
진에어,10650,10650,10750,10300,317108,10850
TIGER 200 IT,20910,20990,21015,20705,119324,21070
신영증권우,45450,45500,46500,45250,2165,45450
진흥기업,2195,2100,2280,2045,774192,2195
퍼시스,27900,28250,29000,27700,3231,27650
광동제약,6070,6120,6150,6040,149251,6060
한라홀딩스,29100,28400,29300,28150,32129,30100
하이트진로홀딩스,13300,12700,13450,12500,49740,13550
동화약품,11900,10950,12350,10950,1426754,11250
TIGER 원유선물Enhanced(H),1355,1335,1385,1330,22057170,1360
미원상사,61500,61900,61900,61400,2413,61700
일동제약,13000,13300,13300,12850,72762,12950
진원생명과학,11800,13050,13050,11600,6312829,9300
SK증권,600,604,612,595,2937378,647
도화엔지니어링,8960,9230,9300,8730,292302,9020
한국카본,6570,6610,6710,6430,756969,6890
SMART 200TR,8530,8500,8555,8430,2696,8610
삼천리,71300,70400,71800,70200,12182,74200
동양,1270,1250,1270,1205,1622310,1260
조선내화,75000,73400,75000,73200,2611,75100
한국자산신탁,2345,2275,2360,2260,583331,2415
대원제약,14650,14850,14850,14500,40370,14750
현대일렉트릭,8140,8550,8580,8080,334020,8250
한국단자,28550,28900,29600,28300,35796,28550
아세아제지,30250,30000,31000,29700,112082,32850
금호산업,7870,7840,7870,7720,145954,8100
고려제강,14250,14250,14350,14000,18708,14350
유나이티드제약,17500,17600,17650,17250,118912,17650
경인양행,6960,7000,7050,6880,246999,6950
태림포장,3660,3740,3740,3605,554531,3925
신도리코,27700,27300,27800,26950,10481,27550
인스코비,2790,2905,2905,2750,677304,2840
환인제약,14500,14600,14800,14200,36353,14800
에이블씨엔씨,10200,10250,10500,10100,166402,10150
경방,10450,10650,10700,10300,93223,10000
유진투자증권,2180,2120,2180,2110,624814,2830
아모레G3우(전환),38200,38200,39300,38150,9440,38550
세아홀딩스,67400,63700,68000,63700,500,67600
KBSTAR 대형고배당10TR,9950,9885,9960,9850,2586,10035
센트랄모텍,30100,31550,31650,30100,337656,31100
SBS미디어홀딩스,1900,1920,1950,1890,25190,1910
조광피혁,41250,41950,41950,41150,644,40100
코리아오토글라스,13000,12900,13100,12800,22779,13300
아세아시멘트,65500,65900,66100,64800,8022,67900
경농,12100,12700,12700,11850,261484,12050
엔에스쇼핑,7790,7810,7810,7670,14835,7750
모나리자,7110,7470,7470,7070,2738026,7140
교보증권,6860,6760,6900,6670,175962,7250
현대차증권,8490,8400,8670,8300,136216,8800
코스모신소재,8810,8970,9050,8700,242208,8800
한화3우B,10950,10900,11100,10850,31113,11400
한화손해보험,2130,2100,2130,2080,423590,2190
한일홀딩스,40600,39950,41100,39800,6975,42500
엘브이엠씨홀딩스,4995,4945,5090,4850,338145,4970
디티알오토모티브,24650,24250,24700,23950,16306,25300
넥센,4525,4455,4525,4430,55167,4710
해성디에스,14650,14600,14650,14250,136691,14800
삼영무역,13550,13650,13650,13450,10494,13500
JW생명과학,15650,16000,16000,15550,77953,15600
삼성제약,4045,4080,4130,4020,1004480,4005
신대양제지,58300,58100,59900,57600,13764,61000
한국화장품,15000,15100,15400,14650,876808,15250
삼성출판사,25200,24200,25450,22750,2262119,24350
CJ4우(전환),56900,57200,58000,55800,17829,57400
국도화학,42150,42050,42600,41100,9187,41750
삼익THK,11650,11750,12000,11500,84107,11550
KBSTAR 코스피,19330,19345,19430,19130,3724,19510
케이씨씨글라스,29400,26150,29400,25800,871075,28900
일성신약,89000,89800,90900,88300,3136,90500
E1,34000,34000,34900,33600,9657,34700
모토닉,7290,7240,7290,7180,15835,7200
KPX케미칼,50100,49750,51200,48700,1260,48800
신세계푸드,61300,60800,62900,60200,41289,60700
삼양패키징,16400,16700,16700,16150,16005,16500
광주신세계,142500,143000,147000,142500,400,146500
쌍용차,1555,1565,1565,1505,878880,1560
이연제약,15300,16650,17300,15000,2039099,13900
S&T홀딩스,14450,15050,15050,13950,22486,14250
남양유업,319000,320000,322000,315000,2238,321000
대상홀딩스,6330,6450,6480,6290,101817,6370
IHQ,1600,1540,1635,1510,3233175,1565
애경유화,7080,7130,7170,6980,150357,7120
용평리조트,4690,4740,4780,4600,187301,4690
풍산홀딩스,28800,28950,29150,28350,9251,28750
제일파마홀딩스,14900,15250,16600,14400,338625,14100
대신증권우,8360,8300,8400,8200,72909,8550
넥스트사이언스,6900,7040,7050,6870,305426,6960
대한제분,126500,129000,129000,125500,3782,130500
하나 코스피 변동성추세 추종 양매도 ETN,8780,8780,8780,8780,0,8820
현대에너지솔루션,20200,20800,20900,20000,100341,19650
코오롱,17800,18500,18550,17700,81500,17400
LS전선아시아,6900,7010,7060,6840,106899,6970
한국주철관,9000,8800,9030,8710,70771,9300
무림P&P,3250,3265,3275,3215,99096,3385
한세예스24홀딩스,5220,5260,5360,5050,62670,5250
TIGER 차이나CSI300레버리지(합성),18225,18065,18390,17500,72140,18250
에어부산,3955,3950,4130,3875,526599,3980
해태제과식품,6990,7010,7060,6930,29234,7070
예스코홀딩스,35100,34550,35300,34500,1409,34300
토니모리,11800,11800,12100,11550,350207,11650
KOSEF 국고채10년,124965,124475,124965,124475,66975,125395
선진,8400,8330,8510,8150,111041,8490
코스모화학,7730,7930,7930,7630,313615,7690
동아지질,17400,16900,17750,16500,534611,17350
이엔플러스,5340,5400,5540,5330,535879,5340
ARIRANG 고배당주,8590,8590,8655,8485,124658,8780
신세계 I&C,115000,112000,118500,111500,14762,113000
KISCO홀딩스,10250,10300,10300,10050,6275,10500
한솔테크닉스,5980,6210,6260,5890,705173,6040
현대상사,14150,14300,14350,13900,96013,14650
TIGER 미국나스닥100,48715,48825,48835,48430,69190,48165
흥국화재,2440,2435,2465,2380,73501,2475
세원셀론텍,2580,2590,2635,2550,151209,2595
KODEX 골드선물(H),12085,12150,12170,12045,390495,12165
부산산업,149000,154500,157000,146000,133619,149500
한국패러랠,1965,1970,1970,1960,13655,1965
S-Oil우,38650,38200,39100,38050,15602,39050
LS네트웍스,2035,1960,2050,1960,154714,1985
대성홀딩스,9670,9620,9750,9500,47044,9670
대한제강,6290,6250,6330,6200,57601,6310
유수홀딩스,6050,6000,6090,6000,10200,5970
KBSTAR 단기통안채,103670,103670,103670,103665,214,103660
KTB투자증권,2320,2295,2420,2250,520310,2570
노루페인트,7780,7890,8010,7610,373974,7720
한신공영,12950,12950,13100,12700,20499,13200
신성이엔지,880,883,888,869,408305,878
동아타이어,10950,10950,10950,10850,594,11100
TIGER 글로벌4차산업혁신기술(합성 H),11950,11850,11950,11840,57442,12065
SIMPAC,2325,2365,2405,2310,51990,2320
DB,741,739,750,725,560626,748
DI동일,60500,61900,61900,60000,3542,61000
코스맥스비티아이,15000,14550,15150,14500,33110,15650
삼성전기우,50800,51800,51900,50100,17433,51100
현대약품,4700,4870,4885,4640,1799413,4640
CJ제일제당 우,112000,114500,114500,109500,6596,111500
GS글로벌,1710,1615,1895,1595,2604837,1780
STX엔진,6480,6890,7170,6470,499099,6370
CJ씨푸드,4125,4220,4330,4050,9018976,4065
삼영전자,7140,7220,7230,7070,19300,7290
LG우,43350,43000,43450,42800,2733,43700
TIGER 경기방어,10135,10175,10200,10055,13660,10185
계룡건설,16150,16000,16150,15650,35589,16000
삼광글라스,28450,27950,28750,27300,25632,29400
신한 레버리지 천연가스 선물 ETN(H),3395,3360,3455,3305,1128231,3465
HDC아이콘트롤스,8500,8400,8520,8280,48345,8630
아모레G우,22000,21450,22200,21450,10348,22000
서원,2930,2600,3050,2585,21515748,2985
알루코,1895,1890,1935,1840,159011,1900
한솔홀딩스,3000,2975,3085,2960,162338,3000
NH투자증권우,7260,7200,7330,7160,103816,7480
대성산업,3105,3100,3140,3040,70759,3120
미래에셋 코스피 양매도 5% OTM ETN,9375,9360,9380,9360,536,9375
신원,1645,1710,1715,1635,1973618,1650
TIGER 헬스케어,32105,32600,32600,31880,63801,31930
고려개발,9070,8530,9720,8530,108243,9130
신일전자,1850,1850,1885,1820,2421253,1950
HANARO 200TR,29830,29555,29910,29430,231,30110
현대차3우B,56900,56900,58000,56500,5553,57000
이수페타시스,3315,3385,3385,3245,470523,3350
S&TC,15700,15750,15800,15300,16980,16050
세아제강지주,28300,28400,28400,27750,4759,28900
두산우,29900,29200,29950,29100,55863,29900
이아이디,207,210,212,205,3701875,215
KODEX 단기변동금리부채권액티브,101970,101970,101970,101970,0,101975
TIGER 200선물레버리지,7680,7625,7725,7490,839638,7800
DRB동일,5400,5970,6080,5160,1255526,5830
삼일제약,17750,18200,18250,17700,38719,17850
세진중공업,2900,2940,2965,2840,88304,3015
금양,2300,2320,2350,2240,122554,2315
퍼스텍,2390,2265,2700,2140,25909048,2170
제이에스코퍼레이션,7730,7340,7810,7250,215174,7580
태경비케이,3655,3725,3725,3625,332316,3635
미원화학,46000,45100,46150,45100,1163,45550
크라운제과,7910,7710,7910,7670,42858,7970
우리들휴브레인,2720,2965,3035,2710,5038639,2765
조선선재,78300,78300,79500,76000,1223,78900
비상교육,7440,7270,7470,7190,181846,7630
SH에너지화학,866,876,879,848,2577446,889
TIGER 코스닥150 레버리지,7980,8140,8160,7815,621294,7940
신세계건설,24650,24400,24700,24000,12937,24450
우성사료,3045,3135,3135,3010,805457,3165
금호에이치티,3795,3885,3905,3755,119759,3790
TIGER 미국S&P500레버리지(합성 H),14670,14635,14850,14500,93619,14735
미원홀딩스,42050,42600,42600,41800,1396,41650
제이준코스메틱,2935,2920,2990,2870,456712,2935
세아특수강,11100,11200,11250,11050,3886,11250
삼화전기,14650,14650,14900,14300,84759,14550
일동홀딩스,8380,8430,8430,8260,3375,8330
TIGER 200선물인버스2X,6865,6915,7050,6830,2731569,6750
세종공업,4085,4060,4095,3990,149517,4200
세이브존I&C,2310,2320,2350,2270,37927,2300
서연이화,3455,3345,3800,3315,758381,3485
윌비스,1515,1535,1560,1475,4327736,1490
콤텍시스템,1405,1400,1425,1370,1990598,1385
신한 S&P500 VIX S/T 선물 ETN B,31215,31015,31980,30925,22067,30835
한진중공업홀딩스,3095,3150,3190,3080,202084,3120
NH프라임리츠,4890,4885,4900,4860,39361,4915
KODEX 은선물(H),3250,3315,3325,3245,571433,3295
무림페이퍼,2160,2145,2180,2110,216380,2200
신한 레버리지 WTI원유 선물 ETN(H),310,0,0,0,0,310
CJ우,40000,40450,40800,39750,8431,40050
신흥,9410,9330,9500,9330,3195,9410
웅진,1130,1150,1160,1105,654267,1135
기신정기,3070,3060,3120,3035,37859,3085
SK이노베이션우,70700,71700,71700,70000,9439,72100
계양전기,2765,2695,2825,2670,1751249,2740
광명전기,2055,2090,2105,2015,269053,2060
일진전기,2380,2385,2385,2320,154971,2405
SK우,150500,148000,151000,144500,12066,157500
KEC,751,750,751,737,682493,764
금호석유우,29850,29250,30100,29250,20197,29450
우리들제약,6530,6760,6790,6530,351658,6680
호전실업,11150,11250,11250,11050,2917,11100
ARIRANG 코스피50,17770,17750,17830,17600,814,17930
영흥,990,994,995,973,238222,1030
그린케미칼,3700,3690,3770,3690,100637,3670
서연,3610,3350,4080,3320,6716779,3745
현대코퍼레이션홀딩스,9550,9680,9690,9400,25192,9660
지투알,5380,5410,5500,5180,14071,5290
KODEX Fn성장,11190,11190,11190,11065,271,11235
디와이파워,7900,8100,8190,7810,39434,7830
다스코,5570,5540,5600,5310,82006,5580
KODEX KRX300,11845,11940,11940,11730,26254,11980
한창,2475,2560,2565,2440,3514067,2440
한미글로벌,7710,7750,7760,7630,38589,7730
조비,16450,17100,17100,16150,133827,16300
웰바이오텍,1960,1975,1995,1940,275607,1960
삼화왕관,39350,39400,39500,39300,876,39100
지엠비코리아,4410,4540,4540,4385,86235,4410
삼원강재,2050,2090,2095,2020,19366,2100
테이팩스,18000,18000,18250,17650,14214,17800
고려산업,3500,3660,3940,3400,36517010,3360
동성화학,15750,15950,15950,15550,15826,15650
동방아그로,6150,6250,6250,6120,13891,6130
KODEX 국고채3년,57650,57665,57685,57635,3665,57730
황금에스티,5790,5810,5920,5730,45313,5900
대현,1805,1800,1820,1765,80368,1850
남성,2240,2295,2305,2200,503726,2245
일진디스플,2880,2850,2950,2815,191592,2870
KC그린홀딩스,3590,3620,3630,3540,43582,3620
한국내화,3540,3595,3690,3495,723697,3545
천일고속,55500,55300,55500,54900,307,56700
세원정공,8090,0,0,0,0,8090
성보화학,4005,4110,4110,4005,18363,4025
한양증권,6140,6200,6280,6070,32224,6310
대림씨엔에스,6230,6310,6310,6170,24992,6300
KODEX 미국S&P500선물(H),13700,13670,13720,13600,68303,13810
화신,2280,2350,2350,2200,282395,2290
대신증권2우B,7800,7750,7860,7740,39611,7970
동양고속,27250,27450,27450,27000,4052,27350
대호에이엘,3000,3300,3300,2925,3455458,2915
수산중공업,1460,1495,1500,1445,957517,1465
유니온머티리얼,1870,1840,1920,1805,252853,1860
ARIRANG 코스피TR,9485,9475,9520,9420,613,9620
금강공업,3140,3340,3385,3090,896431,3150
대유에이텍,707,717,726,707,146960,719
시디즈,37100,36800,37800,36800,2226,37900
KTcs,1735,1740,1740,1700,211065,1765
조광페인트,5740,5740,5930,5570,89188,5880
사조오양,8110,8330,8330,7880,129681,7980
국동,2315,2300,2395,2095,5324974,2485
한농화성,4725,4700,4765,4605,58328,4770
수출포장,18000,18000,18100,17750,6631,18550
오리엔트바이오,727,760,760,723,872622,727
삼성 인버스 2X WTI원유 선물 ETN,18700,17500,18940,15755,23088345,14770
KBSTAR 단기국공채액티브,100910,100930,100930,100910,105257,100925
방림,1715,1710,1715,1660,35368,1730
범양건영,3000,2900,3035,2880,1466000,2940
동방,2130,2155,2170,2090,1702596,2175
KBSTAR 국고채3년선물인버스,99655,99680,99680,99585,48,99550
영풍제지,3260,3290,3290,3230,35239,3260
롯데지주우,64200,50200,64200,49650,334997,73200
한솔홈데코,879,881,885,865,253248,895
TIGER 차이나HSCEI,12700,12660,12700,12425,5490,12620
KBSTAR 국채선물10년,56705,56530,56735,56530,345,56935
모나미,3165,3125,3185,3025,2018911,3260
한국프랜지,1840,2060,2095,1800,8855995,2020
DSR,3780,3740,3840,3690,56875,3820
세하,2035,2090,2090,1935,89246,2045
우신시스템,3215,3215,3275,3175,61221,3295
KODEX MSCI Korea,12155,12155,12155,12155,0,12315
화인베스틸,1775,1805,1825,1775,119091,2020
일성건설,1100,1115,1130,1070,573876,1100
상신브레이크,2685,2670,2710,2660,21491,2760
제일연마,5790,5800,5800,5700,2393,5900
인지컨트롤스,3875,3925,3970,3865,26388,3880
삼정펄프,23300,23450,23450,22900,2956,23500
서울식품,172,175,177,170,12058128,174
까뮤이앤씨,1305,1270,1325,1245,1621206,1300
대림B&Co,3600,3665,3715,3560,17770,3520
KBSTAR 중기우량회사채,104525,104480,104525,104435,127,104660
KB Wise 분할매매 ETN,9650,9625,9650,9625,151,9720
KODEX 중국본토 A50,17650,17650,17650,17390,3014,17655
한익스프레스,4810,4810,4870,4710,140678,4855
에넥스,970,980,989,959,374129,967
엔케이물산,677,688,695,672,669050,694
태경케미컬,4990,4985,5040,4945,52632,5000
KC코트렐,4420,4550,4555,4390,158639,4410
주연테크,537,0,0,0,0,537
만호제강,12750,12700,13550,12650,7411,13800
미래아이앤지,391,382,400,379,5011004,439
대구백화점,5260,5250,5270,5200,8711,5230
세우글로벌,1890,1780,1925,1745,6860684,1965
혜인,4365,4380,4530,4305,630514,4355
덕성,3560,2760,3560,2760,9059210,3530
SMART KRX300,12015,12030,12070,11895,3002,12030
체시스,2330,2405,2415,2265,844899,2300
유한양행우,46300,46950,47150,45000,1614,46400
CS홀딩스,47150,46250,47400,46250,375,47050
TIGER 미국MSCI리츠(합성 H),10540,10590,10610,10475,20470,10805
KODEX 은행,5030,5050,5235,4955,320429,5095
SG충방,1200,1210,1215,1130,114104,1200
GS우,29650,29650,29750,29350,4804,30000
신한 레버리지 은 선물 ETN(H),5180,5345,5380,5140,140798,5340
국보,2050,1975,2100,1885,5921274,2185
디아이씨,1405,1365,1445,1360,148747,1370
KODEX 코스피대형주,9110,9085,9150,9000,43362,9175
영보화학,2635,2645,2660,2585,36788,2640
대양금속,2415,2360,2455,2345,683465,2370
대교우B,2620,2595,2645,2560,341919,2710
KBSTAR KRX300,11970,11955,11970,11825,5455,12050
DSR제강,3635,3635,3735,3550,77889,3640
TIGER 인버스,7495,7535,7595,7480,250671,7435
NI스틸,1785,1760,1795,1750,66583,1795
휴스틸,6700,6580,6720,6580,9564,6700
KOSEF 통안채1년,101820,101845,101845,101820,408007,101825
우진아이엔에스,6510,6500,6580,6390,15952,6670
금비,49750,50100,50100,49100,827,50800
ARIRANG 코스피,19650,19650,19715,19470,1203,19840
선창산업,3800,3640,3835,3625,39561,4000
선도전기,2780,2840,2840,2735,105113,2790
유엔젤,3835,3980,3985,3775,301050,3790
KB KTOP30 ETN,9885,9885,9885,9885,0,9940
페이퍼코리아,1240,1315,1320,1225,148983,1410
삼성공조,6050,5900,6060,5850,22958,6080
인터지스,1655,1665,1680,1630,103316,1660
TIGER 중장기국채,53385,53345,53405,53210,269,53435
신한 인버스 WTI원유 선물 ETN(H),27310,25265,27955,23515,108986,24575
평화홀딩스,3430,3455,3475,3360,35410,3340
미래에셋대우우,3280,3275,3355,3270,24055,3455
부국증권우,15950,15850,16000,15850,509,16200
동양피스톤,3615,3580,3670,3565,66994,3675
폴루스바이오팜,1225,0,0,0,0,1225
QV Big Vol ETN,9530,9530,9530,9530,0,9595
유화증권우,2740,2735,2750,2705,10131,2740
신풍제지,1360,1370,1390,1335,132000,1365
ARIRANG 200동일가중,7025,6995,7025,6935,641,7100
KB KQ 우량주30 ETN,9495,9555,9555,9495,6,9495
KODEX 중국본토CSI300,10310,10320,10345,10160,7871,10300
KODEX 미디어&엔터테인먼트,12745,12630,12745,12550,3738,12735
한국특수형강,1460,1440,1515,1440,38886,1450
유니온,3015,3025,3040,2965,104995,3000
삼성 코스피 풋매도 ETN,9330,9330,9330,9330,0,9355
롯데칠성우,65300,52300,66600,51600,126820,60300
삼성 레버리지 천연가스 선물 ETN,3730,3675,3755,3605,668012,3740
티에이치엔,2420,2410,2445,2385,178299,2590
KODEX IT,12350,12405,12445,12250,10206,12485
메타랩스,880,915,915,864,187855,883
KB 코스피 양매도 5% OTM ETN,9170,9170,9170,9170,1,9165
TRUE 코스피 양매도 ATM ETN,9100,9100,9100,9100,15,9100
두산솔루스2우B,27600,27650,28350,26900,35667,27600
한신기계,1395,1390,1420,1370,118971,1395
태양금속,1245,1085,1365,1065,22201259,1220
TRUE 코스피 양매도 3% OTM ETN,8965,8965,8965,8965,14,8930
신송홀딩스,3705,3620,3730,3620,46994,3770
한국종합기술,4060,4145,4145,4050,28290,4065
KODEX 200exTOP,8695,8760,8765,8635,10,8840
문배철강,2130,2145,2145,2075,84234,2150
TIGER 국채3년,111470,111410,111470,111385,1723,111575
TRUE 레버리지 천연가스 선물 ETN(H),10735,10575,10850,10425,109210,10865
KODEX 반도체,22705,22720,22760,22345,25104,22850
이구산업,1275,1285,1300,1255,88910,1275
코오롱인더우,15250,15400,15500,15150,20514,15350
호텔신라우,54600,52000,54900,51200,19604,56300
SK케미칼우,29000,29250,29450,28750,24341,29000
형지엘리트,1235,1230,1245,1195,249013,1340
KODEX 증권,4800,4855,4915,4735,299435,5090
TIGER 소프트웨어,9600,9545,9600,9440,20174,9580
KOSEF Fn중소형,14965,14990,15040,14795,8571,15115
TIGER 차이나CSI300인버스(합성),10775,10695,10970,10660,208818,10810
삼영화학,1220,1250,1250,1185,185895,1205
ARIRANG 신흥국MSCI(합성 H),8820,8795,8925,8795,13710,8975
베트남개발1,294,295,295,292,83844,295
동원수산,8720,8740,8890,8570,171614,8700
KOSEF 단기자금,101460,101455,101465,101455,77233,101460
TCC스틸,1730,1730,1735,1710,16335,1760
한솔로지스틱스,1370,1370,1380,1335,327103,1470
삼아알미늄,3635,3760,3760,3600,47829,3665
SJM,2525,2565,2580,2510,11896,2580
TIGER 레버리지,9580,9480,9635,9350,448504,9735
케이비아이동국실업,596,595,603,587,95502,604
진양산업,3000,2970,3020,2910,270231,3065
조일알미늄,560,570,580,558,43147,563
바다로19호,2590,2600,2600,2590,3242,2570
대동전자,3705,3655,3715,3605,18619,3715
SJM홀딩스,2575,2570,2580,2495,5213,2585
QV WISE 배당 ETN,7625,7625,7625,7625,0,7670
한세엠케이,3000,3070,3070,2945,11072,2970
KR모터스,792,800,820,780,867112,800
신한 WTI원유 선물 ETN(H),1500,1535,1815,1470,9956976,1565
KBSTAR 국고채3년,113575,113530,113575,113525,101,113685
TIGER 코스피중형주,9970,9900,10025,9895,433,10090
KODEX 고배당,6585,6560,6585,6500,154620,6690
KBSTAR 200선물레버리지,9260,9250,9305,9025,35040,9420
케이탑리츠,788,805,805,779,352158,790
원림,16450,16300,16500,16200,245,16500
이화산업,12600,12500,12900,12500,145,12950
금호전기,3350,3315,3415,3285,57311,3495
코아스,1140,1190,1210,1135,743767,1150
신한 레버리지 금 선물 ETN,17635,17740,17845,17510,70604,17770
KBSTAR 200선물인버스2X,6685,6720,6855,6645,723948,6575
갤럭시아에스엠,1295,1300,1310,1270,188677,1280
대신 철광석 선물 ETN(H),17590,17650,17650,17590,15,17450
신한 레버리지 다우존스지수 선물 ETN(H),17175,17165,17215,16990,70810,17390
KODEX 미국S&P고배당커버드콜(합성 H),8055,8040,8120,8020,29010,8270
신한,4945,0,0,0,0,4945
삼성 레버리지 China A50 선물 ETN(H),34310,33735,34445,33430,3476,34675
하이스틸,17150,17350,17750,16800,7010,17200
신한 인버스 옥수수 선물 ETN(H),17075,17140,17140,17075,927,17195
미래에셋 레버리지 S&P500 ETN(H),16665,16595,16775,16485,877,17100
TIGER 200IT레버리지,20995,20955,21210,20575,73780,21315
TRUE 레버리지 S&P500 선물 ETN(H),11170,11170,11225,11045,4792,11325
TRUE 레버리지 나스닥 100 ETN,11455,11350,11485,11340,118686,11320
KOSEF 국고채3년,112965,112980,113010,112965,81,113105
KODEX China H 레버리지(H),6095,6050,6095,5900,47872,6140
KODEX 미국달러선물레버리지,10885,10810,10930,10810,101021,10760
KODEX China H,21090,21040,21090,20720,3128,20975
QV 하드웨어 TOP5 ETN,16590,16590,16590,16590,0,16720
미래에셋 전기전자 Core5 ETN,16540,16540,16540,16540,30,16540
에쓰씨엔지니어링,1295,1370,1370,1285,27216,1320
진양화학,2710,2680,2765,2640,228318,2710
WISCOM,2130,2065,2140,2065,6538,2115
KODEX 200가치저변동,6970,6900,6970,6875,2792,7035
HANARO 코스닥150,9895,9950,10020,9785,1248,9880
TIGER 반도체,23230,23000,23315,22900,13790,23460
신한 인버스 천연가스 선물 ETN(H),15785,15855,15960,15695,12603,15670
삼성 레버리지 금 선물 ETN(H),30800,31090,31210,30630,13467,31240
KBSTAR 중장기국공채액티브,102710,102635,102725,102635,2276,102885
KBSTAR 중국본토대형주CSI100,16340,16270,16365,16035,7203,16380
미래에셋 인버스 원유선물혼합 ETN(H),33480,32125,37335,31310,30793,31090
QV S&P500 VIX S/T 선물 ETN B,31415,31475,31985,30000,159,30875
진도,2450,2480,2500,2415,38422,2470
성문전자,1570,1580,1610,1555,158072,1575
TBH글로벌,1455,1465,1470,1415,51265,1470
KINDEX 중장기국공채액티브,102935,102935,102935,102935,10,103235
KOSEF 코스닥150,4975,5005,5030,4930,5207,4970
흥아해운,258,0,0,0,0,258
인팩,2990,3015,3015,2975,1778,3010
KODEX 필수소비재,8240,8265,8295,8160,2754,8320
QV 소프트웨어 TOP5 ETN,14900,14930,16400,14760,83,14955
하이골드12호,2290,2305,2310,2260,341,2290
한성기업,4700,4485,4750,4380,115903,4790
미래에셋 미국 대형주 ETN(H),14765,14765,14765,14765,10,14865
ARIRANG KS모멘텀가중TR,9970,9935,9990,9885,60,10040
키위미디어그룹,150,0,0,0,0,150
미래에셋 미국 항공우주 ETN(H),14185,14125,14185,14080,219,14795
덕양산업,896,920,920,891,106791,905
우진플라임,2915,2995,2995,2875,13162,2920
한솔PNS,1390,1400,1425,1370,100888,1420
ARIRANG 코스피중형주,7415,7405,7415,7345,38,7445
두산2우B,32800,31850,33450,30300,1525,32500
삼성 미국 대형 성장주 ETN,14535,14575,14575,14535,58,14475
신한 다우존스지수 선물 ETN(H),14215,14205,14215,14205,163,14430
ARIRANG KS퀄리티가중TR,10475,10430,10485,10370,60,10555
동일제강,1900,1905,1915,1870,47171,1890
신한 인버스 콩 선물 ETN(H),14155,14155,14155,14155,0,14170
BYC우,104500,105000,105000,103500,112,105000
TIGER 코스닥150선물인버스,7370,7310,7460,7285,512255,7400
TIGER 코스피대형주,9505,9465,9525,9370,698,9585
KINDEX 레버리지,4015,4000,4040,3905,202333,4070
미래에셋 유럽 대형주 ETN(H),10790,10790,10790,10790,0,11000
미래에셋 미국 시니어론 100 ETN,11075,11075,11075,11075,0,10995
삼성 화학 테마주 ETN,10840,10810,10895,10810,359,10950
신한 인버스 구리 선물 ETN(H),10960,10960,10960,10960,1,10900
미래에셋 에너지화학 Core5 ETN,10750,10750,10750,10750,0,10895
미래에셋 일본 중형주 ETN(H),10875,10875,10875,10875,0,10890
TIGER 로우볼,9060,9100,9120,8965,19734,9145
SK디스커버리우,15750,15950,15950,15500,6769,16000
미래에셋 호주 ASX200 ETN(H),10480,10665,10665,10480,443,10830
삼성 S&P500 VIX S/T 선물 ETN(H) B,28865,28850,29545,28730,32411,28870
TRUE 빅5 동일가중 ETN,10815,10815,10815,10815,0,10815
대덕전자1우,6500,0,0,0,0,6500
TIGER 가격조정,18245,17885,18285,17885,1006,18515
전방,12650,12500,12850,12450,1333,12750
KODEX 국채선물10년인버스,45810,45950,46000,45810,96,45695
ARIRANG 미국S&P500(H),11800,11850,11945,11740,29351,11880
KODEX TRF3070,10175,10170,10175,10125,1755,10180
신한 인버스 2X 다우존스지수 선물 ETN(H),5430,5400,5485,5395,207943,5340
에이리츠,5590,5650,5680,5550,9975,5620
미래에셋 유럽 중형주 ETN(H),10630,10630,10630,10630,0,10630
모두투어리츠,2725,2675,2755,2675,6683,2715
신한 인버스 2X 은 선물 ETN(H),10875,10520,10905,10440,11252,10540
신한 구리 선물 ETN(H),10480,10445,10500,10435,6492,10530
에이엔피,253,247,256,245,421517,254
QV KTOP30 ETN,10370,10370,10370,10370,0,10430
KODEX 미국나스닥100선물(H),11280,11305,11330,11225,45498,11275
삼성 미국 중소형 성장주 ETN,10030,10030,10030,10030,0,10375
세방우,5600,5700,5700,5400,685,5610
세기상사,50400,50400,51300,49800,232,50700
하이골드3호,1275,1275,1275,1250,90316,1275
대한항공우,18300,18550,18800,18000,47246,18400
ARIRANG KS밸류가중TR,9605,9570,9610,9505,50,9685
청호컴넷,2335,2410,2475,2305,73444,2370
미래에셋 미국 시니어론 100 ETN(H),10110,10110,10110,10110,0,10080
삼성 미국 중소형 성장주 ETN(H),9425,9425,9425,9425,0,9970
TIGER 우량가치,8335,8315,8370,8250,3611,8410
태영건설우,7780,8110,8110,7670,39183,7770
지코,306,0,0,0,0,306
KOSEF 200선물레버리지,9150,9080,9190,8920,7720,9295
KOSEF 미국달러선물인버스2X,7500,7520,7535,7480,7499,7590
KINDEX 중기국고채,107515,107500,107525,107490,6,107645
KODEX MSCI KOREA ESG유니버설,7685,7715,7715,7685,2,7750
신한 코스피 콘도르 6/10% ETN,9700,9700,9700,9700,0,9665
신한 코스피 월별 양매도 5% OTM ETN,9655,9655,9655,9655,0,9635
KINDEX 중국본토CSI300레버리지(합성),3255,3320,3320,3200,43129,3285
마이다스 200커버드콜5%OTM,11665,11665,11665,11665,0,11835
KODEX 국채선물10년,71420,71245,71420,71160,1310,71690
신한 코스피 월별 양매도 3% OTM ETN,9455,9455,9455,9455,0,9460
삼성 코스피 풋매도 4% OTM ETN,9305,9305,9305,9305,0,9330
KODEX 배당성장채권혼합,10320,10300,10330,10295,4860,10340
HANARO 200선물레버리지,11090,11000,11140,10805,2077,11275
HANARO KRX300,11825,11715,11865,11615,112,11895
ARIRANG 고배당저변동50,7890,7845,7890,7775,1293,8005
ARIRANG 200선물인버스2X,13360,13445,13720,13300,200345,13140
KODEX WTI원유선물인버스(H),37060,36895,39000,35245,1575753,35020
삼성 미국 대형 가치주 ETN(H),8905,8935,8955,8905,751,9185
KODEX 미국FANG플러스(H),14285,14270,14305,14140,85592,13995
미래에셋 원자재 선물 ETN(H),6060,6060,6060,6000,225,6060
하이트진로2우B,15950,16000,16100,15800,1959,16050
TREX 200,25675,25635,25715,25355,33,25900
신한 인버스 은 선물 ETN(H),9250,9065,9250,9065,316,9065
TIGER 200 헬스케어,20635,20770,20850,20440,4424,20540
FOCUS KRX300,11925,11875,11930,11875,4,12010
신한 레버리지 천연가스 선물 ETN,11935,11760,12030,11570,38535,11980
신한 코스피 콘도르 4/10% ETN,8985,8985,8985,8985,0,8980
신한 레버리지 S&P500 선물 ETN,8800,8800,8845,8740,29633,8890
KODEX 자동차,10380,10305,10450,10250,17891,10455
미래에셋 글로벌 리츠 ETN(H),8735,8775,8775,8730,100,8845
대신 2X 니켈선물 ETN(H),8835,9155,9155,8685,54415,8835
삼성 레버리지 은 선물 ETN(H),8555,8790,8880,8500,65626,8830
신한 USD K200 선물 바이셀 ETN,9040,9030,9045,9030,13,8805
QV 롱숏 K150 매수 로우볼 매도 ETN,8630,8630,8630,8630,0,8795
신한 은 선물 ETN(H),8610,8750,8785,8610,4073,8770
남양유업우,103000,101500,104500,101000,265,105000
대상우,12900,12700,12950,12400,5520,12750
미래에셋 미국 리츠 ETN(H),8680,8680,8720,8680,100207,8680
TIGER 미국달러선물인버스2X,8510,8540,8545,8500,530,8615
QV 화학 TOP5 ETN,8575,8575,8575,8575,1,8575
미래에셋 Q150 Core5 ETN,8265,8265,8265,8265,0,8445
QV 인버스 레버리지 10년 국채선물 ETN,16890,16890,16890,16890,0,16885
KBSTAR 글로벌4차산업IT(합성 H),13445,13415,13485,13365,14949,13430
신한 K200 USD 선물 바이셀 ETN,8315,8315,8315,8315,0,8375
신한 인버스 2X S&P500 선물 ETN,8560,8495,8650,8495,29409,8360
HANARO 고배당,7190,7205,7225,7150,104,7265
신한 인버스 브렌트원유 선물 ETN(H),17300,17110,18900,16435,375536,16675
TIGER 모멘텀,16030,16150,16150,15875,843,16220
KODEX Fn멀티팩터,8935,9000,9020,8890,148188,9050
TRUE 코리아프리미어 ETN,8090,8090,8090,8090,0,8135
TRUE 인버스 2X 유로스탁스50 ETN(H),8385,8270,8445,8270,15265,8115
삼성 미국 중소형 가치주 ETN,7945,7890,7955,7890,401,8095
KODEX 심천ChiNext(합성),8945,8985,8995,8700,22702,8950
KODEX KTOP30,13045,13005,13080,12930,491,13220
KODEX 미국달러선물인버스2X,8505,8545,8550,8475,46932,8595
KODEX 미국채울트라30년선물(H),14070,14035,14085,13990,34388,14200
TRUE 레버리지 유로스탁스50 ETN(H),7505,7505,7600,7450,19305,7740
QV 자동차 TOP5 ETN,7670,7685,7685,7670,105,7700
QV 에너지 TOP5 ETN,7695,7695,7695,7695,1,7695
QV 의료 TOP5 ETN,7780,7725,7795,7710,80,7680
삼성 미국 중소형 가치주 ETN(H),7475,7475,7475,7425,283,7670
부산주공,355,365,365,347,362065,360
KBSTAR 중소형고배당,7710,7565,7710,7565,147,7790
삼성 Cushing 에너지인프라 MLP ETN,4915,4900,4930,4900,13846,5050
TIGER 단기선진하이일드(합성 H),10795,10805,10810,10680,1927,10820
미래에셋 인버스 S&P500 ETN(H),6290,6290,6290,6290,1,6280
KOSEF 국고채10년레버리지,138155,137170,138265,137170,1647,139315
SMART 선진국MSCI World(합성 H),12530,12530,12530,12530,1,12530
TIGER 우선주,8435,8490,8490,8350,7826,8445
신한 인버스 2X 구리 선물 ETN,12640,12655,12690,12635,185,12495
TRUE 인버스 2X 나스닥 100 ETN,6215,6140,6305,6140,205942,6235
TIGER 일본TOPIX헬스케어(합성),12450,12415,12450,12285,6,12465
삼성 인버스 2X 구리 선물 ETN(H),12565,12535,12650,12520,1639,12465
KODEX 최소변동성,8750,8750,8790,8645,810,8800
계양전기우,7650,6990,7960,6810,551311,7290
KODEX TRF5050,10115,10040,10115,10030,1093,10155
TIGER 200커뮤니케이션서비스,18115,18125,18200,17930,156,18130
신한 옥수수 선물 ETN(H),5105,5050,5110,5050,17919,5075
TRUE 유로선물 ETN B,10205,10205,10205,10205,0,10140
KODEX TRF7030,10065,10090,10090,9960,8448,10130
코오롱우,9390,9570,9570,9390,16087,9390
삼양사우,26950,26650,27100,26050,1363,27250
KOSEF 200선물인버스2X,6670,6685,6800,6625,74546,6530
TRUE 코스피 커버드콜 ETN B,8640,8630,8640,8600,233,8715
KOSEF 고배당,6110,6120,6190,6045,900,6225
KODEX MSCI밸류,7875,7885,7885,7745,30847,7900
TIGER 미국달러선물레버리지,10970,10970,10970,10970,11,10855
KBSTAR 5대그룹주,4750,4750,4750,4710,491,4820
KBSTAR IT플러스,11980,11970,11980,11865,2038,12050
TRUE 인버스 2X HSCEI ETN(H),8735,8830,8950,8730,10718,8670
KBSTAR 헬스케어채권혼합,10815,10855,10855,10800,1862,10835
KBSTAR 미국장기국채선물레버리지(합성 H),15500,15600,15600,15445,744,15750
TIGER 유로스탁스레버리지(합성 H),5155,5235,5240,5110,50596,5405
KODEX 턴어라운드투자,8475,8555,8555,8475,60,8645
QV 인버스 MSCI 선진국 ETN,12660,12660,12660,12660,100,12265
HANARO KAP초장기국고채,49915,50020,50050,49850,166,50350
ARIRANG 중형주저변동50,7625,7575,7625,7530,238,7760
TIGER 일본엔선물레버리지,12070,12065,12070,12050,451,12095
TRUE 인버스 나스닥 100 ETN,8490,8490,8540,8490,5219,8465
KODEX 게임산업,9425,9360,9430,9285,1199,9375
KOSEF 미국달러선물인버스,9875,9880,9890,9875,144,9920
KODEX MSCI퀄리티,9315,9240,9315,9225,327,9365
일양약품우,18750,19150,19150,18550,5091,18850
KODEX 미국달러선물인버스,9465,9485,9485,9430,9421,9510
한화투자증권우,1580,1600,1620,1580,22234,1720
삼성 모멘텀 탑픽 ETN,4100,4100,4100,4100,0,4120
KBSTAR KRX300레버리지,8095,8100,8100,7860,3160,8200
TIGER KTOP30,6405,6475,6480,6405,634,6525
대신 니켈선물 ETN(H),11640,11675,11680,11620,438,11645
대신 2X 아연선물 ETN(H),3925,4000,4000,3855,3190,4055
KOSEF 배당바이백Plus,11330,11335,11375,11190,53,11530
동북아13호,5030,0,0,0,0,5030
동북아12호,5020,5020,5020,5020,3822,5020
KBSTAR 주식혼합,31620,31580,31620,31480,25,31825
TIGER 국채선물3년인버스,49720,49720,49720,49720,0,49720
삼성 화장품 테마주 ETN,3950,3910,3955,3895,344,3975
대한제당우,11950,11950,11950,11800,491,12150
마이티 코스피100,19690,19810,19810,19690,112,19690
KINDEX 스마트모멘텀,11115,11110,11115,11110,20,11185
TRUE 코스피 타겟볼20 ETN,7780,7780,7780,7780,0,7805
ARIRANG 주도업종,7030,6995,7030,6950,88,7080
TIGER 골드선물(H),12885,12955,12960,12835,25343,12965
KINDEX 일본Nikkei225(H),12945,12970,12970,12790,768,12940
TIGER 삼성그룹펀더멘털,8005,8055,8070,7995,159,8245
KODEX 일본TOPIX100,13050,13310,13310,12910,1717,12885
TIGER 중장기국채선물인버스,48315,48315,48315,48315,0,48315
KBSTAR 미국장기국채선물(H),12750,12745,12755,12715,1683,12770
KODEX 철강,5105,5080,5135,5065,3455,5210
KOSEF 코스닥150선물인버스,13080,12980,13185,12940,4823,13105
TIGER 유로스탁스배당30,8605,8650,8650,8560,12965,8885
TREX 펀더멘탈 200,24565,24565,24565,24565,1,24770
파워 중기국고채,103085,103085,103085,103085,0,103085
KODEX 200동일가중,7705,7705,7705,7705,1,7715
하이트진로홀딩스우,12850,12900,13000,12750,2421,13100
KBSTAR 차이나H선물인버스(H),11220,11300,11350,11210,174,11185
KBSTAR V&S셀렉트밸류채권혼합,10175,10150,10175,10120,383,10200
KBSTAR KRX국채선물3년10년스티프너2X,50895,50945,50960,50895,6,50885
KODEX 경기소비재,8670,8535,8705,8530,1760,8790
KBSTAR 200고배당커버드콜ATM,7395,7350,7395,7335,37,7525
TIGER 일본엔선물인버스2X,7525,7555,7555,7500,641,7525
KBSTAR 200선물인버스,8825,8770,8935,8770,1248,8765
TIGER 이머징마켓MSCI레버리지(합성 H),7280,7275,7280,7190,1095,7485
금강공업우,8850,10100,10200,8850,216817,8850
TIGER 중소형성장,7435,7435,7435,7435,1,7435
TIGER 지주회사,9380,9380,9380,9380,9,9380
KINDEX 멕시코MSCI(합성),6165,6200,6200,6130,1367,6385
ARIRANG KRX300산업재,8530,8470,8530,8415,27,8735
KODEX 미국채울트라30년선물인버스(H),6745,6760,6785,6745,3167,6685
QV 레버리지 WTI원유 선물 ETN(H),500,0,0,0,0,500
한양증권우,7380,7360,7380,7340,507,7530
TIGER 200 생활소비재,10145,10190,10190,9990,645,10210
KBSTAR KQ모멘텀로우볼,8500,8540,8540,8445,5,8505
KODEX 골드선물인버스(H),7665,7635,7670,7595,34854,7580
KBSTAR 국채선물10년인버스,46310,46445,46445,46310,6,46150
KOSEF 코스닥150선물,6390,6425,6460,6360,12,6370
TIGER 증권,2810,2890,2890,2775,17518,2975
KODEX 밸류Plus,6140,6170,6170,6065,37,6240
JW중외제약2우B,40600,41000,41500,39550,593,41350
TIGER 라틴35,2235,2245,2260,2235,47604,2330
TIGER 200 철강소재,5280,5325,5345,5260,124,5375
흥국화재우,4845,4785,5000,4695,41006,4715
KBSTAR KQ모멘텀밸류,7800,7855,7855,7755,5,7885
신원우,38050,37700,39100,37700,4072,38800
KBSTAR 200건설,7465,7400,7465,7300,37,7650
KG동부제철우,65400,68000,68000,65400,183,65900
KBSTAR 200산업재,6955,6875,6955,6875,5,7020
KBSTAR 200경기소비재,6590,6505,6610,6505,315,6685
코리아써키트2우B,4395,4400,4400,4375,525,4415
TIGER 대형가치,7475,7540,7570,7475,1006,7555
TIGER 은행,5230,5335,5440,5155,8998,5295
KBSTAR 팔라듐선물인버스(H),6935,6870,6935,6860,4760,6670
노루홀딩스우,18100,17900,18100,17700,625,17950
KODEX MSCI EM선물(H),7145,7145,7145,7145,1,7270
흥국화재2우B,22000,21600,22000,20800,33378,21250
KBSTAR 중소형모멘텀밸류,8025,7970,8025,7955,5,8125
파워 스마트밸류,10175,10120,10215,10035,51,10320
유유제약2우B,18400,18250,18600,17950,2938,18850
TIGER 200 산업재,3775,3790,3795,3775,20,3840
ARIRANG 스마트베타 Quality,7590,7605,7625,7550,66,7665
동양우,4890,4870,4900,4820,6439,4905
KODEX 운송,3000,3035,3070,3000,12732,3025
KBSTAR 미국장기국채선물인버스2X(합성 H),5515,5480,5525,5470,245,5415
ARIRANG 스마트베타 Value,7090,7075,7090,7020,429,7200
ARIRANG 선진국MSCI(합성 H),8495,8520,8520,8310,2369,8605
TREX 중소형가치,6035,6010,6040,5975,232,6100
동양2우B,8600,8460,8600,8460,2549,8810
ARIRANG 스마트베타 LowVOL,7625,7620,7650,7560,30,7725
TIGER 대만TAIEX선물(H),13345,13320,13490,13250,191,13510
KBSTAR 200철강소재,5060,5065,5070,5050,49,5175
KBSTAR 중소형모멘텀로우볼,7595,7550,7595,7525,5,7635
KBSTAR 200금융,6170,6300,6300,6120,3307,6260
동양3우B,28750,28000,28750,28000,600,29300
TIGER 금속선물(H),4115,4090,4115,4085,283,4085
KBSTAR 200중공업,5905,5930,5930,5850,8,6115
ARIRANG ESG우수기업,6765,6780,6780,6690,47,6825
KBSTAR 200에너지화학,6560,6540,6560,6510,1126,6675
ARIRANG KRX300금융,7285,7330,7465,7220,95,7430
ARIRANG 스마트베타 Momentum,7005,7035,7050,6975,17,7105
TIGER 코스닥150로우볼,11095,11105,11105,11095,106,11095
TIGER MSCI KOREA ESG리더스,7255,7245,7255,7240,93,7350
KODEX 국채선물3년인버스,49725,49725,49725,49725,0,49725
크라운제과우,6420,6180,6440,6180,7413,6540
KINDEX 배당성장,24945,24825,24945,24715,123,25100
대상홀딩스우,5420,5600,5640,5350,2145,5450
KODEX 구리선물(H),4495,4485,4500,4450,29633,4525
ARIRANG KRX300헬스케어,9925,10035,10070,9880,233,9935
KINDEX 국채선물3년인버스,99290,99290,99290,99290,0,99290
HANARO 농업융복합산업,8185,8245,8245,8050,427,8270
KODEX MSCI모멘텀,8135,8140,8140,8135,6,8195
KBSTAR 우량업종,8080,8020,8080,7955,51,8190
KINDEX 스마트퀄리티,12095,12035,12095,12035,20,12160
TIGER 방송통신,7465,7535,7555,7410,2121,7555
KODEX 가치투자,8020,8065,8065,7990,1355,8050
DB하이텍1우,42250,41950,42400,41600,1292,42850
마이티 코스피고배당,9320,9320,9320,9320,1,9320
TIGER 200 경기소비재,10640,10490,10640,10465,293,10775
KINDEX 한류,5775,5710,5775,5685,192,5825
KINDEX 국채선물10년인버스,92970,92970,92970,92970,0,92935
KINDEX 필리핀MSCI(합성),11765,11690,11770,11690,253,11600
TIGER S&P글로벌인프라(합성),9000,8935,9000,8935,24,9170
동부건설우,20500,20500,20600,20000,1483,20300
KODEX China H선물인버스(H),11420,11545,11545,11405,285,11415
KODEX 멀티에셋하이인컴(H),9105,8995,9105,8900,14126,9100
KBSTAR 미국장기국채선물인버스(H),7525,7535,7570,7525,231,7525
KBSTAR 200커뮤니케이션서비스,11285,11215,11285,11170,568,11285
TIGER LG그룹+펀더멘털,6115,6155,6155,6060,422,6240
ARIRANG 코스닥150,9955,10055,10055,9840,447,9950
TIGER 중소형,7410,7410,7410,7410,200,7410
JW중외제약우,25400,25400,25700,25050,4008,25600
진흥기업우B,5060,4900,5060,4850,39756,5110
KBSTAR 수출주,7125,7160,7160,7095,42,7215
TIGER K게임,7870,7910,7970,7850,84,7855
TIGER 여행레저,4190,4175,4250,4170,18321,4190
TIGER 200동일가중,7745,7745,7745,7745,0,7765
진흥기업2우B,14250,13650,14300,13600,10502,14100
TIGER 지속배당,10490,10485,10530,10405,389,10585
TIGER 현대차그룹+펀더멘털,11900,11730,11975,11730,871,12125
TIGER 중소형가치,7305,7305,7305,7305,0,7315
KBSTAR KRX국채선물3년10년스티프너,50580,50610,50610,50580,6,50575
ARIRANG 국채선물10년,57430,57415,57545,57360,153,57755
KBSTAR KRX300선물인버스,10040,10185,10185,10040,10,10005
KBSTAR KRX국채선물3년10년플래트너,49900,49870,49900,49870,6,49905
KODEX FnKorea50,7320,7215,7325,7210,50,7455
KBSTAR KRX국채선물3년10년플래트너2X,49560,49480,49585,49480,7,49590
ARIRANG 스마트베타Quality채권혼합,9855,9840,9855,9825,191,9885
KINDEX 일본TOPIX레버리지(H),11750,11770,11800,11625,13173,11850
현대비앤지스틸우,53900,55700,55700,53200,462,53900
KBSTAR 200생활소비재,7725,7705,7730,7660,340,7780
삼성 건축자재 테마주 ETN,2975,2950,2975,2945,2200,2955
TIGER KRX300선물인버스,9905,9985,9985,9905,6,9825
KBSTAR 중국MSCI China선물(H),10650,10595,10650,10520,97,10710
성문전자우,9690,9500,9770,9420,46675,9680
ARIRANG S&P글로벌인프라,9600,9640,9640,9440,341,9670
파워 고배당저변동성,20890,20705,20890,20665,2758,21470
TIGER 200커버드콜5%OTM,11590,11645,11645,11590,47,11590
KBSTAR ESG사회책임투자,8190,8185,8190,8145,6,8270
KODEX 3대농산물선물(H),6890,6940,6955,6880,18392,6890
ARIRANG 코스닥150선물인버스,11405,11360,11530,11290,48576,11475
TIGER MSCI KOREA ESG유니버설,7640,7650,7650,7640,21,7640
TIGER KRX300레버리지,8000,8150,8150,7895,376,8185
KODEX 한국대만IT프리미어,11410,11400,11435,11315,1829,11420
KODEX 콩선물(H),7130,7180,7180,7130,2602,7135
KODEX 퀄리티Plus,8055,8075,8095,7965,262,8090
대신 인버스 니켈선물 ETN(H),8010,8005,8010,8005,41,8015
ARIRANG 미국다우존스고배당주(합성 H),10370,10460,10500,10335,4608,10540
TIGER 미디어컨텐츠,4905,4770,4905,4760,27570,4885
KINDEX 코스닥(합성),9300,9285,9310,9225,408,9260
하나니켈2호,1780,1705,2040,1600,6012027,1690
TIGER 금은선물(H),9195,9255,9260,9170,14098,9235
HANARO 코스닥150선물레버리지,6435,6505,6590,6300,4642,6420
KODEX 기계장비,3125,3150,3150,3090,1013,3220
노루페인트우,12100,12150,12800,11600,67199,11800
TIGER 베타플러스,10465,10520,10520,10465,2,10465
대신 아연선물 ETN(H),7590,7160,7610,7160,296,7750
TIGER 원유선물인버스(H),28935,27930,29630,26850,233018,27100
TIGER 대형성장,8210,8240,8245,8190,1059,8310
ARIRANG 글로벌MSCI(합성 H),11870,11925,11925,11750,329,11830
KOSEF KRX100,4155,4175,4175,4110,170,4215
신한 레버리지 구리 선물 ETN,7575,7500,7580,7500,3079,7575
KODEX 성장투자,8365,8305,8365,8305,5,8400
TIGER 국채선물10년인버스,47155,47100,47155,47100,30,47155
KODEX 보험,5055,5035,5080,5000,59780,5025
TIGER 의료기기,12585,12750,12800,12530,4408,12560
대원전선우,2995,2800,3030,2725,129294,2870
TIGER 차이나항셍25,16445,16300,16445,16260,327,16415
KODEX 미국S&P산업재(합성),13545,13500,13635,13490,1736,13810
TIGER 200에너지화학레버리지,5445,5480,5590,5030,50852,5670
KOSEF 코스닥150선물레버리지,3180,3235,3245,3110,21190,3160
TIGER 구리실물,5985,6030,6030,5945,14890,5970
KODEX 미국S&P바이오(합성),26900,26815,26900,26430,1594,26440
삼성 인버스 2X 은 선물 ETN(H),7450,7265,7515,7180,35996,7265
KINDEX 삼성그룹동일가중,11845,11830,11880,11765,39,12085
KBSTAR 내수주플러스,8535,8480,8535,8470,124,8580
KINDEX 스마트하이베타,8900,8870,8900,8870,20,9005
KBSTAR KRX300미국달러선물혼합,10245,10215,10245,10135,161,10290
SMART 중국본토 중소형 CSI500(합성 H),3935,3955,4035,3900,1905,4000
KOSEF 코스피100,19750,19765,19865,19550,197,19960
KODEX 200ESG,8815,8795,8840,8720,146,8930
KINDEX 러시아MSCI(합성),24100,24215,24245,23145,5398,23805
KBSTAR 팔라듐선물(H),11455,11455,11480,11285,155641,11740
KOSEF 저PBR가중,9875,9800,9875,9725,62,10040
깨끗한나라우,19050,19550,19550,18650,5389,19150
KODEX KRX300선물인버스,10085,10050,10130,10025,1274,9990
KBSTAR 헬스케어,10730,10865,10865,10680,43,10735
KBSTAR V&S셀렉트밸류,9840,9785,9840,9725,191,9890
흥국 S&P코리아로우볼,8075,8070,8075,8070,2,8230
KODEX 에너지화학,8800,8855,8855,8685,12114,8940
KINDEX 미국다우존스리츠(합성 H),66985,66500,68355,65685,322,68755
KBSTAR 코스닥150선물인버스,7605,7575,7690,7530,62011,7625
CJ씨푸드1우,34100,34900,34900,33500,11118,34300
미래에셋 원유선물혼합 ETN(H),6225,5840,6770,5570,560476,6840
KOSEF 200선물인버스,8835,8830,8915,8820,978,8770
ARIRANG 국채선물3년,53125,53125,53125,53125,0,53125
KINDEX 스마트밸류,9540,9525,9540,9525,21,9635
KINDEX 인버스,8330,8395,8420,8315,15003,8300
삼성 레버리지 구리 선물 ETN(H),6585,6520,6605,6500,19527,6635
QV MSCI 선진국 ETN,9260,9260,9260,9260,0,9370
TIGER 코스닥150바이오테크,9410,9585,9665,9400,10829,9335
동원시스템즈우,24100,24100,24100,23550,91,24500
KBSTAR 모멘텀밸류,9020,8935,9020,8880,65,9140
크라운해태홀딩스우,10500,10200,10500,10100,7404,10650
삼성중공우,54800,53700,54800,53300,1819,55700
TIGER 중장기국채선물인버스2X,45755,45900,45900,45740,50,45525
신한 인버스 2X 금 선물 ETN,6455,6355,6480,6350,62300,6335
성신양회우,8490,8420,8540,8180,37011,8590
마이티 200커버드콜ATM레버리지,6915,6895,6915,6890,35,6975
TIGER 글로벌자원생산기업(합성 H),8875,8805,8875,8800,5559,9145
신한 코스피 콘도르 6/10% 콜 2204-01 ETN,10045,10045,10045,10045,0,10010
SK증권우,2425,2430,2455,2385,15378,2550
KODEX S&P글로벌인프라(합성),9720,9890,9890,9715,534,10025
넥센우,2705,2745,2745,2670,82,2730
신한 FnGuide 5G 테마주 ETN,9840,9950,10040,9820,4882,9810
KODEX 헬스케어,14100,14325,14325,14030,4311,14010
TRUE 인버스 유로선물 ETN B,9730,9730,9730,9730,0,9760
신한 코스피 월별 양매도 5% 콜 2206-1 ETN,9765,9765,9765,9765,0,9755
KODEX 모멘텀Plus,8810,8795,8855,8670,14018,8855
남선알미우,30950,30450,32850,30400,41602,31600
KINDEX 모닝스타싱가포르리츠채권혼합,9665,9665,9665,9660,15,9665
KINDEX 밸류대형,5985,5980,5985,5980,21,6040
하나니켈1호,452,400,519,389,75626387,422
KOSEF 블루칩,6745,6680,6745,6625,536,6830
신한 코스피 월별 양매도 3% 콜 2206-1 ETN,9515,9515,9515,9515,0,9490
KINDEX 인도네시아MSCI(합성),6600,6740,6865,6600,17278,6750
TIGER 일본니케이225,13480,13430,13480,13235,2717,13480
QV 제약 TOP5 ETN,4700,4715,4740,4700,149,4715
KODEX 미국러셀2000(H),8340,8325,8390,8240,19494,8570
신한 코스피 콘도르 4/10% 콜 2204-01 ETN,9445,9455,9455,9445,41,9400
ARIRANG 200선물레버리지,18430,18270,18470,17935,17158,18665
HANARO 200선물인버스,15640,15720,15845,15610,2376,15550
KTOP 코스피50,18005,17980,18105,17880,186,18240
TRUE 인버스 유로스탁스50 ETN(H) B,9480,9520,9520,9480,1721,9285
대신 인버스 아연선물 ETN(H),13430,13430,13430,13430,3,13190
태양금속우,2880,2660,3320,2605,3258571,2790
대신 인버스 철광석 선물 ETN(H),4530,5150,5150,4485,10722,4575
KODEX 미국S&P에너지(합성),5020,5220,5220,5020,70373,5400
TRUE 레버리지 HSCEI ETN(H),8930,8935,8935,8770,393,9085
KODEX KRX300레버리지,8120,8200,8305,7975,22680,8255
신한 인버스 달러인덱스 선물 ETN(H),9055,9055,9055,9055,0,9040
QV 인버스 레버리지 MSCI 선진국 ETN,13385,13340,13390,13240,102,12885
유유제약1우,7860,7820,7870,7700,6577,7950
TRUE 인버스 엔선물 ETN B,9005,9005,9005,9005,0,9010
TIGER 일본엔선물,11295,11245,11295,11225,805,11255
KBSTAR 차이나HSCEI(H),11135,10995,11140,10995,94,11220
금호산업우,29800,29100,30050,29100,1574,30500
KINDEX 스마트로우볼,11035,11040,11040,11035,20,11135
KODEX 미국채10년선물,12660,12620,12685,12620,9886,12640
NPC우,2320,2310,2335,2245,7954,2325
KOSEF 인도Nifty50(합성),10415,10545,10615,10350,29169,10655
삼성 음식료 테마주 ETN,6055,6090,6090,6005,327,6115
QV 레버리지 10년 국채선물 ETN,24325,24325,24325,24325,26,24325
신한 인버스 다우존스지수 선물 ETN(H),6110,6095,6125,6090,8735,6075
KBSTAR 모멘텀로우볼,10005,9985,10010,9890,36,10080
QV 미국 IT TOP5 ETN(H),17410,18000,18000,17320,595,17165
삼성 인버스 China A50 선물 ETN(H),11940,12040,12145,11930,18896,11895
KODEX 200미국채혼합,11365,11390,11390,11300,7496,11430
덕성우,9030,7120,9030,7030,666645,8510
TIGER 코스닥150IT,11325,11290,11445,11230,2661,11360
일정실업,9800,9500,9800,9500,878,9760
TRUE 레버리지 엔선물 ETN B,11665,11665,11665,11665,14,11660
대신 WTI원유 선물 ETN(H),2030,2125,2380,1960,4104240,2330
현대건설우,117500,122000,122000,113000,1611,116000
QV 인버스 레버리지 S&P500 ETN,5775,5765,7600,5620,5258,5710
TIGER 경기방어채권혼합,9465,9480,9485,9440,8236,9485
TIGER 미국S&P500선물인버스(H),6185,6180,6210,6150,39239,6140
KOSEF 200 선물,11515,11445,11520,11320,478,11590
신한 달러인덱스 선물 ETN(H),11195,11195,11195,11195,0,11175
삼성 인버스 2X 금 선물 ETN(H),11275,11165,11335,11110,76856,11135
ARIRANG KS로우사이즈가중TR,10005,10010,10030,9925,50,10060
TRUE 인버스 2X S&P500 선물 ETN(H),5590,5600,5650,5570,113888,5515
TRUE 엔선물 ETN B,10965,10965,10965,10965,0,10945
TRUE 인버스 HSCEI ETN(H) B,10885,10885,10885,10865,3,10885
TIGER 200커버드콜ATM,8960,9010,9010,8960,11,9035
TRUE 코스피 커버드풋 ETN B,10945,10945,10945,10945,28,10830
TIGER 화장품,3005,3000,3035,2975,81961,3030
TIGER 미국나스닥바이오,18070,18190,18220,18000,14550,17955
ARIRANG 우량회사채50 1년,107535,107535,107550,107535,50072,107560
신한 천연가스 선물 ETN(H),3560,3540,3585,3510,37767,3585
TIGER 인도니프티50레버리지(합성),8565,8855,8870,8455,76725,8900
한화솔루션우,9470,9540,9620,9370,14842,9500
삼양홀딩스우,35100,35550,35550,34600,262,35000
TIGER 200 중공업,1915,1915,1920,1890,28594,1980
KBSTAR 고배당,8080,8075,8120,7995,2233,8150
ARIRANG 고배당주채권혼합,9505,9500,9510,9460,394,9595
파워 코스피100,19890,19860,19960,19700,47,20145
KINDEX 미국4차산업인터넷(합성 H),13030,12945,13045,12900,3877,12940
삼성 레저 테마주 ETN,5045,5045,5045,5045,0,5145
KODEX 글로벌4차산업로보틱스(합성),11125,10955,11130,10935,4531,11205
KINDEX S&P아시아TOP50,11160,11050,11160,10965,991,11190
TRUE 섹터탑픽 ETN,7435,7435,7435,7435,0,7535
TIGER S&P글로벌헬스케어(합성),15205,15320,15320,15025,2633,15035
QV 조선 TOP5 ETN,7385,7385,7385,7385,0,7490
KODEX 200 중소형,7395,7445,7445,7315,2554,7480
미래에셋 인버스 에너지화학 Core5 ETN,7440,7460,7460,7440,697,7420
넥센타이어1우B,2255,2280,2280,2240,8942,2280
하이트론,2590,2710,2710,2580,19603,2675
삼성 온라인쇼핑 테마주 ETN,7350,7260,7350,7235,8,7390
신한 브렌트원유 선물 ETN(H),3695,2600,3695,2600,423429,3695
TIGER 코스피고배당,9125,9195,9195,9055,1319,9285
컨버즈,4100,0,0,0,0,4100
KODEX 건설,2190,2180,2190,2140,30600,2230
쌍용양회우,9510,9730,9800,9410,5433,9460
ARIRANG KRX300,11910,11880,11925,11755,158,11985
한국주강,1275,1325,1325,1240,39030,1260
신한 인버스 2X 미국달러 선물 ETN,7045,7060,7060,7025,76,7115
녹십자홀딩스2우,16700,16600,16700,16400,903,16700
신한 인버스 금 선물 ETN(H),7050,7010,7060,7000,17545,7000
QV CHINEXT ETN(H),6945,6945,6945,6945,0,7000
미래에셋 레버리지 원유선물혼합 ETN(H),1270,0,0,0,0,1270
미래에셋 인버스 미디어엔터 Core5 ETN,14325,14325,14325,14325,0,13970
QV 내수소비 TOP5 ETN,6935,6935,6935,6935,0,6935
QV 건설 TOP5 ETN,6680,6680,6680,6680,608,6845
FOCUS ESG리더스,6695,6655,6715,6655,6,6840
삼성 증권 테마주 ETN,6425,6520,6615,6425,2027,6800
ARIRANG 미국나스닥기술주,15095,15250,15250,15020,5883,15000
KODEX 바이오,9440,9645,9695,9410,30549,9365
신한 콩 선물 ETN(H),6770,6775,6810,6745,1344,6730
삼성 미디어 테마주 ETN,6555,6555,6555,6555,0,6680
KBSTAR 채권혼합,55160,55120,55205,55030,11,55435
KINDEX 미국WideMoat가치주,11900,11860,11900,11825,3418,12025
신한 인버스 2X 천연가스 선물 ETN,13425,13525,13760,13265,46894,13205
KODEX 코스피100,19900,20050,20050,19710,2842,20130
한화우,28250,28700,31450,25850,430904,26600
QV 운송 TOP5 ETN,6375,6375,6375,6375,0,6355
삼성 China A50 선물 ETN(H),13945,13945,13945,13945,0,14135
미래에셋 미국 헬스케어 ETN(H),13840,13835,13840,13835,324,13850
KOSEF 미국달러선물,13030,13005,13050,13000,26274,12970
신한 금 선물 ETN(H),13580,13660,13685,13560,4925,13700
삼성 미국 대형 성장주 ETN(H),13730,13680,13730,13680,16963,13660
KODEX 삼성그룹밸류,6380,6395,6430,6300,33577,6500
진양폴리,2720,2695,2720,2595,230823,2730
동원금속,575,569,579,566,169442,581
TIGER 농산물선물Enhanced(H),3930,3930,3950,3900,36464,3930
KINDEX 삼성그룹섹터가중,9900,9910,9930,9800,62,10030
QV 인버스 레버리지 WTI원유 선물 ETN(H),16640,16400,17285,14250,156061,13515
TIGER 미국다우존스30,14940,14850,14985,14810,25870,15010
삼화전자,2545,2620,2620,2490,41937,2570
KINDEX 코스피,19540,19505,19540,19325,64,19695
TIGER 일본TOPIX(합성 H),11940,12120,12120,11920,421,12050
경인전자,16750,16550,16850,16050,3256,16850
TRUE 인버스 2X 천연가스 선물 ETN(H),26510,26620,27185,26270,35043,26235
태원물산,3410,3475,3475,3385,15504,3415
ARIRANG 미국장기우량회사채,107680,107640,107935,107245,599,107600
KINDEX 일본TOPIX인버스(합성 H),6225,6190,6270,6190,99232,6120
QV 바이오 TOP5 ETN,12850,13000,13100,12850,485,12790
한진칼우,47800,48200,49750,47700,37906,47350
신한 레버리지 미국달러 선물 ETN,12875,12820,12875,12820,186,12705
미래에셋 중국 심천 100 ETN,12770,12640,12770,12640,4,12690
ARIRANG 단기채권액티브,105060,105060,105060,105060,0,105075
두산퓨얼셀2우B,8430,8420,8700,8370,12462,8470
한국전자홀딩스,537,520,551,518,267621,539
유안타증권우,1875,1885,1910,1860,12901,1940
파워 200,26075,25925,26140,25765,34539,26330
씨아이테크,1030,1095,1095,1030,140655,1035
미래에셋 미국 중형주 ETN(H),12240,12240,12240,12240,0,12450
미래에셋 미디어엔터 Core5 ETN,12060,12060,12060,12060,0,12395
성안,432,443,443,424,110170,434
미래에셋 미국 고배당주 ETN(H),11880,11880,11880,11880,1,12210
ARIRANG 단기우량채권,52875,52890,52890,52870,2393,52885
미래에셋 일본 대형주 ETN(H),12080,12080,12080,12080,0,12080
QV 레버리지 S&P500 ETN,11840,11810,11840,11810,206,12015
삼성 KRX 금현물 ETN,11955,12055,12055,11935,9619,12010
TIGER 미국달러단기채권액티브,10505,10585,10585,10470,16693,10445
ARIRANG 미국단기우량회사채,102975,102735,103035,102735,24,102385
삼성 바이오 테마주 ETN,11760,11945,11945,11760,53,11765
ARIRANG KS로우볼가중TR,9425,9360,9425,9300,50,9495
QV 스마트리밸런싱 260/4 ETN,11550,11550,11550,11550,0,11620
대신 인버스 2X 니켈선물 ETN(H),11560,11515,11795,11495,553,11540
신화실업,18900,18600,19200,18550,1516,18900
KOSEF 미국달러선물레버리지,10440,10390,10470,10385,10547,10325
LG하우시스우,22250,22100,22300,21800,5707,22150
한국제지,13900,13650,13950,13500,23892,14350
유양디앤유,1220,0,0,0,0,1220
사조씨푸드,4070,4050,4080,3955,239289,4140
신영와코루,78500,78100,80400,76200,1211,78800
두올,2590,2620,2645,2540,204056,2620
평화산업,1285,1315,1315,1270,411806,1290
신풍제약우,32750,34750,36200,32750,216925,32150
MH에탄올,9460,9240,9520,8940,361303,9570
포스코강판,11550,11700,11900,11500,27292,11750
우진,3480,3500,3505,3425,197590,3485
유유제약,11100,11300,11450,11000,120074,11050
참엔지니어링,1270,1285,1285,1230,71072,1305
남영비비안,1035,1035,1045,1000,1746377,1020
KODEX 미국달러선물,10805,10795,10835,10780,200652,10760
대유플러스,633,626,635,624,320834,650
영화금속,1400,1385,1420,1365,987601,1530
엔케이,864,890,890,843,341432,869
KCTC,2270,2275,2290,2230,63163,2295
쎌마테라퓨틱스,6630,6520,6770,6460,176356,6810
대원전선,1005,1000,1020,993,592671,1005
화천기공,30500,30650,31000,30300,2061,30900
미래산업,74,74,74,72,24924575,80
TIGER 부동산인프라고배당,4320,4345,4345,4315,40350,4395
경동인베스트,27500,27400,28400,27000,3212,28150
KTis,1875,1860,1875,1805,125411,1900
KBSTAR 200IT,9340,9335,9360,9305,80,9400
새론오토모티브,3475,3520,3520,3415,17680,3430
KODEX 2차전지산업,7345,7410,7480,7290,109780,7480
유성기업,2570,2520,2590,2515,55615,2525
한국석유,97200,97700,97700,95500,3640,98500
가온전선,15150,15700,15700,14950,2236,15500
KBSTAR 금융채액티브,101620,101580,101620,101580,6,101735
이건산업,5800,5840,5840,5560,59513,5850
STX중공업,2345,2400,2405,2295,587471,2250
화천기계,2865,2945,3110,2860,3996664,2870
대림통상,4160,4230,4230,4100,5159,4140
TIGER 유로스탁스50(합성 H),9680,9750,9750,9615,17903,9880
비티원,3110,3380,3470,3100,1085270,2915
키다리스튜디오,5550,5610,5620,5200,78490,6730
강남제비스코,17350,17100,17350,16900,12424,17450
극동유화,3065,3100,3100,3020,397379,3250
화성산업,8740,8690,8810,8630,24055,9100
대우부품,2370,2400,2435,2340,1655973,2375
세아제강,39000,39100,39950,38800,2977,39750
KINDEX 200TR,15260,15220,15330,15105,506,15440
HSD엔진,3420,3320,3450,3250,736099,3410
보해양조,864,884,884,856,1660970,880
상상인증권,1120,1135,1150,1120,78890,1160
태평양물산,2285,2175,2290,2085,3541922,2200
동일고무벨트,7520,8560,8560,7520,710491,8010
벽산,1570,1675,1675,1540,1725759,1590
코오롱머티리얼,1590,1600,1600,1565,240623,1585
보락,1780,1820,1840,1755,708120,1815
현대비앤지스틸,7120,7190,7250,7010,23408,7210
써니전자,3130,3110,3200,3085,2055935,3210
샘표,37500,35350,37550,34650,29695,37600
TIGER 코스피,19395,19445,19460,19255,1934,19610
YG PLUS,1850,1770,1885,1745,2445364,1850
제주은행,3340,3300,3395,3295,298870,3345
삼부토건,783,775,796,763,1613822,780
한전산업,3235,3200,3255,3180,85817,3290
대동공업,4495,4525,4540,4425,86284,4520
성창기업지주,1500,1520,1570,1475,185948,1535
대한화섬,80200,80500,80500,78300,907,80600
유니켐,1445,1415,1490,1385,1122332,1580
광전자,1840,1850,1870,1820,93394,1840
티웨이홀딩스,1375,1180,1450,1140,11708016,1390
인천도시가스,24200,24400,24450,24150,2546,24300
삼성 KTOP30 ETN,10505,10530,10555,10460,115008,10600
동남합성,29900,30500,30500,29650,4028,29350
화승알앤에이,1615,1595,1630,1565,85392,1625
경동도시가스,17550,17700,17750,17400,15152,17750
미창석유,59600,61400,61400,59500,2751,60000
두산솔루스1우,14050,14300,14450,13750,91298,14100
디와이,3900,3930,3965,3870,77443,3940
대한방직,19350,19350,19750,19250,14404,19550
디아이,3300,3270,3330,3190,93139,3250
깨끗한나라,3665,3720,3760,3580,471462,3675
백산,5650,5270,5910,5260,2091055,5600
SG세계물산,655,650,662,645,766381,669
HANARO MSCI Korea TR,10315,10290,10350,10205,52,10385
NPC,3675,3800,3800,3650,75315,3670
태경산업,4480,4550,4560,4435,30300,4600
일신방직,55400,54700,55400,53900,1578,56000
대림산업우,35500,33550,35500,33350,31238,35300
삼화페인트,5110,5150,5270,5050,100760,5050
마니커,829,844,849,822,5541425,839
TIGER 미국S&P500선물(H),33310,33390,33425,33130,101763,33615
삼익악기,1445,1460,1470,1435,469890,1460
텔코웨어,13700,13850,13850,13300,31139,13600
쌍방울,932,952,956,928,2087096,946
샘표식품,29200,29100,29300,28300,17404,28800
국제약품,7230,7400,7430,7080,681723,7150
사조대림,14300,14450,14450,14000,25421,14350
아남전자,1615,1625,1645,1590,671600,1700
한국공항,41800,42900,42900,41350,47235,41300
코오롱플라스틱,3330,3330,3490,3240,224632,3440
자화전자,7190,7240,7240,7070,55180,7300
유화증권,2270,2270,2270,2260,11633,2300
핸즈코퍼레이션,5950,5990,6000,5840,4934,5950
한창제지,2210,2190,2230,2170,2600506,2180
대성에너지,4740,4730,4745,4690,38092,4730
크라운해태홀딩스,8790,8920,8920,8560,32531,8750
KBSTAR 코스닥150선물레버리지,7455,7580,7625,7285,57699,7405
진양홀딩스,2305,2285,2345,2270,43801,2310
카프로,3160,3295,3300,3075,826931,3210
남광토건,12450,13000,13250,12100,258961,13050
사조동아원,909,919,919,890,830026,904
동양물산,1000,1030,1035,997,2043409,1010
STX,6520,6500,6620,6300,126262,6430
삼호개발,4980,5000,5080,4805,651284,5060
대영포장,1170,1150,1210,1135,12243050,1165
자이에스앤디,4800,4790,4925,4635,215836,4700
백광산업,2750,2825,2830,2695,3471824,2775
노루홀딩스,9200,9280,9400,9170,8444,9370
KODEX 배당가치,8425,8375,8425,8335,407,8540
동일산업,49700,49250,49750,49150,2320,50800
디씨엠,10350,10350,10450,10100,12661,10500
동양철관,1030,1065,1065,1000,1361472,1030
삼성물산우B,73400,73900,75000,73000,7454,75200
한라,3110,3200,3270,3045,320244,3145
명문제약,4960,5130,5140,4925,975926,4930
인디에프,2050,2105,2140,2010,2906392,2055
한국ANKOR유전,1725,1725,1730,1725,6028,1725
HDC현대EP,3785,3820,3845,3760,105642,3780
일신석재,2470,2470,2565,2405,11933831,2485
성신양회,7800,7820,8000,7590,816802,7830
부국증권,17350,17300,17500,17250,3007,18400
효성ITX,16400,17000,17000,16100,117112,16350
삼성 인버스 2X 천연가스 선물 ETN,19175,19360,19690,18945,93864,18805
휴비스,5270,5370,5390,5200,246912,5440
한국금융지주우,30800,30600,31150,30350,44531,32000
동성코퍼레이션,3985,3940,4025,3900,108846,4110
코리아써키트,7980,7900,8060,7770,238588,7900
KPX홀딩스,43700,43250,44400,43150,1894,44150
케이씨,13450,13550,13800,13350,32157,13750
QV 코스피 양매도 5% OTM ETN,9320,9320,9320,9320,0,9310
KINDEX 중국본토CSI300,23050,23020,23070,22700,2900,22915
동부건설,8340,8350,8480,8170,35664,8460
경보제약,7700,7720,7740,7630,31897,7710
일진홀딩스,3710,3710,3755,3590,149103,3715
아세아,81900,81500,82300,81400,2747,83400
티웨이항공,3920,3835,4215,3750,2126876,3885
ARIRANG 단기유동성,111720,111720,111720,111720,0,111725
무학,6120,6290,6290,6050,87020,6370
한국철강,3840,3800,3850,3765,42832,3930
S&T중공업,5470,5420,5530,5400,50410,5440
세방,9180,8810,9200,8810,18368,9360
KG케미칼,14000,14000,14100,13500,219955,13850
대원강업,2895,2910,2940,2865,25928,2900
이수화학,12450,11700,12700,10950,1304830,11700
세화아이엠씨,2990,0,0,0,0,2990
아시아나IDT,16000,16000,17000,15400,516304,15900
AJ네트웍스,3595,3570,3625,3535,80394,3735
신한 인버스 2X 천연가스 선물 ETN(H),8770,8815,9005,8650,404583,8675
한국화장품제조,37600,37900,39000,36900,279320,38050
신한 인버스 2X WTI원유 선물 ETN(H),17480,16070,18060,14465,9610559,14290
삼성 레버리지 WTI원유 선물 ETN,835,0,0,0,0,835
TIGER 중국소비테마,6420,6350,6435,6310,55920,6435
KINDEX 베트남VN30(합성),11140,11180,11285,11125,41809,11165
유니퀘스트,6260,6280,6390,6120,83164,6250
KSS해운,7180,7030,7240,6930,124988,7300
KBSTAR 코스닥150,9900,9940,9990,9765,33334,9875
효성중공업,18000,17600,18600,17500,140082,18000
종근당바이오,30800,31600,31600,30200,46392,30200
팜스코,4450,4500,4580,4410,132638,4490
신라교역,9950,9690,9950,9610,14905,10200
삼양통상,53900,51600,54000,50100,14701,54000
대한제당,17250,17350,17350,17100,14512,18000
녹십자홀딩스,21050,21300,21500,20700,91861,21050
GKL,16200,15250,16200,15100,608279,15850
한국콜마,42200,42150,42850,41650,168990,42700
한솔케미칼,81900,83500,83600,81500,41359,85800
TRUE 코스피 양매도 5% OTM ETN,9780,9770,9790,9760,10112,9780
한화시스템,8770,8710,9160,8520,2645706,8720
영풍,512000,505000,517000,505000,953,521000
OCI,39300,40000,40550,38500,176787,39950
JB금융지주,4690,4645,4780,4585,708328,4835
TIGER TOP10,8295,8290,8330,8215,1765,8370
KODEX 삼성그룹,6345,6350,6380,6270,97939,6430
한국테크놀로지그룹,9860,9540,9860,9500,89370,10100
아시아나항공,4210,4260,4295,4170,2176549,4170
HANARO 200,25675,25525,25725,25350,15502,25860
KODEX WTI원유선물(H),3130,3195,3340,3090,83593533,3385
영진약품,4985,5090,5090,4970,834224,4995
대한유화,144500,140000,145500,135000,170564,140500
SK케미칼,78600,79900,80500,77800,291086,77700
롯데리츠,5370,5260,5420,5250,1030741,5300
코스맥스,88700,89000,91200,87400,144672,89000
두산인프라코어,4250,4455,4465,4240,2623934,4295
현대위아,32100,32000,32850,31850,150897,32850
DGB금융지주,5150,4980,5270,4945,2604077,5270
태광산업,766000,754000,773000,747000,2085,800000
신풍제약,17050,17800,18350,16750,4157221,16700
오리온홀딩스,13900,13950,14000,13750,111596,14100
금호타이어,3080,3050,3115,3035,309953,3060
롯데칠성,108000,107000,109500,104000,78236,109000
현대홈쇼핑,71300,68500,71300,68400,41841,72000
코오롱인더,29900,30100,30400,29650,202515,30850
동원산업,227000,238000,238000,223000,5022,226000
현대오토에버,39150,38650,39750,37950,65152,39450
롯데제과,124000,122500,124000,120000,7457,128000
현대그린푸드,8170,8020,8330,7940,502218,8190
KODEX 단기채권PLUS,102325,102325,102325,102320,15528,102330
롯데관광개발,11600,11100,11950,11100,877852,11450
쿠쿠홈시스,35050,35300,35300,34800,13473,35100
동아에스티,88800,88600,90000,87300,22380,91300
삼양식품,102500,105000,105000,101500,31596,101000
현대백화점,75200,72700,76000,71000,169388,72700
부광약품,27100,26900,27400,26100,3317471,26100
현대엘리베이,62400,62600,63000,61000,295843,61900
키움증권,72700,73900,73900,71800,42395,75000
F&F,109500,109500,111000,108000,42653,107000
BNK금융지주,4970,4905,5130,4900,2545560,5050
메리츠화재,13900,13850,14250,13800,124004,13850
한화생명,1765,1775,1790,1735,8214880,1800
신세계인터내셔날,218500,209500,220000,204000,88837,218000
한화,19400,19050,19550,18750,536583,20700
현대로템,18150,18600,19450,17300,9035927,18000
LG생활건강우,738000,745000,750000,738000,2914,726000
TIGER 단기통안채,100450,100445,100455,100445,812812,100445
NHN,76200,77600,77600,75000,70420,76400
대우건설,3465,3500,3550,3390,1410460,3560
효성,71900,70700,72100,70600,51468,69800
KCC,166000,167000,172500,164500,44366,165000
한전KPS,32000,32050,32300,31600,107485,32450
메리츠금융지주,9800,9630,9980,9500,67156,9930
현대차우,56700,56800,57600,56400,90630,56900
KBSTAR 200,25675,25555,25745,25345,104633,25890
한화에어로스페이스,27400,26150,28450,25650,2725392,26900
SK네트웍스,5520,5700,5790,5490,2472768,5400
LG화학우,168000,169000,178500,165000,28091,172500
한올바이오파마,24000,24450,24800,24000,231539,24300
HDC현대산업개발,17600,17700,17850,17400,545657,18850
대웅제약,109500,113000,113000,108000,151190,107000
현대미포조선,28850,29250,29250,28550,261235,30750
KODEX 종합채권(AA-이상)액티브,109280,109130,109335,109095,51211,109445
LS,36400,35850,36650,35600,83059,37650
지누스,86200,86300,91000,84200,235977,84900
영원무역,27300,26200,27650,26200,229879,27150
DB하이텍,26050,26750,26800,25700,770931,26750
LS ELECTRIC,38700,38850,39100,38300,62032,39100
KODEX 코스닥150 레버리지,7545,7640,7725,7390,29503173,7500
이노션,58300,57500,58700,57100,27315,58300
KG동부제철,11250,12000,12250,11100,306978,11500
HMM,3600,3685,3700,3570,1272368,3610
파미셀,19250,19100,19600,18650,4394006,19000
만도,23200,23450,23650,23050,404907,23650
에스원,85900,83400,86000,83200,62640,86500
포스코케미칼,51500,53200,53500,51200,310728,51800
유한양행,46600,46850,47000,46400,233409,47150
DB손해보험,44900,45000,45550,44550,240514,44150
LG이노텍,136500,136500,138500,134500,298411,132000
한미약품,255500,256500,258000,253000,42071,259000
대림산업,87400,81800,87400,81700,452274,88100
GS리테일,37950,37300,37950,36200,869039,37950
현대제철,19750,19850,20250,19500,982060,21600
TIGER 200,25650,25600,25730,25335,804161,25820
롯데쇼핑,104000,99900,105000,97000,655822,99800
한국금융지주,47450,47700,48900,46850,295534,50100
BGF리테일,159000,159500,162000,153000,50427,158000
NH투자증권,9050,9100,9250,8950,1466949,9690
삼성중공업,4090,4140,4155,4060,5902332,4285
삼성증권,28400,28800,29200,28200,500312,30100
한국타이어앤테크놀로지,21200,21050,21600,20800,367844,21250
신세계,263500,257000,265000,255000,121728,265000
더존비즈온,87200,89000,89600,86700,193744,87900
쌍용양회,5100,5180,5190,5050,1181734,5120
한국항공우주,25500,25700,26750,25050,2158300,25650
한국가스공사,26750,27050,27050,26600,279656,26950
CJ,81500,82300,84700,80500,128300,81000
두산밥캣,22950,23350,23800,22200,679978,23500
한화솔루션,14250,14600,14700,14200,815526,14550
현대해상,26450,25950,26500,25600,258318,26100
금호석유,76400,76300,78300,75100,245956,76400
하이트진로,31800,31750,32450,31400,390585,32450
삼성엔지니어링,11050,11150,11200,10900,1497236,11500
현대차2우B,58900,59100,59700,58500,47545,58600
휠라홀딩스,35050,34700,36500,34100,1026311,34800
제일기획,17600,17550,18250,17450,1041842,17700
GS건설,25300,25000,25300,24350,507685,25300
메리츠증권,3080,3065,3145,3010,2895421,3270
KODEX 200선물인버스2X,6680,6730,6860,6640,174171768,6575
오뚜기,548000,555000,555000,541000,4905,545000
대한항공,19700,19950,20000,19550,1172863,19800
