애경산업,27300,27200,27650,27100,63121,28600
NICE,19450,19700,19800,19150,44200,19900
동아에스티,87900,85300,88500,85300,13874,88800
KODEX MSCI Korea TR,8160,8125,8180,7990,467770,8190
다우기술,15550,15450,15750,15400,117654,15850
화승엔터프라이즈,12050,11800,12150,11600,400681,11700
SK가스,76500,77400,77400,76000,11581,76400
아주캐피탈,12000,12050,12100,11900,71030,12150
휴켐스,16400,15850,16500,15850,100531,16950
아모레퍼시픽우,61900,62100,62500,61700,18154,64000
두산,37600,36850,37900,36850,75971,40650
미래에셋생명,3560,3585,3620,3515,88663,3650
한전기술,16950,16650,17100,16500,112299,16900
대덕전자,8210,8190,8270,8100,1176262,8210
ARIRANG 200,26020,25580,26125,25550,153855,25790
에스엘,12500,12000,12500,12000,78888,13050
쿠쿠홀딩스,87000,83400,87500,83400,4976,88100
일양약품,33900,32900,37500,32850,1469320,32800
QV 코스피 변동성 매칭형 양매도 ETN,8940,8940,8940,8940,0,8940
빙그레,63900,61000,63900,60200,134916,63400
후성,6730,6630,6740,6610,475480,6700
SPC삼립,71400,70200,73600,70200,22975,71200
JW중외제약,29800,29650,29950,29300,141426,29150
풍산,21350,21800,22250,21050,473627,21600
한섬,24650,22550,25350,22500,195351,24500
락앤락,10950,10750,11150,10750,162781,11100
하나투어,40800,40350,40950,40250,76730,42700
TIGER MSCI Korea TR,10245,10085,10275,10085,78050,10295
제이콘텐트리,35000,34000,35350,34000,160415,35450
보령제약,12850,13100,13100,12650,544800,12950
LIG넥스원,25700,25750,26100,24650,409271,26000
종근당홀딩스,116500,115500,117500,115000,20139,114000
CJ CGV,25300,24700,25500,24450,350327,26900
한진,48200,49100,50100,45100,231805,47400
KINDEX 200,26095,25675,26195,25630,672900,25630
롯데하이마트,23850,22000,24200,22000,266791,23900
동원시스템즈,22300,20950,22350,20950,62816,21850
넥센타이어,5660,5590,5710,5540,314306,5700
에이프로젠 KIC,3915,3915,3915,3645,19493623,3595
영원무역홀딩스,38100,36650,39100,36450,6256,40600
롯데정보통신,33400,32400,34150,32200,60828,35800
대한전선,646,650,652,642,885915,639
한진중공업,6740,6600,6840,6400,1034380,6530
효성티앤씨,125000,125000,127500,124000,11104,125000
씨에스윈드,31350,30000,31900,29450,64488,31100
남선알미늄,4585,4560,4665,4545,6936776,4875
HDC,8980,8850,9050,8830,166042,8990
한일현대시멘트,31950,32500,33850,31450,116238,31750
동아쏘시오홀딩스,87800,86200,88400,86200,5529,87000
S&T모티브,34900,35000,35650,34700,49146,34750
LG상사,12750,12700,12900,12550,172717,13000
에이프로젠제약,2300,2185,2300,2080,64877086,2065
한세실업,11900,11000,12250,10850,342570,12450
삼화콘덴서,47950,47400,47950,47150,91593,47300
KOSEF 200,26240,25770,26330,25770,42445,25800
KODEX Top5PlusTR,11735,11450,11795,11450,17025,11815
롯데손해보험,1445,1425,1455,1415,359503,1545
동양생명,2975,2915,3010,2900,135663,2970
유안타증권,2395,2350,2445,2330,452808,2400
디피씨,8700,8860,8950,8530,11646860,11300
대신증권,9280,9100,9330,9080,159925,9270
SK디스커버리,25000,24850,25450,24050,123010,24650
삼성 코스피 양매도 5% OTM ETN,9340,9340,9340,9340,0,9345
필룩스,5590,5600,5820,5540,2945748,5380
풀무원,12600,12900,13200,12450,347605,12200
LG하우시스,49900,48400,51100,47150,240564,51100
현대에이치씨엔,4060,4130,4130,4030,159267,4050
KODEX 코스닥 150,10115,9990,10165,9970,2430911,9945
BGF,4695,4560,4720,4560,495730,4765
경동나비엔,35700,35100,35850,35100,33124,35750
KODEX 코스닥150선물인버스,7225,7335,7350,7205,29452263,7260
한국토지신탁,1740,1745,1760,1735,630121,1790
이월드,4460,4580,4585,4415,4565359,4570
대한해운,18700,18150,18700,17850,106345,18300
화승인더,7810,7580,7810,7500,1086025,7910
SK디앤디,23000,22900,23400,22800,53145,23000
롯데푸드,374500,358500,375500,357000,2734,385000
삼양홀딩스,50000,48250,50300,48250,19598,50200
지역난방공사,35250,35850,35850,34550,14146,37050
KODEX 코스피,19705,19450,19715,19360,61179,19435
신영증권,44350,44350,44950,44350,7102,44700
삼성화재우,129000,127500,131500,126500,17570,130500
두산퓨얼셀,7460,7370,7590,7350,656757,7500
드림텍,7130,6620,7380,6560,9194609,6710
덴티움,37000,37600,37600,36500,58265,36950
대교,4835,4760,4860,4760,150821,4795
미래에셋대우2우B,2885,2850,2885,2840,1734039,2895
삼양사,39500,36850,39800,36850,60617,39150
한미반도체,7850,7800,7920,7770,102221,7810
세방전지,28800,27650,28850,27550,33699,28450
미원에스씨,75000,76900,76900,74900,531,75600
부산가스,36200,36750,37850,35600,28489,36000
진원생명과학,13200,13700,13700,13050,2264554,11800
제일약품,26200,25600,26300,25550,14342,26450
동국제강,4055,3975,4080,3930,237006,4055
한국콜마홀딩스,21550,21800,21800,21450,60233,21500
남해화학,7720,7660,7790,7660,142453,7750
LF,12850,12100,12950,12100,172654,13050
효성화학,120500,120000,126000,116500,52968,119000
동양,1240,1250,1310,1230,3562204,1270
도화엔지니어링,9100,9280,9500,9040,295628,8960
조선내화,73600,73300,73700,72800,550,75000
SMART 200TR,8465,8330,8505,8330,8899,8530
TIGER 원유선물Enhanced(H),1385,1415,1425,1375,21766429,1355
한국단자,28800,28200,29000,28200,35884,28550
대원제약,14500,14350,14750,14350,44431,14650
한국자산신탁,2255,2240,2270,2230,273261,2345
국도화학,42400,41600,42600,41100,6724,42150
삼익THK,11650,10550,12150,10450,367677,11650
한일홀딩스,40100,40050,41000,40000,5083,40600
KPX케미칼,49750,49000,49850,48400,1893,50100
넥센,4435,4375,4435,4350,255517,4525
한국화장품,14850,14500,14900,14250,444385,15000
모토닉,7230,7220,7270,7090,14495,7290
CJ4우(전환),57300,50900,58300,50900,61708,56900
ARIRANG 고배당주,9020,8730,9035,8725,139564,8590
한솔테크닉스,6100,5620,6140,5580,1088724,5980
삼성 인버스 2X 천연가스 선물 ETN,21150,20675,21340,20445,65253,19175
일신석재,2400,2460,2480,2375,4373236,2470
성신양회,7760,7870,8150,7670,727252,7800
TIGER 차이나CSI300,8780,8655,8815,8655,1263350,8770
이수화학,11600,10800,12150,10800,2251983,12450
효성ITX,17000,17700,17800,16800,88445,16400
KISCO홀딩스,10200,10000,10200,9940,7880,10250
유수홀딩스,6090,6130,6170,6070,13046,6050
세원셀론텍,2590,2630,2655,2575,361114,2580
부산산업,154000,161000,163500,148500,152487,149000
한국패러랠,1960,1965,1975,1950,38412,1965
KODEX 골드선물(H),12290,12315,12320,12275,333556,12085
흥국화재,2425,2460,2460,2405,20583,2440
노루페인트,7710,7350,7710,7300,305979,7780
대성홀딩스,9750,9680,9960,9570,29856,9670
S-Oil우,39250,39100,39300,38550,11995,38650
KBSTAR 단기통안채,103665,103655,103665,103655,1132,103670
대한제강,6250,6150,6250,6060,58703,6290
대한제당,17150,17350,17450,16900,25296,17250
신성이엔지,880,885,892,878,448142,880
SIMPAC,2355,2310,2360,2310,94083,2325
TIGER 글로벌4차산업혁신기술(합성 H),11845,11665,11845,11590,77642,11950
현대약품,4850,4325,5350,4320,11185624,4700
동아타이어,10850,10900,10950,10800,1531,10950
한신공영,12700,12700,12800,12450,16216,12950
DI동일,61300,61300,61800,59500,8743,60500
DB,739,740,748,736,384558,741
CJ제일제당 우,113500,110000,114000,109500,11107,112000
CJ씨푸드,4210,4070,4265,4020,10574234,4125
삼성전기우,51200,50200,51400,50200,30751,50800
계룡건설,15850,15700,15950,15500,16891,16150
코스맥스비티아이,14850,14250,15000,14200,22398,15000
LG우,42850,42650,43050,42600,5522,43350
TIGER 경기방어,10305,10190,10335,10190,18287,10135
삼영전자,7140,7070,7200,7070,17658,7140
아모레G우,21450,21300,21950,21000,5306,22000
한솔홀딩스,2980,2970,2985,2930,66026,3000
알루코,1900,1840,1915,1840,339081,1895
GS글로벌,1600,1560,1610,1555,432028,1710
미래에셋 코스피 양매도 5% OTM ETN,9350,9350,9350,9350,0,9375
대성산업,3100,3030,3330,3010,204746,3105
TIGER 헬스케어,32465,32390,32550,32210,40552,32105
KTB투자증권,2300,2215,2310,2210,326333,2320
HDC아이콘트롤스,8340,8180,8390,8100,75644,8500
신원,1700,1730,1750,1685,2985837,1645
신한 레버리지 천연가스 선물 ETN(H),3115,3215,3260,3095,1129750,3395
서원,2560,2605,2615,2550,1277232,2930
현대차3우B,56900,56200,57300,56100,6026,56900
고려개발,8600,8490,8600,8320,20717,9070
HANARO 200TR,29650,29290,29755,29145,150,29830
NH투자증권우,7170,6990,7200,6990,108511,7260
이수페타시스,3335,3335,3395,3265,382598,3315
백산,5240,5190,5240,5100,205104,5650
깨끗한나라,3725,3715,3770,3640,933402,3665
삼화페인트,5050,4995,5100,4985,35380,5110
NPC,3795,3645,3865,3595,298331,3675
대림산업우,33550,33200,34700,33000,12472,35500
HANARO MSCI Korea TR,10260,10140,10290,10105,51,10315
큐로,843,820,851,810,922673,844
샘표식품,29000,28450,29250,28100,34712,29200
국제약품,7380,7240,7410,7170,890430,7230
일신방직,54600,53000,54600,52700,1752,55400
텔코웨어,13700,13900,14000,13650,21595,13700
SG세계물산,649,645,654,644,803166,655
한국공항,42900,44650,45200,42100,82203,41800
한창제지,2165,2175,2210,2140,2483008,2210
신일전자,1845,1800,1870,1790,3226426,1850
마니커,836,820,843,815,7682127,829
사조대림,14400,13900,14400,13600,74999,14300
태경산업,4510,4450,4550,4430,27796,4480
삼익악기,1450,1450,1465,1435,452282,1445
TIGER 미국S&P500선물(H),33170,32840,33350,32760,57734,33310
크라운해태홀딩스,8670,8780,8780,8560,12502,8790
대성에너지,4725,4705,4725,4670,31680,4740
KBSTAR 코스닥150선물레버리지,7525,7295,7580,7295,72004,7455
핸즈코퍼레이션,5940,5790,5960,5790,7019,5950
쌍방울,946,950,957,940,1606801,932
진양홀딩스,2280,2270,2290,2265,36044,2305
유화증권,2265,2260,2275,2260,12319,2270
자화전자,7150,7120,7210,7020,94152,7190
STX,6500,6570,6600,6290,382501,6520
자이에스앤디,4710,4500,4740,4500,242378,4800
사조동아원,913,910,918,890,810606,909
대영포장,1140,1120,1155,1120,1577786,1170
코오롱플라스틱,3295,3280,3305,3210,89721,3330
카프로,3240,2910,3330,2910,1971448,3160
동양물산,1020,979,1070,979,6424373,1000
아남전자,1625,1600,1645,1555,430201,1615
삼호개발,4965,5070,5170,4950,638685,4980
백광산업,2815,2705,2875,2700,3194072,2750
비티원,3335,3345,3460,3185,460717,3110
동양철관,1035,1045,1065,1030,1527386,1030
남광토건,12800,12850,13300,12450,286478,12450
노루홀딩스,9200,9080,9260,9050,9039,9200
KODEX 배당가치,8645,8390,8645,8390,963,8425
명문제약,5090,5160,5240,5020,1038104,4960
대신 골드 커버드콜 타겟 5%인컴 ETN(H),12135,12135,12135,12135,96,12135
디씨엠,10300,10300,10350,10150,18324,10350
한라,3110,3060,3275,3060,283353,3110
인디에프,2100,2125,2175,2070,5213466,2050
HDC현대EP,3805,3875,3885,3770,48988,3785
동일산업,49650,50800,50800,49150,2334,49700
두산우,29200,28900,29200,28850,26265,29900
삼성물산우B,73500,74100,74100,72900,6207,73400
S&TC,15550,14700,15600,14700,28080,15700
세아제강지주,28250,27600,28500,27600,6281,28300
KODEX 단기변동금리부채권액티브,101970,101970,101970,101970,0,101970
삼일제약,17950,18250,18300,17800,54038,17750
태평양물산,2185,1995,2260,1995,8267739,2285
이아이디,209,205,212,202,4306827,207
대우부품,2390,2395,2460,2385,1753205,2370
TIGER 200선물레버리지,7615,7400,7660,7325,1557839,7680
강남제비스코,17100,16950,17250,16800,13450,17350
HSD엔진,3290,3320,3350,3245,473633,3420
퍼스텍,2265,2140,2375,2105,12804156,2390
KINDEX 200TR,15205,14925,15255,14925,3824,15260
세진중공업,2940,2930,2945,2870,63287,2900
세아제강,39050,38800,39350,38550,3355,39000
보해양조,872,860,878,860,1601801,864
코오롱머티리얼,1590,1580,1595,1555,198159,1590
화성산업,8640,8510,8700,8460,40198,8740
동남합성,30200,30250,30250,29300,10831,29900
삼부토건,772,765,804,759,1913253,783
상상인증권,1135,1160,1160,1115,97966,1120
벽산,1610,1475,1670,1470,5015829,1570
DRB동일,6110,5210,6170,5100,4500698,5400
YG PLUS,1770,1800,1800,1695,1031446,1850
현대비앤지스틸,7150,7020,7160,7020,27054,7120
제주은행,3330,3045,3925,3020,1806066,3340
극동유화,3130,3035,3130,3035,554880,3065
TIGER 코스피,19680,19385,19700,19385,2253,19395
대동공업,4520,4540,4560,4490,129369,4495
보락,1800,1735,1815,1735,689825,1780
광전자,1850,1770,1865,1760,94496,1840
대한화섬,80200,79000,80400,78400,2044,80200
인천도시가스,24300,24500,24500,24000,2260,24200
써니전자,3100,3170,3170,3090,1275829,3130
한전산업,3175,3130,3180,3100,46432,3235
티웨이홀딩스,1180,1165,1190,1155,229519,1375
삼성 KTOP30 ETN,10445,10385,10480,10375,112937,10505
성창기업지주,1520,1510,1540,1490,170120,1500
화승알앤에이,1595,1565,1630,1550,120624,1615
디아이,3250,3325,3325,3085,139419,3300
미창석유,60700,60900,62800,60000,6031,59600
두산솔루스1우,13850,12900,13850,12650,142422,14050
경동도시가스,17700,17450,17850,17200,6654,17550
제이에스코퍼레이션,7300,7090,7340,7050,69251,7730
동일고무벨트,9010,7730,9130,7710,4369293,7520
디와이,3900,3870,3910,3810,82766,3900
대한방직,19350,19850,19850,19200,5800,19350
대창,1070,1065,1070,1040,1095928,1120
금양,2320,2290,2350,2260,199194,2300
미원화학,45100,44950,45100,44500,889,46000
태경비케이,3685,3650,3700,3575,507666,3655
크라운제과,7670,7530,7700,7530,36169,7910
TIGER 코스닥150 레버리지,8040,7805,8115,7805,715695,7980
신세계건설,24500,24500,25200,24300,17089,24650
조선선재,79400,78800,79900,78700,576,78300
미원홀딩스,42200,42700,42700,42000,327,42050
유니켐,1390,1370,1400,1365,334626,1445
금호에이치티,3880,3660,4250,3500,904663,3795
우리들휴브레인,2845,2645,2860,2645,4112195,2720
삼화전기,14300,14250,14400,14050,29641,14650
TIGER 미국S&P500레버리지(합성 H),14470,14035,14615,13970,163954,14670
일동홀딩스,8290,8180,8440,8180,6718,8380
비상교육,7270,7350,7360,7230,116900,7440
SH에너지화학,875,875,878,862,1760988,866
윌비스,1530,1460,1555,1460,7801126,1515
콤텍시스템,1360,1385,1405,1350,1501003,1405
세아특수강,11100,10950,11200,10850,6059,11100
제이준코스메틱,2915,2880,2965,2880,354707,2935
세이브존I&C,2320,2290,2335,2265,31812,2310
키다리스튜디오,5500,5310,5600,5250,126544,5550
우성사료,3100,3100,3150,3060,1656165,3045
TIGER 200선물인버스2X,6935,7190,7225,6885,3435966,6865
신한 S&P500 VIX S/T 선물 ETN B,33115,33770,34075,32710,16885,31215
삼성 인버스 2X WTI원유 선물 ETN,11840,10430,13650,10200,41914828,18700
서연이화,3300,3190,3310,3180,76671,3455
세종공업,4060,4000,4095,4000,92419,4085
한진중공업홀딩스,3180,3175,3180,3070,238123,3095
NH프라임리츠,4880,4845,4880,4845,32753,4890
신한 레버리지 WTI원유 선물 ETN(H),310,440,440,295,47608503,310
CJ우,40400,37500,40650,37500,53666,40000
신흥,9410,9420,9420,9260,4403,9410
금호석유우,29650,28100,29650,27850,32395,29850
계양전기,2660,2620,2695,2600,263831,2765
무림페이퍼,2140,2080,2140,2060,113752,2160
KODEX 은선물(H),3350,3345,3365,3320,347362,3250
웅진,1150,1140,1190,1120,1030224,1130
기신정기,3040,2975,3045,2955,56531,3070
호전실업,11250,11050,11250,11000,2704,11150
지투알,5380,5060,5380,5060,29856,5380
조광페인트,5540,5600,5630,5500,19892,5740
KBSTAR 단기국공채액티브,100905,100905,100915,100885,211332,100910
방림,1710,1695,1710,1680,26288,1715
KBSTAR 국고채3년선물인버스,99625,99635,99650,99625,6,99655
TIGER 차이나HSCEI,12660,12600,12675,12435,965,12700
신풍제약우,35350,37300,38000,35350,132606,32750
수출포장,18000,18100,18100,17900,11935,18000
유양디앤유,1220,0,0,0,0,1220
동방,2155,2160,2205,2130,2195846,2130
남영비비안,1015,1005,1020,1000,990444,1035
한솔홈데코,878,873,887,869,289704,879
유유제약,11300,11300,11350,11150,111467,11100
신영와코루,78200,76700,78500,75500,2297,78500
평화산업,1310,1310,1345,1290,739928,1285
KODEX 미국달러선물,10815,10890,10900,10810,93745,10805
우진,3455,3510,3510,3390,88780,3480
두올,2570,2565,2575,2530,217583,2590
사조씨푸드,4015,3955,4025,3900,231068,4070
MH에탄올,9180,9330,9330,9160,128051,9460
국동,2250,2150,2430,2110,12507476,2315
한국제지,13700,13450,13750,13300,29248,13900
포스코강판,11700,11600,11750,11450,33613,11550
엔케이,889,893,912,881,249960,864
대원전선,1000,985,1020,980,581153,1005
참엔지니어링,1255,1240,1260,1225,97806,1270
KCTC,2260,2230,2290,2230,76065,2270
대유플러스,625,618,629,616,261656,633
화천기공,30550,30000,30700,29950,3860,30500
쎌마테라퓨틱스,6650,6870,6870,6330,368974,6630
새론오토모티브,3475,3480,3535,3435,6714,3475
유성기업,2515,2475,2520,2470,22219,2570
STX중공업,2410,2565,2565,2355,2897408,2345
TIGER 부동산인프라고배당,4455,4455,4455,4415,62303,4320
KBSTAR 200IT,9440,9320,9465,9320,667,9340
KTis,1840,1825,1860,1800,146439,1875
경동인베스트,27600,27600,27700,27200,1579,27500
KODEX 2차전지산업,7370,7340,7400,7280,85606,7345
KBSTAR 금융채액티브,101620,101620,101620,101595,6,101620
한국석유,97600,98400,98400,97000,3922,97200
영화금속,1385,1420,1420,1375,573041,1400
이건산업,5760,5540,5980,5520,99773,5800
롯데지주우,49450,48300,50600,47300,14367,64200
대림통상,4150,4240,4240,4135,6960,4160
화천기계,2950,2860,3065,2780,7139824,2865
가온전선,15050,15000,15250,14700,3957,15150
미래산업,74,75,76,72,35777389,74
KBSTAR 국채선물10년,56645,56720,56750,56600,11287,56705
KBSTAR KQ고배당,10405,10135,10405,10135,3082,10235
TIGER 유로스탁스50(합성 H),9620,9600,9620,9390,10969,9680
DSR,3710,3665,3750,3665,44618,3780
KODEX MSCI Korea,12335,12145,12335,12145,82,12155
세하,2025,2010,2035,1975,65257,2035
대림B&Co,3670,3620,3685,3580,28297,3600
모나미,3025,2990,3075,2990,605629,3165
일성건설,1100,1080,1165,1075,2137611,1100
까뮤이앤씨,1265,1275,1310,1265,1203482,1305
우신시스템,3165,3160,3195,3155,49212,3215
인지컨트롤스,3925,3950,3960,3890,19872,3875
KBSTAR 중기우량회사채,104545,104545,104545,104450,3071,104525
삼정펄프,23000,22900,23000,22850,3381,23300
KODEX 중국본토 A50,17480,17600,17600,17425,2952,17650
에넥스,978,958,994,951,513222,970
서울식품,174,171,174,169,12797456,172
KB Wise 분할매매 ETN,9595,9520,9595,9520,440,9650
제일연마,5800,5690,5880,5690,2997,5790
태경케미컬,4980,4870,5010,4870,51813,4990
한익스프레스,4810,4715,4860,4710,146066,4810
상신브레이크,2670,2610,2785,2610,29692,2685
KC코트렐,4485,4465,4600,4425,149044,4420
주연테크,537,0,0,0,0,537
대구백화점,5250,5210,5370,5200,8623,5260
엔케이물산,691,680,693,672,773798,677
체시스,2405,2420,2435,2380,837677,2330
덕성,2740,2680,2755,2600,153901,3560
혜인,4380,4425,4525,4360,320548,4365
SMART KRX300,12060,11930,12095,11890,2396,12015
유한양행우,46600,47050,47050,46150,2136,46300
디아이씨,1365,1335,1370,1320,177747,1405
신한 인버스 WTI원유 선물 ETN(H),21505,20200,21995,19740,94415,27310
CS홀딩스,46700,46200,46850,46200,600,47150
세우글로벌,1755,1790,1815,1755,1496405,1890
SG충방,1185,1160,1200,1160,51102,1200
대양금속,2350,2270,2360,2265,696884,2415
KODEX 은행,5310,4945,5315,4925,386664,5030
GS우,29650,29250,29700,29250,5875,29650
만호제강,12850,12500,12900,12500,7503,12750
KODEX 코스피대형주,9180,9055,9215,9045,53204,9110
TIGER 미국MSCI리츠(합성 H),10395,10345,10395,10260,21142,10540
영보화학,2645,2650,2695,2570,81817,2635
TIGER 인버스,7540,7680,7685,7510,282821,7495
화인베스틸,1805,1765,1825,1765,104402,1775
DSR제강,3610,3535,3780,3535,40957,3635
KBSTAR KRX300,12100,11970,12135,11860,5563,11970
TIGER 미국채10년선물,13070,13165,13165,13070,43361,13010
KOSEF 통안채1년,101825,101820,101825,101805,413812,101820
신한 레버리지 은 선물 ETN(H),5455,5455,5515,5420,101131,5180
휴스틸,6640,6720,6760,6570,8442,6700
NI스틸,1755,1740,1775,1740,33174,1785
대교우B,2575,2555,2580,2540,226742,2620
미래아이앤지,381,386,395,379,2761458,391
롯데칠성우,51600,50600,51700,50300,4506,65300
유엔젤,3920,4000,4025,3850,492703,3835
평화홀딩스,3490,3565,3565,3385,43555,3430
국보,1825,1745,1830,1690,1460835,2050
선도전기,2800,2760,2845,2755,162295,2780
금비,50100,50100,50200,49200,362,49750
우진아이엔에스,6470,6490,6550,6370,22313,6510
KB KTOP30 ETN,9735,9735,9735,9735,0,9885
인터지스,1640,1660,1695,1625,229688,1655
삼성공조,5880,5950,5950,5790,11658,6050
TIGER 중장기국채,53355,53385,53385,53235,114,53385
폴루스바이오팜,1225,0,0,0,0,1225
선창산업,3640,3640,3660,3520,28224,3800
유화증권우,2740,2785,2785,2730,23495,2740
부국증권우,15900,16050,16050,15850,4293,15950
QV Big Vol ETN,9440,9440,9440,9440,0,9530
동양피스톤,3580,3560,3620,3495,36087,3615
신풍제지,1345,1320,1390,1320,162137,1360
KB KQ 우량주30 ETN,9465,9465,9465,9465,1,9495
KODEX 중국본토CSI300,10320,10285,10370,10170,17096,10310
한국특수형강,1465,1500,1505,1430,98178,1460
KODEX 미디어&엔터테인먼트,12630,12600,12685,12480,12737,12745
유니온,3025,2980,3060,2950,82213,3015
ARIRANG 200동일가중,6945,6790,6970,6790,2399,7025
삼성 코스피 풋매도 ETN,9330,9305,9330,9305,101,9330
삼성 레버리지 천연가스 선물 ETN,3380,3505,3670,3355,836565,3730
미래에셋대우우,3265,3250,3330,3250,30236,3280
메타랩스,878,866,895,866,195339,880
KB 코스피 양매도 5% OTM ETN,9155,9175,9175,9155,25,9170
KODEX IT,12445,12305,12455,12240,28642,12350
태양금속,1065,1040,1080,1035,205949,1245
TRUE 코스피 양매도 ATM ETN,9065,9065,9065,9065,0,9100
두산솔루스2우B,27500,26350,28850,26000,65696,27600
한신기계,1410,1395,1415,1370,131090,1395
TRUE 코스피 양매도 3% OTM ETN,8935,8935,8935,8935,0,8965
한국종합기술,4145,4180,4220,4110,45631,4060
신송홀딩스,3610,3575,3670,3525,20389,3705
문배철강,2105,2070,2110,2060,42905,2130
페이퍼코리아,1290,1305,1335,1270,139041,1240
티에이치엔,2390,2355,2405,2320,226223,2420
KODEX 200exTOP,8820,8755,8825,8755,52,8695
TIGER 국채3년,111470,111425,111475,111390,8918,111470
두산퓨얼셀1우,3270,3285,3345,3255,37485,3245
KODEX 반도체,22685,22405,22730,22295,34187,22705
TRUE 레버리지 천연가스 선물 ETN(H),9735,10055,10170,9670,49163,10735
이구산업,1280,1260,1285,1250,95719,1275
SK케미칼우,28700,28400,28750,28250,19271,29000
삼영화학,1220,1200,1225,1175,181545,1220
TIGER 소프트웨어,9565,9610,9715,9470,193642,9600
호텔신라우,51600,50000,51800,49500,4249,54600
TIGER 차이나CSI300인버스(합성),10755,10850,10935,10690,311987,10775
KOSEF Fn중소형,15100,14925,15115,14925,54,14965
동원수산,8700,8720,8920,8590,209174,8720
KOSEF 단기자금,101455,101460,101460,101445,2186,101460
베트남개발1,295,297,298,292,107171,294
ARIRANG 신흥국MSCI(합성 H),8795,8690,8860,8640,19954,8820
삼아알미늄,3750,3650,3770,3650,29291,3635
TCC스틸,1720,1740,1740,1690,21135,1730
SJM,2560,2510,2565,2505,13734,2525
바다로19호,2600,2595,2600,2590,6539,2590
케이비아이동국실업,595,592,595,581,192471,596
KODEX 증권,5035,4905,5060,4890,465968,4800
조일알미늄,564,564,565,552,74350,560
TIGER 레버리지,9470,9150,9550,9130,661311,9580
진양산업,2945,2910,2960,2910,245700,3000
대동전자,3675,3635,3700,3600,4426,3705
한세엠케이,2995,2945,3040,2940,11714,3000
형지엘리트,1215,1180,1235,1180,160023,1235
SJM홀딩스,2570,2550,2570,2525,6303,2575
QV WISE 배당 ETN,7545,7545,7545,7545,0,7625
티탑스,5810,5620,5810,5260,254299,6410
한솔로지스틱스,1360,1325,1375,1325,380611,1370
KR모터스,797,759,820,759,765644,792
KBSTAR 국고채3년,113575,113580,113590,113495,1497,113575
TIGER 코스피중형주,10070,9940,10145,9940,1163,9970
케이탑리츠,801,807,807,796,175449,788
KODEX 고배당,6830,6710,6845,6710,67318,6585
원림,16300,16150,16500,16050,470,16450
KBSTAR 200선물레버리지,9165,8940,9245,8845,28954,9260
신한 WTI원유 선물 ETN(H),1915,2070,2100,1850,5311692,1500
갤럭시아에스엠,1275,1270,1295,1255,127516,1295
KBSTAR 200선물인버스2X,6760,6995,7025,6705,749133,6685
이화산업,12800,12500,12850,12500,949,12600
신한 레버리지 금 선물 ETN,18255,18395,18425,18250,39481,17635
코아스,1170,1125,1200,1110,772381,1140
ARIRANG KS퀄리티가중TR,10415,10335,10415,10265,999,10475
삼성 China A50 선물 ETN(H),13780,13780,13780,13780,0,13945
KOSEF 미국달러선물,13040,13105,13120,13025,20301,13030
미래에셋 미국 헬스케어 ETN(H),13400,13400,13400,13400,0,13840
삼성 미국 대형 성장주 ETN(H),13480,13460,13480,13460,16107,13730
진양폴리,2650,2640,2660,2600,158200,2720
신한 금 선물 ETN(H),13835,13850,13850,13810,9442,13580
TIGER 농산물선물Enhanced(H),3970,4010,4010,3955,118551,3930
TIGER 미국다우존스30,14850,14580,14850,14560,22331,14940
동원금속,569,564,575,559,244429,575
KODEX 삼성그룹밸류,6500,6390,6500,6370,7983,6380
KINDEX 삼성그룹섹터가중,10010,9910,10015,9910,2486,9900
삼화전자,2530,2500,2660,2470,103590,2545
TRUE 인버스 2X 천연가스 선물 ETN(H),29305,28360,29465,28140,34244,26510
KINDEX 코스피,19750,19485,19750,19485,190,19540
경인전자,16550,16700,16700,16500,124,16750
TIGER 일본TOPIX(합성 H),12005,11805,12005,11805,995,11940
KINDEX 일본TOPIX인버스(합성 H),6250,6320,6360,6235,134008,6225
태원물산,3410,3310,3460,3310,6080,3410
ARIRANG 미국장기우량회사채,108670,109390,109780,108500,662,107680
신한 레버리지 미국달러 선물 ETN,12865,13035,13035,12865,1622,12875
QV 바이오 TOP5 ETN,12980,13040,14290,12715,1222,12850
한진칼우,48100,50000,50300,47450,52917,47800
미래에셋 중국 심천 100 ETN,12575,12575,12575,12575,0,12770
ARIRANG 단기채권액티브,105060,105075,105075,105060,9,105060
두산퓨얼셀2우B,8420,8410,8700,8220,16226,8430
한국전자홀딩스,519,515,525,512,21458,537
씨아이테크,1095,1080,1095,1020,162064,1030
파워 200,26360,25985,26450,25950,35420,26075
성안,435,426,436,425,147596,432
미래에셋 미국 중형주 ETN(H),11830,11830,11830,11830,0,12240
ARIRANG 단기우량채권,52865,52870,52870,52855,1103,52875
유안타증권우,1865,1800,1870,1800,19785,1875
미래에셋 일본 대형주 ETN(H),11885,11885,11885,11885,0,12080
미래에셋 미디어엔터 Core5 ETN,12005,12005,12005,12005,0,12060
삼성 KRX 금현물 ETN,12200,12225,12260,12175,50667,11955
TIGER 미국달러단기채권액티브,10515,10575,10590,10510,15181,10505
미래에셋 미국 고배당주 ETN(H),11685,11585,11685,11585,57,11880
ARIRANG 미국단기우량회사채,102995,103520,103530,102995,232,102975
QV 레버리지 S&P500 ETN,11795,11555,11835,11500,766,11840
삼성 바이오 테마주 ETN,11955,11990,11990,11955,98,11760
KOSEF 미국달러선물레버리지,10450,10550,10600,10435,12236,10440
대신 인버스 2X 니켈선물 ETN(H),11100,11475,11475,10900,773,11560
QV 스마트리밸런싱 260/4 ETN,11550,11550,11550,11550,1200,11550
ARIRANG KS로우볼가중TR,9325,9080,9335,9080,1038,9425
LG하우시스우,22050,22350,22700,21500,16263,22250
신화실업,18600,18800,19250,18500,2431,18900
TIGER 코스닥150선물인버스,7340,7445,7460,7310,605309,7370
BYC우,105500,104500,105500,103500,81,104500
KODEX 배당성장,10190,10110,10190,9960,1403,10000
미래에셋 미국 시니어론 100 ETN,11075,11075,11075,11075,1,11075
KINDEX 레버리지,3980,3835,4000,3835,173196,4015
신한 인버스 구리 선물 ETN(H),10870,10825,10870,10825,101,10960
신한 인버스 2X 은 선물 ETN(H),10300,10275,10355,10200,24183,10875
미래에셋 일본 중형주 ETN(H),10690,10690,10690,10690,0,10875
신한 인버스 2X 다우존스지수 선물 ETN(H),5515,5590,5625,5430,129072,5430
삼성 화학 테마주 ETN,10535,10535,10535,10535,0,10840
삼성 S&P500 VIX S/T 선물 ETN(H) B,30725,31205,31355,30335,12314,28865
TRUE 빅5 동일가중 ETN,10815,10815,10815,10815,1,10815
미래에셋 유럽 대형주 ETN(H),10545,10545,10545,10545,0,10790
TIGER 로우볼,9335,9150,9360,9150,2517,9060
대덕전자1우,6500,6070,6560,6070,177313,6500
미래에셋 에너지화학 Core5 ETN,10545,10545,10545,10545,0,10750
KODEX 국채선물10년인버스,45875,45860,45880,45860,86,45810
KODEX 미국나스닥100선물(H),11350,11190,11400,11175,46120,11280
SK디스커버리우,15750,15500,15900,15500,4263,15750
KODEX TRF3070,10125,10125,10135,10010,10654,10175
모두투어리츠,2675,2770,2770,2670,12606,2725
미래에셋 유럽 중형주 ETN(H),10350,10350,10350,10350,0,10630
전방,12650,12100,12700,11850,4249,12650
ARIRANG 미국S&P500(H),11745,11520,11795,11520,27864,11800
에이리츠,5620,5490,5620,5490,37412,5590
TIGER 가격조정,18550,18360,18635,18360,506,18245
미래에셋 호주 ASX200 ETN(H),10745,10570,10745,10570,1019,10480
신한 구리 선물 ETN(H),10645,10540,10645,10535,200,10480
에이엔피,248,240,248,240,368691,253
QV KTOP30 ETN,10245,10245,10245,10245,0,10370
세방우,5400,5300,5500,5300,276,5600
하이골드3호,1275,1280,1280,1250,41962,1275
세기상사,50400,50700,50700,49450,300,50400
대한항공우,18600,20400,20500,18500,174680,18300
미래에셋 미국 시니어론 100 ETN(H),10110,10110,10110,10110,0,10110
ARIRANG KS밸류가중TR,9535,9260,9540,9260,1034,9605
삼성 미국 중소형 성장주 ETN,9940,9940,9940,9940,0,10030
청호컴넷,2425,2500,2500,2370,88474,2335
태영건설우,7850,7880,8160,7680,161992,7780
지코,306,0,0,0,0,306
TIGER 우량가치,8565,8305,8600,8305,4610,8335
KODEX WTI원유선물인버스(H),32925,31100,33200,31100,346840,37060
신한 코스피 콘도르 6/10% ETN,9700,9720,9720,9700,5,9700
KINDEX 중기국고채,107520,107560,107560,107515,106,107515
신한 코스피 월별 양매도 5% OTM ETN,9660,9660,9660,9660,0,9655
KODEX 국채선물10년,71330,71430,71430,71265,845,71420
KOSEF 미국달러선물인버스2X,7475,7400,7485,7385,8065,7500
KOSEF 200선물레버리지,9055,8775,9150,8740,13911,9150
KODEX MSCI KOREA ESG유니버설,7735,7730,7735,7730,2,7685
신한 코스피 월별 양매도 3% OTM ETN,9470,9470,9470,9470,0,9455
삼성 미국 중소형 성장주 ETN(H),9425,9425,9425,9425,1,9425
TIGER 200 금융,5135,4790,5135,4790,9447,4920
마이다스 200커버드콜5%OTM,11665,11665,11665,11665,3,11665
삼성 코스피 풋매도 4% OTM ETN,9260,9260,9260,9260,0,9305
KODEX 배당성장채권혼합,10320,10280,10320,10265,3168,10320
KODEX 미국FANG플러스(H),14255,14005,14290,14005,71875,14285
신한 인버스 은 선물 ETN(H),8980,8990,8995,8965,111,9250
HANARO KRX300,11945,11785,11985,11775,111,11825
HANARO 200선물레버리지,10985,10560,11070,10560,43794,11090
미래에셋 원자재 선물 ETN(H),6235,6235,6235,6230,139,6060
TIGER 200 헬스케어,20820,20995,20995,20765,3732,20635
ARIRANG 고배당저변동50,8115,7955,8145,7940,8259,7890
신한 USD K200 선물 바이셀 ETN,9015,9225,9225,9015,314,9040
하이트진로2우B,15850,15850,16000,15700,1970,15950
TREX 200,26135,25815,26195,25755,32,25675
신한 코스피 콘도르 4/10% ETN,9030,9030,9030,9030,0,8985
신한 레버리지 천연가스 선물 ETN,10785,11195,11300,10710,60772,11935
FOCUS KRX300,12050,11950,12050,11950,4,11925
삼성 미국 대형 가치주 ETN(H),8600,8600,8645,8600,1925,8905
대상우,12900,12500,12900,12300,12255,12900
대신 2X 니켈선물 ETN(H),9170,9130,9385,8700,65157,8835
KODEX 자동차,10490,10375,10535,10340,9654,10380
신한 레버리지 S&P500 선물 ETN,8690,8555,8810,8555,25449,8800
미래에셋 글로벌 리츠 ETN(H),8515,8385,8550,8385,74,8735
ARIRANG 200선물인버스2X,13520,13890,14155,13405,238233,13360
미래에셋 미국 리츠 ETN(H),8435,8435,8435,8435,7,8680
신한 인버스 브렌트원유 선물 ETN(H),16145,15770,19000,15300,84117,17300
QV 롱숏 K150 매수 로우볼 매도 ETN,8630,8630,8630,8630,1,8630
신한 은 선물 ETN(H),8885,8855,8905,8840,898,8610
남양유업우,102000,98000,102500,98000,445,103000
QV 화학 TOP5 ETN,8530,8365,8530,8365,106,8575
신한 인버스 2X S&P500 선물 ETN,8685,8865,8945,8570,80069,8560
삼성 레버리지 은 선물 ETN(H),9015,9005,9130,8940,32464,8555
TIGER 미국달러선물인버스2X,8520,8390,8520,8390,1872,8510
QV 인버스 레버리지 10년 국채선물 ETN,16845,16845,16845,16845,0,16890
TRUE 인버스 2X 유로스탁스50 ETN(H),8500,8755,8755,8375,62463,8385
신한 K200 USD 선물 바이셀 ETN,8115,8115,8115,8115,0,8315
HANARO 고배당,7450,7270,7450,7270,174,7190
미래에셋 Q150 Core5 ETN,8210,8210,8210,8210,0,8265
TIGER 모멘텀,16455,16430,16455,16360,37,16030
TRUE 코리아프리미어 ETN,8060,8060,8060,8060,0,8090
KBSTAR 글로벌4차산업IT(합성 H),13400,14200,14200,13325,24674,13445
KODEX 심천ChiNext(합성),8925,8970,8970,8855,50240,8945
KODEX Fn멀티팩터,9050,8965,9050,8920,181872,8935
삼성 미국 중소형 가치주 ETN,7540,7540,7540,7540,15,7945
KINDEX 골드선물 레버리지(합성 H),17880,17970,17990,17710,31486,17435
KODEX KTOP30,13235,13080,13250,13030,380,13045
QV 의료 TOP5 ETN,7570,7525,7595,7430,52,7780
KODEX 미국채울트라30년선물(H),14265,14305,14310,14195,37954,14070
미래에셋 인버스 S&P500 ETN(H),6470,6470,6470,6470,0,6290
덕성우,6950,6650,7000,6560,96119,9030
삼성 인버스 2X 구리 선물 ETN(H),12330,12505,12505,12215,955,12565
SMART 선진국MSCI World(합성 H),11930,11930,11930,11930,0,12530
TIGER 200 에너지화학,10010,9865,10055,9865,13628,9905
TIGER 일본TOPIX헬스케어(합성),12495,12315,12555,12315,719,12450
KOSEF 국고채10년레버리지,137815,138025,138025,137505,496,138155
TRUE 인버스 2X 나스닥 100 ETN,6190,6480,6480,6130,292499,6215
신한 옥수수 선물 ETN(H),5205,5245,5245,5195,14937,5105
TRUE 유로선물 ETN B,10205,10205,10205,10205,2,10205
대신 WTI원유 선물 ETN(H),2625,2995,3030,2575,2511129,2030
KODEX TRF5050,10110,10065,10120,10060,5920,10115
코오롱우,9550,9590,9750,9500,7607,9390
삼성 레저 테마주 ETN,5045,5045,5045,5045,0,5045
KINDEX 싱가포르리츠,10140,10015,10155,9705,8993,10070
KODEX TRF7030,10090,10005,10110,10000,14088,10065
신한 코스피 콘도르 6/10% 콜 2204-01 ETN,10045,10060,10060,10045,100,10045
삼양사우,26650,26200,27000,26200,1219,26950
KODEX 헬스케어,14245,14295,14295,14180,6655,14100
신한 FnGuide 5G 테마주 ETN,9900,10190,10190,9740,3713,9840
신한 코스피 월별 양매도 5% 콜 2206-1 ETN,9765,9775,9775,9765,100,9765
TIGER 글로벌자원생산기업(합성 H),8760,8705,8770,8695,2173,8875
넥센우,2700,2660,2700,2660,737,2705
TRUE 인버스 유로선물 ETN B,9730,9730,9730,9730,0,9730
KODEX 모멘텀Plus,8880,8730,8880,8710,15401,8810
KINDEX 모닝스타싱가포르리츠채권혼합,9665,9630,9665,9630,2,9665
KODEX S&P글로벌인프라(합성),9730,9675,9740,9630,379,9720
KINDEX 밸류대형,6075,5955,6075,5955,120,5985
남선알미우,30500,30050,30800,30000,7730,30950
신한 코스피 월별 양매도 3% 콜 2206-1 ETN,9515,9530,9530,9515,100,9515
태양금속우,2645,2665,2680,2560,40038,2880
SK증권우,2430,2415,2475,2415,13768,2425
TRUE 인버스 유로스탁스50 ETN(H) B,9530,9490,9530,9480,2010,9480
신한 코스피 콘도르 4/10% 콜 2204-01 ETN,9455,9490,9490,9455,100,9445
KOSEF 블루칩,6775,6625,6780,6625,1981,6745
TIGER 일본니케이225,13425,13285,13425,13200,1060,13480
대신 인버스 아연선물 ETN(H),13365,13385,13415,13365,213,13430
QV 제약 TOP5 ETN,4740,4715,4740,4715,89,4700
HANARO 200선물인버스,15745,16030,16040,15690,14291,15640
QV 인버스 레버리지 MSCI 선진국 ETN,13755,12810,13990,12810,354,13385
KINDEX 인도네시아MSCI(합성),6740,6910,6910,6605,18627,6600
KTOP 코스피50,18380,18140,18435,18135,104,18005
KODEX 미국러셀2000(H),8140,8005,8185,7965,12279,8340
대신 인버스 철광석 선물 ETN(H),4500,4600,4600,4460,10661,4530
신한 인버스 달러인덱스 선물 ETN(H),9000,9000,9000,9000,0,9055
TIGER 일본엔선물,11340,11370,11370,11250,616,11295
TRUE 인버스 엔선물 ETN B,9005,8995,9005,8995,21,9005
KOSEF 200선물인버스2X,6735,6955,6975,6675,91372,6670
KODEX KRX300레버리지,8120,7895,8130,7760,39276,8120
TRUE 레버리지 HSCEI ETN(H),8750,8595,8750,8595,33,8930
유유제약1우,7810,7740,7820,7700,8201,7860
KBSTAR 차이나HSCEI(H),10995,10655,10995,10655,5,11135
QV 인버스 MSCI 선진국 ETN,12855,12855,12855,12855,0,12660
KODEX 미국채10년선물,12690,12770,12780,12665,25291,12660
KINDEX 스마트로우볼,11240,11015,11250,11015,25,11035
TIGER 미국달러선물레버리지,11015,11150,11150,11010,253,10970
SK네트웍스우,76500,75000,76500,73900,1067,76900
TRUE 인버스 2X HSCEI ETN(H),8910,9275,9275,8870,457,8735
금호산업우,29200,29350,29750,28850,3012,29800
KBSTAR 헬스케어채권혼합,10850,10870,10870,10830,3777,10815
TRUE 코스피 커버드콜 ETN B,8620,8580,8620,8580,351,8640
KBSTAR IT플러스,11975,11900,12015,11900,122,11980
KOSEF 고배당,6310,6085,6310,6065,27630,6110
KBSTAR 5대그룹주,4835,4795,4835,4745,597,4750
KBSTAR 미국장기국채선물레버리지(합성 H),15640,15875,15875,15610,368,15500
KODEX 미국S&P에너지(합성),5150,5330,5330,5150,47847,5020
TRUE 인버스 나스닥 100 ETN,8440,8645,8645,8435,3705,8490
HANARO KAP초장기국고채,50025,50135,50145,50025,176,49915
KODEX 게임산업,9335,9330,9370,9290,3653,9425
KODEX 턴어라운드투자,8640,8480,8665,8460,296,8475
TIGER 일본엔선물레버리지,12140,12095,12185,12050,324,12070
KOSEF 미국달러선물인버스,9865,9805,9865,9805,912,9875
ARIRANG 중형주저변동50,7635,7455,7650,7455,1558,7625
KODEX MSCI퀄리티,9410,9385,9410,9260,535,9315
일양약품우,19150,18550,19600,18450,3406,18750
ARIRANG 200선물레버리지,18200,17600,18340,17555,33130,18430
TIGER 유로스탁스레버리지(합성 H),5110,5010,5175,4905,47343,5155
KODEX 미국달러선물인버스,9450,9415,9450,9385,4184,9465
삼성 모멘텀 탑픽 ETN,4100,4090,4100,4090,11,4100
대신 니켈선물 ETN(H),11865,11720,11980,11720,204,11640
KBSTAR KRX300레버리지,8035,7800,8075,7760,1522,8095
TIGER KTOP30,6550,6445,6550,6440,1687,6405
동북아13호,5030,5030,5030,5030,450,5030
동북아12호,5010,5010,5010,5010,0,5020
TIGER 국채선물3년인버스,49720,49720,49720,49720,0,49720
KOSEF 배당바이백Plus,11420,11040,11445,11040,87,11330
KBSTAR 주식혼합,31485,31175,31555,31175,66,31620
삼성 화장품 테마주 ETN,3890,3870,3890,3870,306,3950
마이티 코스피100,19680,19680,19680,19680,0,19690
대신 2X 아연선물 ETN(H),3935,3770,4075,3770,7757,3925
대원전선우,2780,2690,2830,2670,26613,2995
KODEX 일본TOPIX100,13090,13015,13100,12845,2430,13050
KINDEX 스마트모멘텀,11200,11050,11200,11050,22,11115
TRUE 코스피 타겟볼20 ETN,7695,7695,7695,7695,0,7780
KINDEX 일본Nikkei225(H),12990,12755,12990,12690,240,12945
대한제당우,11850,11550,11950,11550,370,11950
ARIRANG 주도업종,7050,7015,7095,6960,869,7030
TIGER 골드선물(H),13110,13135,13135,13090,9551,12885
TIGER 중장기국채선물인버스,48265,48265,48265,48265,0,48315
KBSTAR 미국장기국채선물(H),12795,12820,12850,12795,334,12750
KOSEF 코스닥150선물인버스,13010,13195,13195,12955,1440,13080
한화투자증권우,1580,1525,1585,1525,16515,1580
KODEX 보험,5235,5085,5265,5085,7916,5055
신한 레버리지 구리 선물 ETN,7665,7660,7810,7635,8340,7575
TIGER 의료기기,12685,12575,12755,12385,1285,12585
TIGER 국채선물10년인버스,47005,47005,47005,47005,0,47155
TIGER 삼성그룹펀더멘털,8210,8090,8215,8090,1356,8005
KODEX 철강,5185,5155,5200,5120,4816,5105
KOSEF KRX100,4225,4145,4235,4145,636,4155
삼성 인버스 2X 은 선물 ETN(H),7070,7045,7100,7000,3342,7450
KOSEF 코스닥150선물레버리지,3210,3170,3230,3120,16891,3180
TIGER 차이나항셍25,16350,16040,16350,16040,786,16445
KODEX 미국S&P바이오(합성),26325,25700,26600,25245,1630,26900
TIGER 구리실물,6030,5955,6085,5955,11972,5985
KODEX 미국S&P산업재(합성),13305,13535,13535,13280,2483,13545
KINDEX 러시아MSCI(합성),24300,23550,27000,23445,15447,24100
서울식품우,3280,3195,3325,3195,91574,3250
KBSTAR KRX300미국달러선물혼합,10215,10140,10275,10140,17,10245
KBSTAR 내수주플러스,8565,8465,8580,8455,113,8535
KINDEX 스마트하이베타,8955,8810,8960,8810,22,8900
KOSEF 코스피100,20145,19895,20160,19855,365,19750
KINDEX 삼성그룹동일가중,12005,11815,12005,11765,27,11845
SMART 중국본토 중소형 CSI500(합성 H),3950,3945,4035,3945,262,3935
TIGER 200에너지화학레버리지,5585,5455,5620,5400,48349,5445
KODEX KRX300선물인버스,10125,10375,10375,10070,829,10085
KODEX 200ESG,8935,8785,8965,8785,50,8815
깨끗한나라우,19050,19600,19600,19000,3684,19050
KBSTAR 헬스케어,10880,10915,10925,10780,508,10730
KOSEF 저PBR가중,9925,9700,9945,9700,500,9875
KOSEF 200선물인버스,8885,9015,9015,8850,1076,8835
KBSTAR V&S셀렉트밸류,9875,9705,9900,9705,212,9840
KBSTAR 팔라듐선물(H),12005,11920,12140,11695,155989,11455
CJ씨푸드1우,33750,33250,34100,32600,9485,34100
ARIRANG 국채선물3년,53125,53155,53155,53125,2,53125
흥국 S&P코리아로우볼,8140,8075,8140,8075,2,8075
KODEX 에너지화학,8920,8765,8945,8765,12734,8800
KINDEX 미국다우존스리츠(합성 H),65835,68780,68795,65520,692,66985
KINDEX 스마트밸류,9670,9500,9670,9500,73,9540
KINDEX 인버스,8390,8440,8535,8350,21056,8330
TIGER 코스닥150바이오테크,9580,9310,9580,9310,20106,9410
삼성 레버리지 구리 선물 ETN(H),6680,6595,6770,6365,52846,6585
QV MSCI 선진국 ETN,9260,9260,9270,9260,110,9260
KBSTAR 코스닥150선물인버스,7585,7695,7695,7545,23048,7605
신한 인버스 2X 금 선물 ETN,6245,6250,6285,6215,20498,6455
TIGER 중장기국채선물인버스2X,45690,45690,45690,45690,100,45755
동원시스템즈우,23400,22500,24000,22500,876,24100
KBSTAR 모멘텀밸류,9120,8880,9145,8880,183,9020
크라운해태홀딩스우,10200,10150,10250,10000,2424,10500
성신양회우,8370,8300,8580,8300,27515,8490
미래에셋 원유선물혼합 ETN(H),7300,8340,8340,6990,599523,6225
마이티 200커버드콜ATM레버리지,6850,6850,6850,6850,1,6915
파워 중기국고채,103085,103085,103085,103085,0,103085
KBSTAR 차이나H선물인버스(H),11345,11600,11600,11320,5997,11220
KODEX 200동일가중,7800,7705,7800,7705,1319,7705
TIGER 200 건설,1845,1830,1870,1825,29079,1865
TREX 펀더멘탈 200,24985,24985,24985,24985,1,24565
KBSTAR KRX국채선물3년10년스티프너2X,50950,50900,50950,50900,6,50895
KBSTAR V&S셀렉트밸류채권혼합,10110,10050,10120,10045,16,10175
KBSTAR KRX국채선물3년10년스티프너,50605,50575,50605,50550,7,50580
하이트진로홀딩스우,12850,12800,13000,12750,1209,12850
KBSTAR KRX300선물인버스,10100,10375,10375,10075,20,10040
TIGER 유로스탁스배당30,8655,8525,8655,8495,7685,8605
KBSTAR KRX국채선물3년10년플래트너,49870,49900,49900,49870,6,49900
ARIRANG 국채선물10년,57480,57570,57575,57480,185,57430
삼성 건축자재 테마주 ETN,2925,2820,2995,2820,345,2975
KBSTAR KRX국채선물3년10년플래트너2X,49460,49525,49525,49460,6,49560
TIGER KRX300선물인버스,10000,10060,10070,10000,26,9905
현대비앤지스틸우,54600,54000,54900,53500,435,53900
ARIRANG 스마트베타Quality채권혼합,9865,9825,9875,9825,391,9855
KINDEX 일본TOPIX레버리지(H),11710,11175,11800,11175,2231,11750
KBSTAR 200생활소비재,7785,7685,7790,7685,46,7725
KBSTAR 중국MSCI China선물(H),10590,10450,10605,10450,61,10650
KODEX FnKorea50,7440,7360,7470,7250,126,7320
하나니켈2호,1705,1755,1930,1600,4320898,1780
성문전자우,9350,9320,9430,9190,14143,9690
TIGER 200커버드콜5%OTM,11575,11510,11575,11495,171,11590
TIGER 원유선물인버스(H),24605,22500,24865,22230,89911,28935
KODEX 3대농산물선물(H),7005,7065,7065,6970,17031,6890
ARIRANG S&P글로벌인프라,9450,9500,9520,9320,708,9600
KBSTAR ESG사회책임투자,8280,8190,8295,8190,5,8190
TIGER MSCI KOREA ESG유니버설,7690,7570,7690,7570,34,7640
KODEX 한국대만IT프리미어,11395,11255,11420,11165,4812,11410
KODEX 콩선물(H),7200,7250,7250,6925,3099,7130
ARIRANG 코스닥150선물인버스,11380,11530,11530,11325,32942,11405
파워 고배당저변동성,21535,20710,21600,20710,416,20890
KODEX 퀄리티Plus,8130,7945,8155,7945,247,8055
대신 인버스 니켈선물 ETN(H),7875,8005,8005,7810,22,8010
노루페인트우,11800,11300,12000,11200,22141,12100
TIGER KRX300레버리지,7935,7775,8000,7775,3335,8000
TIGER 미디어컨텐츠,4725,4725,4750,4640,8331,4905
KINDEX 코스닥(합성),9325,9260,9325,9260,64,9300
HANARO 코스닥150선물레버리지,6520,6375,6540,6320,9486,6435
TIGER 금은선물(H),9360,9435,9435,9340,5728,9195
ARIRANG 미국다우존스고배당주(합성 H),10165,10140,10250,10050,4083,10370
TIGER 베타플러스,10545,10545,10545,10545,0,10465
ARIRANG 글로벌MSCI(합성 H),11730,12315,12315,11585,763,11870
TIGER 대형성장,8295,8235,8310,8235,266,8210
대신 아연선물 ETN(H),7665,7665,7665,7665,91,7590
KODEX 기계장비,3170,3125,3180,3125,2381,3125
KBSTAR 200선물인버스,8865,9050,9050,8850,4144,8825
TIGER 일본엔선물인버스2X,7500,7480,7500,7455,560,7525
금강공업우,10200,8000,10200,8000,482324,8850
TIGER 중소형성장,7430,7425,7430,7425,3,7435
KODEX 경기소비재,8645,8360,8675,8360,1586,8670
KBSTAR 200고배당커버드콜ATM,7305,7210,7305,7210,88,7395
QV 레버리지 MSCI 선진국 ETN,7320,7145,7575,7145,2262,7385
TIGER 지주회사,9605,9480,9605,9480,13,9380
TIGER 이머징마켓MSCI레버리지(합성 H),7195,7145,7195,6950,7389,7280
KODEX 국채선물3년인버스,49725,49725,49725,49725,0,49725
TIGER MSCI KOREA ESG리더스,7325,7265,7335,7265,85,7255
KINDEX 배당성장,25425,25040,25425,25040,48,24945
크라운제과우,6310,6120,6350,6120,6469,6420
KINDEX 국채선물3년인버스,99290,99290,99290,99290,0,99290
ARIRANG KRX300헬스케어,10040,10020,10065,9960,568,9925
대상홀딩스우,5490,5390,5570,5390,3045,5420
KODEX 구리선물(H),4540,4500,4565,4500,16209,4495
KINDEX 멕시코MSCI(합성),6180,6200,6200,6055,1155,6165
HANARO 농업융복합산업,8310,8105,8335,8105,749,8185
KODEX MSCI모멘텀,8205,8205,8205,8205,1,8135
KBSTAR 우량업종,8110,7785,8170,7785,39,8080
KINDEX 스마트퀄리티,12180,12080,12200,12080,32,12095
KODEX 가치투자,8230,8120,8230,8100,970,8020
TIGER 방송통신,7640,7495,7640,7490,819,7465
마이티 코스피고배당,9640,9370,9645,9370,390,9320
DB하이텍1우,41950,41500,42000,40600,680,42250
KINDEX 필리핀MSCI(합성),11765,12000,12000,11505,683,11765
TIGER 200 경기소비재,10665,10560,10720,10460,197,10640
KINDEX 국채선물10년인버스,92800,92800,92800,92800,0,92970
동부건설우,20250,20150,20500,19950,334,20500
KINDEX 한류,5700,5670,5705,5640,474,5775
KODEX China H선물인버스(H),11550,11460,11895,11460,744,11420
KODEX 멀티에셋하이인컴(H),9075,9075,9075,8965,504,9105
KBSTAR 미국장기국채선물인버스(H),7530,7490,7530,7475,88,7525
KBSTAR 200커뮤니케이션서비스,11275,11235,11315,11235,291,11285
TIGER S&P글로벌인프라(합성),8975,8970,8975,8960,664,9000
ARIRANG 코스닥150,10055,9895,10055,9885,410,9955
TIGER 중소형,7415,7415,7415,7415,3,7410
TIGER LG그룹+펀더멘털,6155,6120,6180,6120,121,6115
JW중외제약우,25450,25400,25500,24550,2957,25400
TIGER 200동일가중,7910,7940,7940,7910,14,7745
진흥기업우B,4915,4880,4985,4795,21201,5060
TIGER K게임,7890,7810,7890,7810,140,7870
KBSTAR 수출주,7215,7135,7265,7120,49,7125
TIGER 여행레저,4150,4105,4155,4105,10714,4190
진흥기업2우B,13650,13850,13850,13550,1123,14250
TIGER 지속배당,10810,10400,10810,10400,718,10490
TIGER 중소형가치,7420,7360,7420,7360,3,7305
KODEX 미국채울트라30년선물인버스(H),6680,6635,6680,6635,113,6745
TIGER 현대차그룹+펀더멘털,12050,11985,12130,11850,2351,11900
KBSTAR 게임테마,8925,8850,8930,8850,101,8930
ARIRANG KRX300산업재,8455,8380,8500,8335,40,8530
한양증권우,7310,7330,7330,7170,574,7380
TIGER 200 생활소비재,10210,10155,10260,10150,13452,10145
KODEX 골드선물인버스(H),7540,7500,7540,7500,18341,7665
KBSTAR KQ모멘텀로우볼,8605,8490,8610,8450,10,8500
KBSTAR 국채선물10년인버스,46355,46290,46380,46290,9,46310
KOSEF 코스닥150선물,6425,6300,6425,6300,159,6390
흥국화재우,4705,4700,4890,4495,31113,4845
KODEX 밸류Plus,6195,6005,6240,6005,168,6140
JW중외제약2우B,40950,40900,41750,40250,416,40600
TIGER 200 철강소재,5410,5350,5410,5350,30,5280
TIGER 라틴35,2180,2290,2315,2175,136037,2235
TIGER 증권,2930,2860,2940,2855,11280,2810
KBSTAR KQ모멘텀밸류,7890,7815,7890,7815,6,7800
KG동부제철우,65800,66200,67500,64300,366,65400
KBSTAR 200산업재,7020,6945,7020,6945,7,6955
KBSTAR 팔라듐선물인버스(H),6550,6600,6725,6515,5750,6935
신원우,37550,38300,39750,37000,6092,38050
코리아써키트2우B,4400,4440,4445,4400,176,4395
KBSTAR 200건설,7475,7405,7525,7405,1010,7465
KBSTAR 200경기소비재,6610,6530,6635,6530,5,6590
흥국화재2우B,21400,20200,21750,20200,16543,22000
TIGER 대형가치,7640,7480,7640,7480,38,7475
노루홀딩스우,17700,17900,17900,17550,258,18100
TIGER 은행,5430,5060,5430,5055,13200,5230
KODEX MSCI EM선물(H),7070,7070,7070,7070,0,7145
KBSTAR 중소형모멘텀밸류,8040,7915,8055,7915,5,8025
파워 스마트밸류,10360,10065,10440,10065,53,10175
ARIRANG 스마트베타 Quality,7555,7425,7575,7425,349,7590
KBSTAR 미국장기국채선물인버스2X(합성 H),5450,5405,5450,5405,2403,5515
동양우,4875,4950,4950,4720,9833,4890
TIGER 200 산업재,3845,3840,3845,3835,21,3775
유유제약2우B,18250,17850,18250,17550,808,18400
KODEX 운송,3050,3065,3075,3020,148934,3000
ARIRANG 스마트베타 Value,7015,6800,7035,6800,603,7090
ARIRANG 선진국MSCI(합성 H),8445,8465,8465,8150,3555,8495
TREX 중소형가치,6160,6025,6160,6025,226,6035
TIGER 대만TAIEX선물(H),13210,12895,13495,12895,410,13345
ARIRANG 스마트베타 LowVOL,7585,7385,7605,7385,339,7625
KBSTAR 중소형모멘텀로우볼,7675,7560,7685,7560,6,7595
동양2우B,8560,8690,8690,8510,1538,8600
KBSTAR 200철강소재,5160,5105,5160,5095,74,5060
KBSTAR 200금융,6330,5930,6330,5930,1065,6170
동양3우B,28000,28000,28200,28000,649,28750
TIGER 금속선물(H),4090,4090,4090,4065,1384,4115
ARIRANG ESG우수기업,6770,6600,6780,6600,506,6765
KBSTAR 200중공업,6010,5935,6030,5935,7,5905
KBSTAR 200에너지화학,6620,6545,6635,6545,321,6560
ARIRANG KRX300금융,7255,6840,7295,6840,384,7285
ARIRANG 스마트베타 Momentum,6975,6885,6975,6885,41,7005
TIGER 코스닥150로우볼,10980,10800,10980,10800,1432,11095
KODEX 최소변동성,8905,8805,8930,8775,16064,8750
NPC우,2300,2290,2310,2250,12470,2320
신한 인버스 다우존스지수 선물 ETN(H),6135,6195,6210,6135,1072,6110
QV 미국 IT TOP5 ETN(H),17665,17515,17665,17395,503,17410
QV 레버리지 10년 국채선물 ETN,24520,24520,24520,24520,0,24325
삼성 음식료 테마주 ETN,6070,6025,6105,6025,252,6055
KBSTAR 모멘텀로우볼,10150,9890,10150,9890,23,10005
KOSEF 인도Nifty50(합성),10510,10380,10540,10310,25889,10415
삼성 인버스 China A50 선물 ETN(H),12085,12150,12150,12030,173,11940
KODEX 200미국채혼합,11420,11405,11430,11350,18293,11365
TIGER 코스닥150IT,11360,11055,11360,11055,3595,11325
일정실업,9500,9430,9500,9360,486,9800
TRUE 레버리지 엔선물 ETN B,11665,11710,11715,11640,7874,11665
현대건설우,119500,119000,124000,118000,1724,117500
QV 인버스 레버리지 S&P500 ETN,5860,6020,6100,5730,2823,5775
TIGER 경기방어채권혼합,9470,9450,9485,9430,2288,9465
KOSEF 200 선물,11445,11255,11470,11250,52,11515
삼성 인버스 2X 금 선물 ETN(H),10905,10845,10915,10840,38847,11275
신한 달러인덱스 선물 ETN(H),11280,11280,11280,11280,0,11195
TRUE 인버스 2X S&P500 선물 ETN(H),5670,5790,5805,5605,169742,5590
TIGER 미국S&P500선물인버스(H),6200,6290,6290,6160,56638,6185
ARIRANG KS로우사이즈가중TR,9955,9745,9955,9740,1027,10005
TRUE 엔선물 ETN B,10995,10995,10995,10995,0,10965
TRUE 코스피 커버드풋 ETN B,11125,11125,11125,11125,0,10945
TRUE 인버스 HSCEI ETN(H) B,11175,11175,11175,11175,0,10885
TIGER 미국나스닥바이오,18170,18100,18325,17880,13109,18070
ARIRANG 우량회사채50 1년,107530,107525,107530,107520,110,107535
TIGER 200커버드콜ATM,8975,8975,8975,8975,99,8960
TIGER 화장품,2990,2900,2990,2900,52244,3005
계양전기우,6800,6800,6900,6540,24025,7650
신한 천연가스 선물 ETN(H),3395,3455,3465,3380,52776,3560
삼양홀딩스우,35550,34900,35550,34600,221,35100
한화솔루션우,9370,9270,9660,9210,31366,9470
KBSTAR 고배당,8340,8100,8340,8095,18167,8080
ARIRANG 고배당주채권혼합,9635,9510,9635,9495,384,9505
KINDEX 미국4차산업인터넷(합성 H),12900,12610,12925,12610,3332,13030
파워 코스피100,20195,19825,20260,19825,71,19890
하나니켈1호,418,411,442,370,37976777,452
TIGER 인도니프티50레버리지(합성),8680,8600,8700,8420,56365,8565
TIGER 200 중공업,1950,1935,1955,1920,9471,1915
QV 에너지 TOP5 ETN,7715,7715,7715,7715,0,7695
QV 자동차 TOP5 ETN,7580,7580,7580,7580,100,7670
TIGER S&P글로벌헬스케어(합성),15200,14935,15220,14935,2492,15205
TIGER 단기선진하이일드(합성 H),10795,10740,10800,10735,2442,10795
KINDEX S&P아시아TOP50,11105,10940,11125,10895,2370,11160
KODEX 미국달러선물인버스2X,8500,8400,8500,8385,62275,8505
부산주공,364,360,373,357,141092,355
KBSTAR 중소형고배당,7770,7545,7770,7545,947,7710
KODEX 글로벌4차산업로보틱스(합성),10880,10675,10915,10650,2180,11125
TRUE 레버리지 유로스탁스50 ETN(H),7425,7300,7510,7260,18298,7505
삼성 미국 중소형 가치주 ETN(H),6915,6915,6915,6915,0,7475
미래에셋 인버스 에너지화학 Core5 ETN,7395,7450,7450,7395,25,7440
TRUE 섹터탑픽 ETN,7375,7375,7375,7375,0,7435
KODEX 200 중소형,7475,7330,7505,7330,1331,7395
신한 브렌트원유 선물 ETN(H),3400,4200,4200,3150,279085,3695
QV 조선 TOP5 ETN,7385,7285,7385,7285,28,7385
삼성 Cushing 에너지인프라 MLP ETN,4925,5120,5120,4925,18684,4915
컨버즈,4100,0,0,0,0,4100
삼성 온라인쇼핑 테마주 ETN,7105,7105,7105,7105,175,7350
쌍용양회우,9680,9910,10100,9620,15260,9510
넥센타이어1우B,2265,2250,2270,2250,12335,2255
TIGER 코스피고배당,9475,9255,9475,9255,2860,9125
KODEX 건설,2200,2175,2205,2165,102770,2190
한국주강,1310,1315,1345,1270,40837,1275
미래에셋 인버스 미디어엔터 Core5 ETN,14325,14325,14325,14325,0,14325
하이트론,2710,2800,2800,2605,10372,2590
ARIRANG KRX300,11925,11765,11965,11735,1278,11910
녹십자홀딩스2우,16350,16300,16350,16100,497,16700
신한 인버스 금 선물 ETN(H),6925,6920,6930,6915,2851,7050
신한 인버스 2X 미국달러 선물 ETN,7035,6960,7035,6960,495,7045
미래에셋 레버리지 원유선물혼합 ETN(H),1270,1350,1350,1270,1587188,1270
QV CHINEXT ETN(H),6945,6940,6945,6930,1400,6945
QV 내수소비 TOP5 ETN,6935,6935,6935,6935,2,6935
KODEX 바이오,9600,9535,9610,9510,45566,9440
ARIRANG 미국나스닥기술주,15100,15015,15130,14915,11784,15095
신한 콩 선물 ETN(H),6810,6755,6825,6755,5081,6770
한화우,27400,22600,28300,22100,347660,28250
신한 인버스 2X 천연가스 선물 ETN,14800,14420,14910,14310,32528,13425
FOCUS ESG리더스,6810,6705,6810,6705,3,6695
QV 건설 TOP5 ETN,6495,6495,6495,6495,3,6680
KBSTAR 채권혼합,55060,54825,55105,54825,14,55160
삼성 미디어 테마주 ETN,6555,6555,6555,6555,1,6555
KINDEX 미국WideMoat가치주,11795,11720,11835,11655,7918,11900
KODEX 코스피100,20215,20075,20250,19925,4697,19900
삼성 증권 테마주 ETN,6435,6345,6435,6345,1104,6425
QV 운송 TOP5 ETN,6120,6120,6120,6120,0,6375
신한 인버스 2X 구리 선물 ETN,12490,12640,12695,12370,267,12640
대신 철광석 선물 ETN(H),17725,17635,17785,17635,22,17590
신한,4945,0,0,0,0,4945
금호전기,3330,3230,3345,3205,58662,3350
TRUE 레버리지 나스닥 100 ETN,11545,11210,11655,11205,124400,11455
신한 레버리지 다우존스지수 선물 ETN(H),16925,16570,17095,16540,42761,17175
삼성 레버리지 China A50 선물 ETN(H),33510,33150,33930,33150,323,34310
한일철강,1560,1565,1565,1525,22232,1530
신한 인버스 옥수수 선물 ETN(H),16705,16730,16730,16705,634,17075
KODEX 미국달러선물레버리지,10885,11015,11060,10885,318960,10885
KOSEF 국고채3년,112995,113065,113065,112935,203,112965
KODEX 미국S&P고배당커버드콜(합성 H),8015,7895,8015,7850,27131,8055
KODEX China H,20955,20680,20995,20345,2244,21090
TIGER 200IT레버리지,20900,20005,21000,20005,60851,20995
KODEX China H 레버리지(H),5985,5750,6010,5745,49344,6095
TRUE 레버리지 S&P500 선물 ETN(H),10990,10780,11095,10755,23927,11170
미래에셋 인버스 원유선물혼합 ETN(H),28720,26870,28990,26870,6860,33480
미래에셋 레버리지 S&P500 ETN(H),16500,16070,16500,16070,451,16665
QV 인버스 레버리지 WTI원유 선물 ETN(H),10815,8850,11900,8845,96102,16640
QV 하드웨어 TOP5 ETN,16445,16445,16445,16445,0,16590
미래에셋 전기전자 Core5 ETN,16425,16220,16425,16220,28,16540
WISCOM,2060,2045,2090,2045,2992,2130
진양화학,2675,2590,2705,2590,138717,2710
에쓰씨엔지니어링,1310,1295,1350,1280,18831,1295
HANARO 코스닥150,10005,9965,10035,9695,488,9895
KODEX 200가치저변동,7090,6945,7105,6920,140719,6970
TIGER 반도체,23185,22875,23250,22790,14200,23230
신한 인버스 천연가스 선물 ETN(H),16595,16285,16640,16235,9041,15785
QV S&P500 VIX S/T 선물 ETN B,33005,33975,34135,31520,179,31415
KBSTAR 중장기국공채액티브,102725,102765,102765,102640,232,102710
KBSTAR 중국본토대형주CSI100,16270,16245,16380,16000,3116,16340
삼성 레버리지 금 선물 ETN(H),31895,31975,32050,31765,13203,30800
성문전자,1570,1580,1615,1550,118310,1570
진도,2460,2420,2480,2405,59097,2450
TBH글로벌,1465,1445,1485,1445,55808,1455
KOSEF 코스닥150,5015,4935,5015,4925,7239,4975
KINDEX 중장기국공채액티브,103000,103070,103070,103000,11,102935
흥아해운,258,0,0,0,0,258
인팩,3015,2985,3020,2960,10960,2990
하이골드12호,2265,2265,2295,2265,5760,2290
QV 소프트웨어 TOP5 ETN,14760,14775,14805,14720,68,14900
KODEX 필수소비재,8385,8260,8425,8260,8702,8240
키위미디어그룹,150,0,0,0,0,150
미래에셋 미국 대형주 ETN(H),14690,14690,14690,14690,7,14765
ARIRANG KS모멘텀가중TR,9915,9800,9915,9775,1022,9970
두산2우B,31750,30100,31950,30100,588,32800
한성기업,4430,4330,4455,4300,44785,4700
덕양산업,902,899,906,880,85626,896
우진플라임,2900,2850,3100,2850,28795,2915
삼성 미국 대형 성장주 ETN,14355,14395,14395,14355,731,14535
ARIRANG 코스피중형주,7345,7235,7360,7235,1824,7415
동일제강,1900,1875,1915,1860,91254,1900
한솔PNS,1405,1345,1405,1345,123277,1390
신한 다우존스지수 선물 ETN(H),14120,14000,14120,14000,933,14215
미래에셋 미국 항공우주 ETN(H),13730,13730,13830,13730,75,14185
신한 인버스 콩 선물 ETN(H),14155,14155,14155,14155,1,14155
광명전기,2065,2055,2120,2040,291216,2055
그린케미칼,3690,3690,3745,3660,105964,3700
SK이노베이션우,71400,72000,72500,71000,6261,70700
일진전기,2365,2345,2380,2320,133816,2380
ARIRANG 코스피50,17930,17655,17990,17655,2620,17770
KB 코스피 마운틴 ETN,8765,8765,8765,8765,0,8795
KEC,745,730,746,730,480720,751
고려산업,3280,2650,3280,2625,12780619,3500
디와이파워,8100,7770,8150,7700,105787,7900
현대코퍼레이션홀딩스,9500,9360,9550,9330,35560,9550
KODEX Fn성장,11255,11155,11255,11155,103,11190
한창,2555,2565,2595,2490,3109971,2475
다스코,5440,5480,5800,5440,99904,5570
조비,16900,17250,17600,16800,131124,16450
SK우,147000,144000,147000,142500,8657,150500
영흥,987,990,997,979,260815,990
테이팩스,18100,18400,18950,17850,35394,18000
삼화왕관,39500,39000,39600,39000,417,39350
서연,3230,3070,3250,3030,384885,3610
한미글로벌,7640,7530,7640,7460,25274,7710
웰바이오텍,1970,2010,2010,1970,422597,1960
지엠비코리아,4440,4355,4480,4355,103876,4410
KODEX KRX300,12065,11945,12085,11865,17133,11845
동성화학,15950,15900,16000,15650,10698,15750
동방아그로,6120,6100,6190,6090,8359,6150
KODEX 국고채3년,57665,57685,57690,57625,6259,57650
삼원강재,2060,2050,2070,2035,18675,2050
일진디스플,2830,2800,2835,2765,126252,2880
대호에이엘,3210,3220,3345,3120,2320625,3000
남성,2245,2250,2325,2230,494196,2240
황금에스티,5790,5770,5880,5710,53234,5790
한국내화,3530,3445,3900,3395,1850994,3540
세원정공,8090,0,0,0,0,8090
KC그린홀딩스,3605,3535,3620,3535,35913,3590
성보화학,4105,3990,4150,3950,37189,4005
대현,1795,1730,1805,1730,124119,1805
화신,2355,2500,2545,2315,1552465,2280
KODEX 미국S&P500선물(H),13620,13460,13695,13430,58326,13700
천일고속,55100,53700,55400,53700,1289,55500
대림씨엔에스,6270,6270,6320,6210,38779,6230
동양고속,27300,27200,27350,27100,5348,27250
수산중공업,1485,1520,1530,1480,799310,1460
유니온머티리얼,1830,1785,1895,1780,337855,1870
한양증권,6090,5980,6160,5970,47505,6140
대신증권2우B,7750,7510,7760,7510,52390,7800
금강공업,3400,2860,3655,2840,2704051,3140
사조오양,8210,7830,8260,7810,142522,8110
ARIRANG 코스피TR,9475,9340,9475,9320,4185,9485
대유에이텍,716,712,723,710,154811,707
부국철강,3685,3700,3715,3610,256625,3730
범양건영,2850,2900,2950,2840,507945,3000
시디즈,36750,37300,37300,35850,4664,37100
KTcs,1725,1700,1735,1690,295978,1735
오리엔트바이오,747,726,754,719,774815,727
한농화성,4700,4545,4740,4545,59066,4725
코리아써키트,7890,7850,7920,7790,206679,7980
현대상사,14150,14250,14500,14000,135582,14150
KINDEX 중국본토CSI300,23020,23100,23100,22800,3906,23050
QV 코스피 양매도 5% OTM ETN,9320,9320,9320,9320,0,9320
KPX홀딩스,43050,43100,43550,42800,1210,43700
티웨이항공,3830,3845,3855,3600,291407,3920
경보제약,7700,7580,7730,7570,38913,7700
일진홀딩스,3660,3540,3670,3540,125375,3710
케이씨,13500,13500,13650,13400,41673,13450
KG케미칼,13850,13850,14300,13750,253733,14000
ARIRANG 단기유동성,111720,111725,111725,111720,19,111720
동부건설,8300,8170,8330,8170,98563,8340
S&T중공업,5420,5360,5470,5360,45238,5470
휴비스,5350,5250,5350,5250,216852,5270
동성코퍼레이션,3930,3840,3960,3810,70125,3985
한국금융지주우,30350,29850,30400,29700,35512,30800
부국증권,17250,17700,17700,17000,20649,17350
대원강업,2895,2860,2920,2860,20316,2895
아세아,81400,81100,82700,80500,5271,81900
세화아이엠씨,2990,0,0,0,0,2990
아시아나IDT,15800,15750,15900,15600,147696,16000
세방,8860,8660,8880,8660,8581,9180
한국철강,3800,3830,3830,3750,75686,3840
신한 인버스 2X 천연가스 선물 ETN(H),9690,9345,9715,9265,371891,8770
무학,6230,5940,6380,5750,147116,6120
삼성 레버리지 WTI원유 선물 ETN,835,835,835,835,3636565,835
TIGER 중국소비테마,6365,6245,6375,6190,125059,6420
유니퀘스트,6270,6240,6520,6230,138312,6260
KINDEX 베트남VN30(합성),11300,11200,11300,11085,71294,11140
한국화장품제조,37550,36350,37800,35700,145338,37600
종근당바이오,31100,31350,31750,30950,80989,30800
KBSTAR 코스닥150,10015,9820,10025,9820,22702,9900
AJ네트웍스,3590,3500,3605,3500,102332,3595
효성중공업,17400,16700,17400,16700,97659,18000
KSS해운,6950,6930,7070,6920,76262,7180
팜스코,4455,4480,4680,4455,269151,4450
사조산업,32500,29800,32750,29800,40009,32600
삼양통상,51100,50300,51200,49850,3208,53900
LS네트웍스,1920,1940,1940,1890,37763,2035
신라교역,9690,9460,9780,9460,20419,9950
KBSTAR 코스피,19560,19230,19590,19230,330,19330
제일파마홀딩스,14800,14300,15200,13950,126123,14900
신세계푸드,59800,53700,60000,53500,68094,61300
일성신약,90300,90000,92400,89000,1830,89000
S&T홀딩스,14100,13700,14100,13700,11258,14450
신대양제지,58000,56900,58900,56900,15777,58300
IHQ,1530,1515,1545,1510,576644,1600
E1,34000,33800,34550,33800,8828,34000
삼양패키징,16400,15900,16650,15900,34826,16400
쌍용차,1565,1570,1580,1545,549972,1555
남양유업,319500,315000,322000,312500,2200,319000
대상홀딩스,6450,6250,6500,6230,293912,6330
광주신세계,142500,143000,146500,142000,1752,142500
애경유화,7130,6950,7200,6950,124380,7080
현대에너지솔루션,20650,20450,20950,20050,88807,20200
용평리조트,4690,4700,4740,4635,193292,4690
풍산홀딩스,28750,28650,29300,28000,9517,28800
코오롱,18400,18300,19200,18100,115664,17800
하나 코스피 변동성추세 추종 양매도 ETN,8780,8780,8780,8780,0,8780
넥스트사이언스,6980,6980,7130,6950,341533,6900
대신증권우,8260,8040,8290,8040,122646,8360
대한제분,127500,125000,127500,122000,6705,126500
LS전선아시아,7000,6830,7020,6830,100803,6900
유진투자증권,2100,2015,2120,2015,403414,2180
예스코홀딩스,34550,34500,34550,34050,1714,35100
신한 인버스 2X WTI원유 선물 ETN(H),11330,9720,12565,9700,8666224,17480
TIGER 차이나CSI300레버리지(합성),18025,18050,18600,17945,96927,18225
한세예스24홀딩스,5240,4840,5270,4830,43719,5220
토니모리,11700,11500,11700,11250,120963,11800
에어부산,3950,4025,4030,3900,293428,3955
한국주철관,8860,8870,8990,8800,64514,9000
해태제과식품,7010,6960,7050,6620,59021,6990
무림P&P,3260,3200,3265,3190,145816,3250
KOSEF 국고채10년,124795,124990,124990,124745,5272,124965
코스모화학,7720,7630,7860,7630,255829,7730
동아지질,16700,17250,17450,16550,418096,17400
선진,8260,8120,8300,7950,94038,8400
이엔플러스,5350,5280,5450,5270,467098,5340
신세계 I&C,112000,112500,114000,110000,8813,115000
동성제약,11150,11000,11200,11000,210828,11150
삼천리,70300,71500,71900,70200,20675,71300
한국카본,6580,6500,6610,6460,633806,6570
경방,10650,11050,11150,10600,109812,10450
고려제강,14250,13900,14400,13900,21609,14250
경인양행,7000,6970,7050,6900,377489,6960
유나이티드제약,17500,17300,17650,17300,108236,17500
금호산업,7720,7650,7790,7560,82183,7870
SK증권,604,595,605,590,2670756,600
신도리코,27300,26600,27300,26600,8756,27700
에이블씨엔씨,10200,10050,10250,9990,103360,10200
조광피혁,41300,41150,42650,41150,807,41250
인스코비,2835,2865,2900,2780,948578,2790
아세아제지,29900,29700,30050,29500,53561,30250
아모레G3우(전환),38150,37700,38350,37600,6714,38200
환인제약,14600,14650,14750,14450,30033,14500
세아홀딩스,64100,63800,66000,63300,1188,67400
KBSTAR 대형고배당10TR,9850,9620,9880,9620,3883,9950
SBS미디어홀딩스,1915,1865,1960,1845,86259,1900
엔에스쇼핑,7740,7590,7800,7550,17807,7790
경농,12500,12700,12950,12400,328513,12100
모나리자,7450,7700,7760,7430,3684538,7110
코리아오토글라스,12950,12600,13000,12450,29970,13000
센트랄모텍,30400,29450,31850,29150,681078,30100
태림포장,3730,3605,3740,3605,347338,3660
코스모신소재,8820,8740,8910,8740,235373,8810
이연제약,14100,12600,15300,12600,936230,15300
엘브이엠씨홀딩스,4920,4955,4990,4900,160591,4995
아세아시멘트,65200,65800,66600,65000,10886,65500
삼성출판사,23900,23400,24850,23300,1696672,25200
삼영무역,13650,13500,13750,13450,42702,13550
현대차증권,8400,8070,8410,8060,137546,8490
해성디에스,14100,14000,14200,13900,49970,14650
삼성제약,4060,4075,4095,3995,1044537,4045
한화손해보험,2085,2080,2085,2005,423019,2130
JW생명과학,15900,15800,16100,15600,86436,15650
교보증권,6670,6440,6730,6400,143646,6860
디티알오토모티브,24250,24300,24450,23950,10353,24650
한화3우B,10950,10800,10950,10700,52636,10950
케이씨씨글라스,25800,25000,26050,24400,308101,29400
KINDEX 단기통안채,100570,100570,100570,100565,645,100570
우리종금,555,529,613,522,15817289,556
유니드,39800,39000,40700,39000,20426,41850
송원산업,15250,15000,15700,14800,997947,15250
TIGER 단기채권액티브,50270,50260,50270,50260,1043,50265
율촌화학,14900,14350,15100,14250,412686,14650
하나제약,22700,22350,23000,22200,58443,22400
웅진씽크빅,2690,0,0,0,0,2690
아이마켓코리아,10200,10050,10250,10000,62624,10000
LG전자우,20450,20150,20550,20100,84012,20650
KOSEF 200TR,29615,29080,29725,29080,12201,29805
한일시멘트,82800,83200,84000,82000,10245,84800
효성첨단소재,75200,74300,75300,74200,15311,78300
KODEX 선진국MSCI World,13420,13150,13425,13150,18309,13540
케이씨텍,17750,17650,17800,17500,46961,17600
농심홀딩스,76000,74300,76800,74300,6117,75100
삼진제약,25650,25800,25950,25200,236595,25050
LG헬로비전,4390,4255,4420,4255,288962,4490
현대건설기계,17900,17550,18000,17550,93776,17550
서울가스,69500,70300,70300,69000,173,69000
AK홀딩스,24300,23300,24900,22800,79851,25950
한화투자증권,1590,1535,1595,1530,784134,1600
HANARO 단기통안채,102490,102490,102490,102490,0,102495
한국쉘석유,260000,256000,261000,256000,2113,261000
삼호,20550,20600,20600,19900,19852,22350
한솔제지,13450,13350,13500,13250,98104,14100
TIGER 코스닥150,10160,10075,10185,10020,435320,10050
이리츠코크렙,5240,5230,5270,5140,97989,5280
일진다이아,23850,23150,24000,23100,164738,23500
SBS,18300,18100,18450,18000,95601,18250
동화약품,10450,10100,10550,10100,474561,11900
JW홀딩스,4990,4940,5050,4940,182408,5000
잇츠한불,14600,14450,14650,14200,15672,14900
TIGER 200 IT,20945,20705,21030,20700,219207,20910
세아베스틸,8980,8600,9080,8530,103829,9000
퍼시스,28250,28050,28500,27650,2394,27900
신영증권우,45300,45100,45400,45100,3226,45450
진에어,10450,10550,10650,10300,211936,10650
진흥기업,2080,2070,2095,2050,76774,2195
광동제약,6120,6050,6150,6050,200191,6070
한독,23200,22250,23400,22150,125670,22800
일동제약,13050,12700,13250,12600,92657,13000
하이트진로홀딩스,12800,12500,13000,12450,117992,13300
SK렌터카,8470,8230,8700,8230,70334,8600
미원상사,61500,62300,62300,61500,2435,61500
한라홀딩스,28400,27750,28600,27750,29028,29100
만도,23350,22950,23450,22850,415887,23200
더블유게임즈,54600,54700,55700,54100,105104,58000
종근당,92000,92300,93300,92000,26381,93300
KODEX 200TR,8150,8005,8185,8005,176643,8200
코리안리,8340,8360,8440,8270,381440,8360
KODEX 인버스,6880,7005,7025,6855,34674455,6845
GKL,15100,14750,15550,14700,251413,16200
두산솔루스,32050,30700,33050,30700,1379704,32700
두산중공업,3835,3750,3860,3645,1966145,3935
녹십자홀딩스,21400,21800,21900,21350,94542,21050
TRUE 코스피 양매도 5% OTM ETN,9765,9770,9785,9765,1168,9780
한화시스템,8710,8770,8910,8450,1331521,8770
한국콜마,41850,41600,41900,41150,126683,42200
롯데정밀화학,36200,34900,37000,34900,153338,36950
영풍,512000,497000,515000,495000,2581,512000
TIGER TOP10,8340,8245,8390,8225,3028,8295
아시아나항공,4210,4260,4300,4175,2364151,4210
대한유화,144500,146000,146500,139500,95664,144500
OCI,39800,38000,40900,37850,208510,39300
KODEX 삼성그룹,6405,6320,6420,6290,183126,6345
한솔케미칼,83700,82500,84300,82000,31601,81900
JB금융지주,4605,4375,4640,4375,776728,4690
롯데리츠,5240,5250,5260,5130,311749,5370
HANARO 200,25890,25485,25985,25435,16728,25675
SK케미칼,77700,77700,78400,77100,127010,78600
한국테크놀로지그룹,9590,9410,9590,9370,118177,9860
영진약품,5060,5000,5100,4995,643425,4985
신풍제약,18050,18950,18950,17850,2094839,17050
코스맥스,89200,86000,89200,85300,158147,88700
금호타이어,3075,3035,3085,3000,354437,3080
두산인프라코어,4290,4130,4305,4130,1700848,4250
현대위아,32000,31650,32200,31450,221499,32100
DGB금융지주,4920,4715,4970,4715,1690442,5150
오리온홀딩스,13850,13450,13950,13450,125989,13900
롯데칠성,105500,101500,105500,101000,44803,108000
현대홈쇼핑,68100,66600,69200,66000,29649,71300
태광산업,747000,720000,751000,720000,1360,766000
KODEX WTI원유선물(H),3680,3890,3915,3635,54823596,3130
동원산업,228000,218500,239500,218500,12418,227000
현대오토에버,38650,37750,38650,37750,18084,39150
코오롱인더,29850,29350,30050,28950,211275,29900
롯데관광개발,10900,10350,11000,10350,252265,11600
현대그린푸드,7970,7450,8070,7430,654840,8170
KODEX 단기채권PLUS,102315,102275,102325,102275,1777,102325
롯데제과,121500,118000,122500,117000,7155,124000
쿠쿠홈시스,35050,34600,35250,34250,16770,35050
대상,22450,21650,22750,21450,501026,22400
동원F&B,204000,195000,207500,193000,21822,200500
삼양식품,103500,107000,107000,103000,64664,102500
농심,304000,307000,310000,302000,33211,301500
일진머티리얼즈,39650,39250,39750,38650,382671,39450
팬오션,3485,3385,3495,3380,2404798,3400
현대백화점,70600,67900,72500,67500,143653,75200
부광약품,26550,27600,27850,26400,3169118,27100
녹십자,151000,154000,154500,149000,100848,148000
동서,16950,16650,17050,16550,89583,17250
KODEX 단기채권,102225,102225,102225,102220,34256,102225
한샘,73700,71400,75000,70200,191106,72900
포스코인터내셔널,13650,13350,13800,13350,405633,13900
현대엘리베이,62300,62800,63200,61800,263115,62400
F&F,109500,110000,111500,107500,56956,109500
BNK금융지주,4875,4655,4890,4640,2135472,4970
키움증권,72700,71500,73000,71200,64829,72700
메리츠화재,13800,13700,13950,13600,197459,13900
신세계인터내셔날,208500,203000,208500,203000,33157,218500
LG생활건강우,736000,764000,771000,736000,4509,738000
현대로템,17950,17900,17950,17650,1136714,18150
한화생명,1750,1715,1770,1710,7454435,1765
효성,70700,68900,72000,68500,87018,71900
TIGER 단기통안채,100440,100445,100455,100440,505662,100450
NHN,77400,77000,78000,76000,86495,76200
KCC,166500,155500,170000,154500,94294,166000
한화,18950,18350,19050,18350,393072,19400
대우건설,3440,3320,3440,3320,908463,3465
한전KPS,32200,31800,32250,31650,100570,32000
한화에어로스페이스,26050,25400,26500,25200,965307,27400
현대차우,56400,55800,57000,55800,94317,56700
메리츠금융지주,9490,9200,9670,9200,39688,9800
SK네트웍스,5680,5540,5690,5520,1777127,5520
KBSTAR 200,25870,25430,25975,25425,363594,25675
LG화학우,165000,166000,166500,163500,14721,168000
대웅제약,112500,112500,116500,112000,162429,109500
한올바이오파마,24450,24100,24600,24100,225787,24000
지누스,83700,80800,84300,80000,189083,86200
KODEX 종합채권(AA-이상)액티브,109270,109265,109310,109200,23643,109280
영원무역,26200,24600,26700,24600,273758,27300
LS,35850,34800,36300,34800,113603,36400
이노션,57800,56800,58100,56100,34329,58300
KODEX 코스닥150 레버리지,7615,7395,7670,7390,31510065,7545
LS ELECTRIC,38800,38000,39050,37650,93021,38700
HDC현대산업개발,17600,17900,17950,17300,506877,17600
DB하이텍,26300,26200,26450,25750,682036,26050
파미셀,19250,19650,21000,18150,14007526,19250
현대미포조선,29450,29300,29600,28750,174445,28850
HMM,3670,3700,3730,3655,1289140,3600
KG동부제철,12250,13450,13500,11600,471894,11250
롯데지주,28700,26600,29300,26600,398208,37300
현대건설,33900,33300,33900,33000,841652,34300
현대중공업지주,232500,228000,238500,226500,36112,231000
현대글로비스,98300,98700,99300,97800,156272,99400
미래에셋대우,5380,5210,5450,5180,3797619,5350
GS,38100,37500,38450,37500,254589,37800
이마트,119500,109000,120500,109000,674643,120500
CJ대한통운,150000,147000,152500,145500,98331,146500
KODEX 레버리지,10115,9800,10200,9765,100278264,10235
삼성카드,28900,27850,29050,27850,167096,28550
에스원,83300,83400,84800,82800,44747,85900
LG이노텍,136000,127500,137500,127000,460409,136500
호텔신라,78200,76500,78900,76100,657908,82000
DB손해보험,45100,43100,45400,42900,261960,44900
포스코케미칼,52000,51800,52600,51600,220075,51500
유한양행,46750,47200,47250,46650,262050,46600
대림산업,81500,82100,83900,81100,270315,87400
한미약품,255000,255000,257000,253000,27876,255500
롯데쇼핑,96600,85300,96600,85300,493106,104000
GS리테일,36500,34750,37800,33800,2295152,37950
TIGER 200,25950,25545,26035,25465,1056433,25650
BGF리테일,158500,155500,168500,154500,137261,159000
한국금융지주,47500,46300,47900,46100,317299,47450
현대제철,19500,19000,19650,19000,902325,19750
한국타이어앤테크놀로지,21000,20700,21100,20450,363555,21200
신세계,255500,244000,258500,244000,124833,263500
더존비즈온,88700,92000,92000,87600,174487,87200
삼성중공업,4175,4230,4275,4175,4520911,4090
쌍용양회,5160,5240,5320,5120,1462679,5100
NH투자증권,8990,8700,9050,8700,1725116,9050
삼성증권,28350,27600,28600,27500,491602,28400
한국항공우주,25600,25250,25800,25000,1184419,25500
한국가스공사,26950,26250,27000,26200,326047,26750
CJ,82300,72400,84000,72100,420046,81500
현대해상,25950,25550,26400,25450,305875,26450
금호석유,76300,72200,77800,72000,393723,76400
한화솔루션,14500,14300,14700,14150,1115784,14250
두산밥캣,22750,22400,23050,22350,475724,22950
하이트진로,31800,31300,32050,30900,632815,31800
삼성엔지니어링,11100,10950,11200,10950,1277034,11050
현대차2우B,58200,58000,58800,57500,91705,58900
휠라홀딩스,33800,33350,33900,33150,347325,35050
KODEX 200선물인버스2X,6750,6990,7030,6695,155218620,6680
GS건설,24500,24200,24700,24000,470197,25300
제일기획,17200,17200,17500,17050,499422,17600
오뚜기,552000,540000,555000,540000,10452,548000
메리츠증권,3040,3000,3075,2965,2457946,3080
대한항공,19900,20750,20900,19800,2452395,19700
SKC,50200,50400,51200,49350,330752,49600
삼성전자,49850,49350,50000,49100,13742821,50100
SK하이닉스,82600,81700,83200,81200,3221840,83400
삼성바이오로직스,588000,593000,596000,582000,174581,588000
삼성전자우,42750,42550,43000,42250,1158191,42400
NAVER,197500,193000,200000,192500,896825,198000
셀트리온,212500,213500,215000,211500,476952,209000
LG화학,353500,353500,357000,348000,442282,362500
LG생활건강,1395000,1428000,1428000,1394000,44751,1371000
현대차,91600,90300,92500,90200,1211756,93200
삼성물산,99700,99400,101000,98000,350235,102500
삼성SDI,279000,277000,280500,275000,333716,279500
SK텔레콤,213000,209500,215000,208500,239358,213000
카카오,184000,183000,187000,181500,719454,185000
현대모비스,167500,168000,169500,167000,400573,167500
POSCO,174000,175000,175000,171000,407343,177500
한국전력,23850,23050,24000,22900,4888302,23800
신한지주,30000,27700,30250,27600,5241754,30100
엔씨소프트,630000,650000,653000,625000,215251,648000
KB금융,34200,31500,34200,31350,6240181,34150
SK,178500,176000,180500,175000,114252,183000
삼성에스디에스,159000,158000,160500,157000,142239,158500
기아차,28600,27900,28900,27800,1368467,29250
KT&G,80400,78700,81000,78600,434001,80300
LG,62300,61900,62800,61500,153925,62500
아모레퍼시픽,171500,171500,173000,170500,230575,176000
삼성생명,49300,47000,49800,46950,760260,49400
삼성화재,191500,184500,194500,183000,194151,191000
SK이노베이션,97600,97600,98900,97600,447236,96500
LG전자,53400,52800,53800,52700,560135,53600
삼성전기,111000,108500,111500,107500,911361,110000
하나금융지주,27050,24100,27050,24000,6646409,27350
넷마블,92400,91500,92400,91000,180725,95300
S-Oil,71500,70800,72500,70700,543848,68700
롯데케미칼,223500,216000,225500,214500,242089,222000
고려아연,395000,391500,399500,390000,35943,386500
KT,23600,23150,23800,23100,854145,23550
우리금융지주,8330,7920,8420,7900,4570861,8430
LG유플러스,13200,12850,13300,12700,1429574,13050
한국조선해양,77300,77200,77900,75900,255962,77400
강원랜드,24700,24000,24950,24000,710098,25200
한진칼,90500,94200,96500,88600,3079710,88200
KODEX 200,25920,25505,26020,25465,6061574,25650
오리온,120500,122000,125000,119500,82501,123000
한온시스템,8880,8770,8950,8730,600023,9110
아모레G,58200,58000,58800,57700,121003,58300
기업은행,7620,7230,7710,7230,4786883,7720
코웨이,59800,59000,60500,59000,161845,59800
CJ제일제당,274000,264500,276000,264000,122135,269500
