삼성전자,49250,48950,49250,48650,17793724,48300
SK하이닉스,84100,84000,84400,83000,3652884,81400
삼성바이오로직스,559000,500000,603000,494500,2991087,539000
삼성전자우,42200,42000,42200,41850,963155,41800
셀트리온,209500,214000,215000,203000,1730995,215500
NAVER,166500,166000,167000,164000,482028,166000
LG화학,324000,324500,326000,318500,311749,315000
현대차,99700,97400,101500,96200,2795973,97800
LG생활건강,1215000,1226000,1235000,1201000,38259,1197000
삼성물산,94200,88900,96000,88500,1388603,92200
삼성SDI,250500,253500,254000,247000,435883,241500
현대모비스,181000,178500,184000,175500,367510,174000
POSCO,178000,165000,179000,164500,936476,181000
SK텔레콤,194000,193500,196000,193000,194515,190000
엔씨소프트,650000,657000,659000,645000,75145,651000
신한지주,29050,28500,29500,28350,2795987,28500
카카오,161000,158500,161500,157000,751798,157500
KB금융,33650,33150,33950,32600,3139069,32550
한국전력,20050,19150,20300,19150,5353718,20450
SK,179000,169500,180000,168500,278541,175000
기아차,31000,30550,31800,30150,2284587,29500
삼성에스디에스,157500,155500,159000,154500,207270,152000
KT&G,78200,76400,78600,75400,587590,77400
LG,60300,61000,61200,59700,300328,58700
아모레퍼시픽,172000,170000,172500,167500,208581,171500
삼성생명,50600,44850,53400,44800,3238064,49400
SK이노베이션,100500,95300,101500,95300,1292198,96300
삼성화재,183000,174500,184000,172000,199566,187000
LG전자,53800,54100,54100,53300,683567,53200
넷마블,95000,96500,96500,93200,319786,95000
삼성전기,103000,104000,104500,101500,603667,99500
S-Oil,68700,67800,69300,67000,1166864,65900
하나금융지주,25300,24250,25550,24200,2949968,24600
고려아연,385500,394000,397000,385000,53147,382500
롯데케미칼,183500,174000,183500,172500,236306,180000
KODEX 200,25160,24900,25195,24820,10583914,24730
한국조선해양,85400,83500,86900,81800,474055,80800
우리금융지주,7970,7760,8000,7670,4502516,7900
KT,21650,21650,21800,21350,858232,21200
LG유플러스,11950,12050,12100,11800,1922065,11650
강원랜드,24100,23600,24300,22650,2070673,23400
한진칼,85500,83900,88300,82400,3753711,84500
아모레G,60500,60000,60700,58200,180295,60000
한온시스템,9100,9120,9200,8970,969369,8790
코웨이,63900,64100,64700,63600,142782,62500
오리온,113000,113500,114000,109500,233951,114000
기업은행,7820,7590,7840,7520,3701827,7750
LG디스플레이,11450,11450,11750,11250,3299068,11050
현대중공업지주,230500,228500,232500,224500,57576,227000
GS,39150,38850,39150,38550,230917,39100
CJ제일제당,231500,239500,239500,229000,101930,229000
현대건설,30650,30200,31300,29550,1044021,30950
KODEX 레버리지,9530,9350,9550,9285,110600354,9200
삼성카드,29250,28850,29550,28850,182647,28950
미래에셋대우,5150,5050,5230,5020,4843855,5030
유한양행,48550,50000,50000,47700,707302,47750
에스원,82600,81400,82600,81200,52928,83000
TIGER 200,25190,24930,25215,24825,2625921,24755
이마트,111500,114000,114500,110000,244212,111500
대우조선해양,17100,16300,17550,15950,643204,16300
TIGER 단기통안채,100415,100415,100425,100415,300671,100430
팬오션,3115,3195,3195,3035,1494088,3060
포스코인터내셔널,13750,13850,13900,13350,346024,13200
동서,16450,16300,16450,16200,81593,16200
키움증권,74800,73000,76300,72100,125446,72500
현대엘리베이,58000,57100,58000,56100,242994,58500
BNK금융지주,4810,4670,4840,4655,1405651,4830
일진머티리얼즈,36200,36450,36800,34750,884478,34050
KODEX 단기채권,102185,102180,102185,102180,24319,102185
SKC,43750,43250,44150,42050,379533,41100
메리츠화재,13600,12400,14200,12350,861688,13550
한화생명,1720,1430,1805,1425,92803076,1720
F&F,96700,98400,98400,94900,40184,96200
현대백화점,64400,64000,65000,63300,73243,62900
부광약품,24300,24550,26350,23400,10451221,22250
한전KPS,32300,31900,32400,31450,98346,32000
현대차우,60700,60100,62000,59000,178854,58600
한샘,60800,61600,62300,60400,87587,59900
메리츠금융지주,9890,9990,10050,9810,53874,9940
효성,67000,65100,68100,65000,60527,66000
신세계인터내셔날,199000,199500,201500,193500,48074,194500
KBSTAR 200,25125,24790,25135,24750,1305895,24665
LG생활건강우,664000,662000,667000,659000,4043,654000
NHN,69000,68800,69500,66700,83940,68600
한화,18300,18100,18300,17750,235844,17850
대우건설,3145,3160,3210,3110,1807422,3155
KCC,152500,140000,155500,138000,154189,146500
KODEX 코스닥150 레버리지,6860,6965,7000,6550,49571465,6575
한올바이오파마,23850,23800,25600,23150,874161,24200
현대미포조선,31450,30500,31900,30050,303288,30050
SK네트웍스,4940,4975,4985,4850,1034428,4835
KODEX 종합채권(AA-이상)액티브,109765,109745,109885,109680,7514,109735
신풍제약,23750,22000,24900,21500,23030621,22000
HDC현대산업개발,18250,18800,18850,18150,661157,17650
LG화학우,155000,155000,156000,152000,15647,149500
만도,25700,26000,27150,24750,861407,24350
LS ELECTRIC,38300,38500,38900,38150,83282,37450
파미셀,18300,18700,18950,16850,7098958,18550
한화에어로스페이스,23250,23400,23700,22900,261776,21950
대웅제약,95100,95500,97900,93300,73788,95100
현대상선,3290,3300,3345,3235,1342360,3460
이노션,55400,55700,56900,55100,31132,54700
KODEX MSCI Korea TR,7900,7870,7935,7815,747350,7825
영원무역,25100,24950,25500,24200,135126,24200
LS,35100,33900,35350,33650,131962,33300
KODEX 200TR,7915,7820,7920,7800,293410,7790
TIGER TOP10,8220,8175,8220,8085,16515,8100
NICE,18550,18650,18700,18300,21614,18250
대상,18850,18900,19100,18600,224911,19650
미래에셋생명,3850,3630,3960,3575,823881,3840
애경산업,26050,25850,26200,25200,122541,25600
한전기술,17300,17250,17300,16750,125524,17600
동원F&B,175000,178000,178000,172500,12398,173000
대웅,11700,11900,12200,11450,128048,11450
SK가스,73000,72000,73300,70800,8649,72500
필룩스,5010,5220,5250,4720,3568518,5570
씨에스윈드,28400,28400,29150,27700,41662,27550
CJ CGV,23650,23850,23900,23000,336414,22500
대신증권,9550,9310,9550,9080,156578,9300
삼화콘덴서,47350,47700,48200,45300,244864,45400
KODEX Top5PlusTR,11800,11620,11805,11555,22807,11565
동양생명,3105,2960,3330,2900,1869409,2910
유안타증권,2325,2235,2345,2210,689740,2340
삼성 코스피 양매도 5% OTM ETN,9250,9250,9250,9250,0,9215
서울가스,72100,70700,73900,69000,507,71500
SMART 200TR,8235,8145,8235,8125,3474,8075
부산가스,32050,31800,32250,31450,1224,31750
에이프로젠 KIC,2335,2380,2390,2160,6673374,2255
LG전자우,20350,20500,20550,20100,55257,20100
우리종금,522,512,537,504,3663984,511
LG하우시스,39400,39250,39550,38300,44002,38400
아이마켓코리아,9680,9420,9750,9410,53092,9570
스카이라이프,7320,7080,7320,7040,118337,7170
하이트진로홀딩스,12300,12300,12400,11850,19535,12200
진흥기업,1975,1930,2020,1900,274623,1945
유나이티드제약,18550,19900,19900,17950,435457,17300
일진다이아,20500,20200,21100,19700,259771,19700
SK렌터카,7940,8050,8150,7600,147214,7810
동양,1205,1230,1235,1150,1560124,1170
한국자산신탁,2370,2290,2405,2240,722740,2250
조광피혁,41750,41600,42400,40450,3390,41500
AK홀딩스,21500,21900,22500,21000,58225,20550
SK증권,587,546,599,540,9416185,574
아모레G3우(전환),38450,38650,38650,37600,4186,38100
아세아제지,30200,30100,30300,28600,58705,29750
신도리코,26400,25800,26500,25300,8131,26350
금호산업,7390,7200,7400,7080,200975,7370
삼성제약,4200,4260,4375,4030,3583739,4240
환인제약,14250,14600,14800,13750,111290,14000
KBSTAR 대형고배당10TR,9875,9800,9875,9695,12410,9655
코리아오토글라스,13250,12950,13650,12800,95145,12850
송원산업,10850,10700,11000,10450,164944,10700
경인양행,6230,5790,6590,5740,1974269,6270
에이블씨엔씨,9480,9250,9500,8820,142220,9450
모나리자,7470,8050,8140,6900,9009706,6950
한국카본,6100,6150,6250,5970,742228,5740
SBS미디어홀딩스,1810,1815,1820,1765,306593,1800
태림포장,3590,3760,3765,3455,744125,3550
삼성 레버리지 WTI원유 선물 ETN,2830,2810,2945,2640,57226237,2385
도화엔지니어링,7540,7500,7540,7120,132877,7420
JW생명과학,15900,16400,16700,15550,168275,15700
현대일렉트릭,7030,7070,7170,6750,220232,6890
인스코비,2605,2620,2680,2490,703243,2550
세아홀딩스,60100,56800,60100,56000,1647,61900
한화손해보험,2200,2090,2360,2000,3545082,2120
TIGER 원유선물Enhanced(H),1775,1730,1785,1720,14035230,1820
일성신약,95300,88400,99500,87000,35361,92300
센트랄모텍,29000,30150,30200,28000,314763,28400
엘브이엠씨홀딩스,4920,4750,5080,4575,622765,4780
경농,11250,11850,11900,11000,492648,11200
엔에스쇼핑,7000,7010,7200,6900,31364,7170
넥센,4430,4205,4870,4190,153731,4505
국도화학,41450,42000,42100,40300,10160,41450
해성디에스,15100,14900,15100,14650,39635,14100
한국화장품,15400,14050,15400,13100,4182769,14850
디티알오토모티브,24500,24750,24900,24250,9989,23800
코스모신소재,8600,8590,8630,8100,584285,8070
KPX케미칼,48950,49200,50700,48200,1008,48450
대상홀딩스,6000,5860,6000,5640,396633,6470
KBSTAR 코스피,18810,18710,18935,18600,14531,18600
모토닉,7230,7440,7440,7020,25159,7030
코오롱글로벌,7050,7140,7200,7030,23502,9160
코오롱,13950,14050,14350,13700,39278,18100
한일홀딩스,38100,37350,38550,37250,5086,38050
E1,33600,32800,34150,31900,35929,33200
교보증권,6500,6310,6540,6190,176429,6270
아세아시멘트,56900,55000,58000,53100,22809,57800
광주신세계,144500,144500,145500,143500,356,140500
삼영무역,12750,12850,13000,12400,40397,12600
넥스트사이언스,7050,7380,7480,6760,1319260,6990
삼성SDI우,140500,140000,140500,137000,22601,136500
신대양제지,55500,55600,55600,51000,12674,54800
현대에너지솔루션,21300,20150,21750,19850,453504,19600
삼성출판사,22850,23850,25000,21800,1245867,21800
하나 코스피 변동성추세 추종 양매도 ETN,8665,8665,8665,8665,0,8665
S&T홀딩스,13500,13650,13700,13300,6406,13250
풍산홀딩스,27700,27850,27850,26950,3873,27450
현대차증권,7490,7160,7490,7110,207023,7310
삼양패키징,15150,14850,15150,14750,43025,15050
쌍용차,1380,1395,1410,1350,1201884,1425
삼익THK,10300,10100,10500,9960,28476,10050
케이씨씨글라스,27450,22600,29050,22600,1712935,25200
IHQ,1500,1415,1535,1365,4899761,1435
대한제분,121500,117000,123000,116000,6382,124000
동화약품,7730,7700,7860,7310,237235,7490
CJ4우(전환),50300,49700,50700,49400,15354,49400
대신증권우,8140,8060,8160,7970,89340,7950
삼성 인버스 2X 천연가스 선물 ETN,20990,21060,21250,20990,7934,20545
LS전선아시아,6850,6770,6960,6680,203381,6690
신세계푸드,51100,51800,51900,49850,16164,52200
TIGER 차이나CSI300레버리지(합성),17840,18125,18180,17630,92995,17550
이연제약,12450,12500,12750,12000,84456,12000
무림P&P,3230,3235,3270,3160,335392,3200
한국주철관,8500,8310,8660,8150,103066,8720
코스모화학,7970,8070,8080,7400,795796,7600
애경유화,6240,6230,6290,6060,160723,6140
토니모리,10150,10000,10350,9450,269907,11100
용평리조트,4030,4095,4095,3700,220086,4030
한세예스24홀딩스,5030,4845,5150,4820,130660,4830
해태제과식품,6860,7100,7100,6720,103540,6580
ARIRANG 고배당주,8790,8540,8790,8480,134078,8650
제일파마홀딩스,13250,14100,14350,13000,108149,11950
KINDEX 중국본토CSI300,22820,22935,23030,22760,7872,22855
나노메딕스,4865,4845,4935,4600,752807,5080
신한 인버스 2X 천연가스 선물 ETN(H),9855,9760,9855,9300,23544,9435
KOSEF 국고채10년,126080,126035,126295,125920,7455,125855
예스코홀딩스,31400,31500,31800,31300,2238,31250
신세계 I&C,109000,110000,112000,108000,8850,109000
효성ITX,14550,13900,14650,13500,144709,16150
에어부산,3700,3480,3700,3435,1102291,3550
QV 코스피 양매도 5% OTM ETN,9230,9230,9230,9230,0,9220
TIGER 차이나CSI300,8700,8685,8730,8660,1096307,8530
현대리바트,8800,8700,8840,8460,129873,8780
유진투자증권,1915,1855,1920,1830,519763,1860
KISCO홀딩스,10000,9730,10150,9600,15025,9730
케이씨,13850,14000,14150,13700,29718,13250
대원강업,2890,2880,2900,2830,26451,2870
S&T중공업,5420,5450,5470,5330,39936,5350
세화아이엠씨,2990,0,0,0,0,2990
아세아,80900,79200,81500,77300,5171,80700
휴비스,5100,5220,5270,4940,370204,5040
일진홀딩스,3510,3680,3750,3350,425617,3510
TIGER 미국나스닥100,45000,45015,45105,44925,45669,44280
부국증권,16700,16550,16700,16200,4415,16650
한국금융지주우,30150,29550,30350,29100,25706,29400
코리아써키트,7720,8120,8130,7520,493584,7270
선진,7170,7290,7370,7010,61449,7150
KINDEX 베트남VN30(합성),10685,10755,10755,10605,49571,11025
종근당바이오,30000,29800,30250,28850,108626,30700
대성홀딩스,9720,9560,9720,9360,44522,10400
한국철강,3770,3650,3770,3650,58751,3615
한솔테크닉스,5500,5640,5660,5350,338737,5170
신한 레버리지 WTI원유 선물 ETN(H),1990,1935,1995,1815,17360194,1785
HANARO 200TR,28785,28275,28785,28275,229,28265
무학,5970,5920,6010,5700,134476,5790
KSS해운,7040,7040,7040,6870,24985,7060
티웨이항공,3735,3440,3785,3415,1065566,3480
세방,8510,8400,8660,8250,27236,8430
동부건설,7650,7570,7650,7370,70451,7450
한국화장품제조,36000,31550,36800,30000,574553,35800
AJ네트웍스,3615,3610,3625,3430,156514,3430
KBSTAR 코스닥150,9500,9515,9560,9230,44744,9305
현대상사,12250,12600,12600,11950,85227,12000
동아지질,13900,13800,14200,13350,362282,13650
세원셀론텍,2540,2780,2780,2500,1003987,2570
TIGER 중국소비테마,6100,6060,6100,5930,89762,5995
흥국화재,2530,2490,2730,2410,235124,2415
동성코퍼레이션,3420,3380,3445,3345,62527,3410
KBSTAR 단기통안채,103615,103615,103620,103610,487272,103620
SIMPAC,2385,2370,2400,2295,49721,2350
한국패러랠,1925,1930,1930,1920,12482,1920
S-Oil우,40000,39000,40750,38500,32125,38150
LS네트웍스,1700,1650,1745,1620,123951,1940
코오롱플라스틱,3095,3090,3120,2955,86616,4020
대한제당,17200,17200,17400,17000,9556,17000
유수홀딩스,6060,6040,6110,5930,18327,5810
KG케미칼,12150,11300,12600,11050,676239,11600
신라교역,9430,9340,9440,9190,14663,9340
동아타이어,10850,10750,10850,10700,179,10850
KODEX 골드선물(H),12500,12230,12500,12220,458150,12240
팜스코,3910,3900,3960,3825,224268,4020
삼양통상,50700,50200,51700,49600,13261,49200
ARIRANG 단기유동성,111680,111680,111680,111680,46,111680
신성통상,1005,1050,1065,971,2461690,1010
TIGER 헬스케어,31310,31395,31820,30220,135039,31315
대한제강,5830,6140,6160,5770,155292,5800
DI동일,61200,61000,62800,59000,18215,59000
성신양회,5950,6040,6140,5720,195433,5820
CJ씨푸드,3735,3805,4000,3540,10045038,3970
효성중공업,15400,15000,15400,14700,80150,15150
삼영전자,7330,7260,7450,7210,20548,7060
대성산업,3180,3235,3270,3130,151155,3120
현대차3우B,60300,58800,60900,58500,16911,58000
신한 레버리지 천연가스 선물 ETN(H),3400,3350,3400,3295,468721,3430
TIGER 글로벌4차산업혁신기술(합성 H),11400,11260,11400,11260,53242,11150
SG세계물산,663,626,734,614,9257883,694
미래에셋 코스피 양매도 5% OTM ETN,9245,9245,9245,9245,2,9245
한화갤러리아타임월드,23100,0,0,0,0,23100
유니퀘스트,5440,5550,5550,5300,152087,5080
한신공영,12400,12400,12400,11700,31081,11950
일신석재,1845,1875,1895,1740,2211343,1785
두산우,34950,35500,35700,34050,41194,34500
한창제지,2730,2960,2960,2480,11069934,2305
DB금융투자,3285,3230,3325,3115,278669,3230
LG우,41600,41250,41750,40600,4701,41300
TIGER 경기방어,9690,9585,9715,9490,13698,9650
한솔홀딩스,2940,3000,3015,2865,190465,2890
깨끗한나라,3820,4220,4270,3580,4052057,3620
사조산업,27250,27050,27400,26250,14493,26950
현대약품,4230,4445,4445,4100,626633,4190
국제약품,7800,8740,9480,7700,11643836,7270
삼성전기우,46650,46400,46900,46000,21033,45850
계룡건설,15200,14750,15300,14600,16563,14850
NH투자증권우,7080,7030,7100,7000,124447,7000
명문제약,5200,5530,5750,5080,5139861,5350
코스맥스비티아이,13900,14000,14000,13100,26683,13700
KTB투자증권,2255,2160,2300,2085,590857,2180
CJ제일제당 우,98900,100000,100000,97500,3701,98800
삼일제약,17850,18900,18900,17200,83041,17400
써니전자,3400,3560,3635,3205,3106517,3290
카프로,2800,2770,2880,2700,956582,2770
자이에스앤디,4175,4295,4295,4070,160312,4125
S&TC,14900,14600,14900,14250,33595,14600
TIGER 코스피,18975,18735,19030,18675,28292,18625
STX,5700,5780,6060,5550,79394,5450
동양철관,903,920,925,881,1097788,897
대창,1055,1050,1095,1020,3525249,1010
샘표,31550,33150,33150,31150,11223,32000
TIGER 미국S&P500레버리지(합성 H),13945,13820,13990,13700,193336,13520
금양,2140,2130,2160,1990,125659,2085
대우부품,1995,2035,2050,1875,1154543,1925
한라,2415,2440,2445,2355,40106,2355
세이브존I&C,2320,2320,2360,2260,62224,2230
호전실업,11600,11950,11950,11500,3219,11400
유니켐,1440,1485,1505,1410,589263,1345
비상교육,7200,7350,7360,6880,200877,7000
우성사료,2890,3100,3150,2840,2266994,2940
디아이,2960,3050,3050,2885,184141,2870
벽산,1345,1355,1370,1290,493520,1315
신흥,9370,9350,9430,9260,2936,9370
신세계건설,20250,20500,20500,19900,10060,22400
미래산업,109,111,112,108,15899029,105
서연이화,3505,3650,3650,3380,266188,3270
우리들휴브레인,2530,2695,2695,2415,2135927,2455
신한 인버스 2X WTI원유 선물 ETN(H),7245,7485,7485,7200,735595,7340
세아특수강,10300,10350,10350,10150,11112,10250
KODEX KRX300,11650,11555,11670,11435,272335,11400
세종공업,4025,3995,4025,3770,218301,3890
NH프라임리츠,4700,4725,4730,4500,48278,4690
SK이노베이션우,71300,70100,71700,68900,19791,70000
서연,3770,3625,3835,3580,754784,3700
남광토건,9090,9210,9240,8620,20481,8830
태평양물산,1825,1955,1965,1745,2219253,1735
KB 코스피 마운틴 ETN,8650,8650,8650,8650,0,8650
웰바이오텍,2000,2040,2050,1920,693444,2005
KODEX 은선물(H),3515,3420,3515,3410,1046656,3395
기신정기,2960,3010,3025,2935,72091,2940
우리들제약,6790,7230,7290,6700,1484158,6510
금호에이치티,3450,3640,3640,3280,89611,3300
YG PLUS,1250,1150,1290,1150,510079,1460
삼부토건,586,587,594,562,942875,617
KEC,733,752,752,711,1146398,725
삼화전기,13200,13800,14100,12650,103599,12750
무림페이퍼,2095,2085,2125,2030,316799,2025
삼화왕관,38850,39050,39050,38700,131,38950
웅진,1055,1065,1065,1020,313615,1050
KODEX 국고채3년,57750,57720,57750,57705,3644,57730
조비,15200,15700,15900,14750,153207,16000
티웨이홀딩스,1160,1045,1240,1030,2687324,1080
콤텍시스템,1260,1305,1305,1210,1250663,1215
동성화학,15800,15700,15800,15400,8248,15450
윌비스,1150,1230,1230,1110,3011583,1300
신풍제약우,42450,40000,49450,39500,1609540,37150
신영와코루,81100,79200,81500,77300,410,77100
KTcs,1650,1670,1710,1610,592014,1620
시디즈,35500,37900,37900,35000,1341,34500
수출포장,17550,17600,17600,17000,14476,17250
부국철강,3670,3985,3990,3590,720434,3440
남영비비안,1040,1085,1210,1030,30970031,1000
한국내화,2945,2900,2950,2795,331938,3000
영풍제지,3185,3220,3280,3060,76610,3075
영화금속,1400,1620,1640,1320,16652744,1500
주연테크,537,0,0,0,0,537
KBSTAR KQ고배당,9775,9790,9805,9565,3636,9465
KODEX 2차전지산업,7020,6930,7020,6840,204181,6790
유한양행우,50000,52800,54400,49600,47919,48000
세하,1930,1960,2010,1905,312554,1915
대구백화점,5200,5240,5250,5090,9262,5220
TIGER 미국MSCI리츠(합성 H),11325,10880,11325,10880,71784,11210
KODEX 중국본토 A50,16935,17000,17135,16880,5204,16950
코오롱인더우,15550,15450,15550,14950,7592,20200
상신브레이크,2675,2690,2695,2625,35277,2600
DSR,3565,3655,3730,3520,103923,3485
대호에이엘,2185,2255,2285,2040,602930,2050
대림B&Co,3430,3435,3540,3350,36933,3330
대림통상,3580,3695,3695,3580,1398,3635
태경화학,4875,4910,4915,4815,19163,4770
KB Wise 분할매매 ETN,9325,9245,9325,9245,2,9160
KC코트렐,4455,4435,4585,4200,191275,4225
제일연마,5420,5880,5890,5380,59446,5470
한익스프레스,4490,4775,4775,4300,430734,4545
화인베스틸,1725,1710,1880,1645,519829,1840
CS홀딩스,47000,46450,47400,46350,1476,46400
KODEX 미디어&엔터테인먼트,11780,11665,11780,11535,12731,11630
GS우,30300,30100,30300,29700,5855,29900
이건산업,5030,4990,5070,4780,81336,4850
모나미,2925,3030,3050,2805,1424490,2800
ARIRANG 코스피,19175,18990,19180,18890,1506,18880
SMART KRX300,11705,11625,11705,11535,1173,11430
KBSTAR KRX300,11670,11650,11720,11485,7621,11540
대양금속,2565,2645,2750,2385,1344007,2360
만호제강,12550,12000,12800,11850,10856,12600
KODEX 은행,5165,5030,5180,4995,401822,5065
세우글로벌,1645,1735,1735,1585,1926284,1805
TIGER 인버스,7805,7865,7915,7795,543087,7945
TIGER 미국채10년선물,12795,12900,12950,12750,35206,12875
체시스,2195,2335,2415,2150,2237048,2130
KOSEF 통안채1년,101765,101775,101775,101745,56664,101755
인지컨트롤스,3575,3630,3630,3350,39812,3355
디아이씨,1385,1395,1410,1340,213518,1305
휴스틸,6370,6190,6390,6150,20161,6600
SG충방,1120,1110,1200,1070,514118,1115
페이퍼코리아,1445,1950,2020,1445,4787942,1425
혜인,3910,3770,3980,3600,248291,3920
대교우B,2560,2520,2570,2460,216258,2565
DSR제강,3620,3615,3655,3450,78144,3450
까뮤이앤씨,1100,1130,1140,1055,1062778,1090
KODEX 고배당,6620,6565,6620,6535,25060,6540
파워 200,25555,25225,25575,25225,1829,25145
영보화학,2525,2520,2550,2450,45509,2445
KODEX 반도체,22350,22660,22660,21900,71731,21435
바다로19호,2560,2595,2595,2500,37778,2595
케이비아이동국실업,605,605,614,595,101579,594
동원수산,8240,8310,8360,8120,140216,8300
롯데칠성우,50600,51200,52700,49950,6903,49700
KODEX 증권,4950,4860,4985,4820,355609,4810
KBSTAR 200선물인버스2X,7260,7420,7485,7255,1291979,7530
조일알미늄,548,548,555,534,123955,547
신한 인버스 천연가스 선물 ETN(H),16670,16435,16670,16435,163,16215
QV 하드웨어 TOP5 ETN,16170,16170,16170,16170,0,16170
KODEX China H,20545,20590,20905,20330,347,20210
신한 인버스 옥수수 선물 ETN(H),16070,15850,16070,15850,402,16070
삼성 레버리지 금 선물 ETN(H),32935,32095,32935,31770,33441,31915
미래에셋 전기전자 Core5 ETN,16205,16205,16205,16205,0,15955
삼성 레버리지 China A50 선물 ETN(H),31945,32185,32505,31565,5228,31580
코아스,1070,1080,1080,1000,176961,1015
KODEX 200가치저변동,6940,6780,6940,6770,5985,6815
신한 인버스 콩 선물 ETN(H),13705,13705,13705,13705,0,13545
KINDEX 일본TOPIX인버스(합성 H),6370,6410,6460,6340,215994,6445
동원금속,630,630,644,600,290564,572
ARIRANG KS퀄리티가중TR,10015,9975,10015,9865,55,9820
진양폴리,2775,2870,3030,2610,431858,2615
삼성 미국 대형 성장주 ETN(H),13095,13095,13095,13095,870,13050
KODEX 삼성그룹밸류,6320,6130,6320,6130,4467,6200
TIGER 미국다우존스30,14720,14505,14720,14500,28046,14450
TIGER 로우볼,9035,8845,9035,8845,4402,8910
미래에셋 미국 시니어론 100 ETN,10635,10635,10635,10635,0,10885
BYC우,98000,96000,98000,95900,125,101000
QV 레버리지 S&P500 ETN,11155,11075,11155,10950,154,10845
미래에셋 호주 ASX200 ETN(H),10790,10895,10895,10790,37,10790
TIGER 가격조정,17870,17940,17940,17870,15,17675
TIGER 200TR,12875,12765,12875,12715,5312,12670
KOSEF Fn중소형,14415,14625,14650,14235,51,14235
KODEX 배당성장,9640,9415,9640,9415,2443,9480
신한 코스피 월별 양매도 3% OTM ETN,9355,9355,9355,9355,0,9355
KBSTAR 미국S&P원유생산기업(합성 H),1980,1855,2025,1835,3959052,1960
대한항공우,17150,17000,17300,16650,70033,16650
삼성 코스피 풋매도 4% OTM ETN,9160,9160,9160,9160,0,9160
미래에셋 미국 리츠 ETN(H),9150,9150,9150,9150,117,9150
KINDEX 중국본토CSI300레버리지(합성),3215,3285,3290,3190,41697,3155
미래에셋 글로벌 리츠 ETN(H),9115,9135,9135,9110,86,9130
마이다스 200커버드콜5%OTM,11325,11325,11325,11325,0,11375
TIGER 단기선진하이일드(합성 H),10835,11000,11000,10770,5684,10845
QV 화학 TOP5 ETN,7370,7370,7370,7370,0,7560
KODEX KTOP30,12640,12530,12665,12485,206,12505
TRUE 레버리지 유로스탁스50 ETN(H),7545,7710,7710,7530,4676,7480
TRUE 인버스 2X 나스닥 100 ETN,7305,7260,7495,7245,34418,7430
미래에셋 인버스 미디어엔터 Core5 ETN,14845,14845,14845,14845,137,14845
신한 WTI원유 선물 ETN(H),3695,3540,3695,3520,350402,3705
한국주강,1320,1320,1320,1305,3919,1310
컨버즈,4100,0,0,0,0,4100
삼성 미국 중소형 가치주 ETN(H),7295,7380,7380,7295,202,7305
KODEX 심천ChiNext(합성),8715,8900,8900,8645,30165,8550
KODEX 코스피100,19615,19450,19700,19335,4336,19345
씨아이테크,817,835,840,796,157259,802
KINDEX S&P아시아TOP50,10740,10650,10780,10650,2190,10720
부산주공,357,356,362,333,499441,341
QV 의료 TOP5 ETN,7365,7365,7365,7365,2,7215
신한 인버스 2X 천연가스 선물 ETN,15055,14895,15055,14875,5174,14390
신한 인버스 2X 미국달러 선물 ETN,7270,7220,7270,7190,1947,7150
KODEX 미국달러선물인버스2X,8790,8720,8805,8685,68432,8660
TRUE 섹터탑픽 ETN,7060,7060,7060,7060,0,7060
신한 콩 선물 ETN(H),7090,7090,7090,6990,1983,7055
KINDEX 모닝스타싱가포르리츠채권혼합,9400,9410,9420,9400,29,9400
KBSTAR 중소형고배당,7410,7320,7410,7250,1680,7230
넥센타이어1우B,2225,2220,2225,2100,20717,2160
TIGER S&P글로벌헬스케어(합성),14000,14020,14135,13915,3467,14030
KODEX 200 중소형,7080,7085,7155,6965,1368,6995
KODEX 글로벌4차산업로보틱스(합성),10380,10340,10410,10230,2469,10330
신한 인버스 금 선물 ETN(H),6845,6840,6940,6840,4456,6965
KODEX 미국채울트라30년선물(H),14115,14120,14125,13850,9859,13905
KODEX 건설,2055,2035,2065,2005,133755,2040
녹십자홀딩스2우,16800,17150,17400,16600,7090,16300
QV CHINEXT ETN(H),6835,6835,6835,6835,0,6770
삼성 온라인쇼핑 테마주 ETN,6720,6805,6805,6720,5,6730
QV 인버스 레버리지 WTI원유 선물 ETN(H),6430,7000,7130,6320,42101,6705
쌍용양회우,8100,8100,8160,7880,5660,8620
하이트론,2350,2580,2635,2350,48371,2390
QV 내수소비 TOP5 ETN,6540,6540,6540,6540,0,6605
미래에셋 인버스 S&P500 ETN(H),6560,6455,6560,6455,121,6560
삼성 Alerian 에너지인프라 MLP ETN,4215,4215,4265,4215,354,4365
KBSTAR 채권혼합,54655,54470,54655,54440,10,54340
KBSTAR 모멘텀로우볼,9835,9635,9835,9635,16,9635
FOCUS ESG리더스,6595,6565,6595,6560,5,6415
삼성 인버스 2X 구리 선물 ETN(H),13220,13410,13410,13220,34,12765
QV 인버스 레버리지 S&P500 ETN,6180,6145,6350,6080,3509,6365
신한 인버스 2X 구리 선물 ETN,13455,13575,13575,13450,28,12685
신한 인버스 다우존스지수 선물 ETN(H),6280,6275,6280,6270,836,6325
삼성 증권 테마주 ETN,6400,6280,6400,6280,225,6315
KOSEF 국고채10년레버리지,140920,141090,141360,140465,530,140320
KINDEX 미국WideMoat가치주,11430,11600,11600,11330,17630,11395
신한 코스피 콘도르 6/10% 콜 2204-01 ETN,9985,9985,9985,9985,0,9985
HANARO 200선물인버스,16275,16470,16495,16270,38197,16585
KODEX TRF7030,9820,9830,9845,9740,2218,9835
TRUE 인버스 유로선물 ETN B,9830,9830,9830,9830,0,9815
ARIRANG KS로우사이즈가중TR,9495,9440,9495,9305,43,9300
KINDEX 싱가포르리츠,9840,9795,9865,9795,2500,9735
TIGER 미국나스닥바이오,16105,16235,16235,16070,5284,15990
KODEX 헬스케어,13780,13795,14000,13345,133055,13690
TIGER 인도니프티50레버리지(합성),8270,8150,8370,8010,79321,7985
TRUE 인버스 유로스탁스50 ETN(H) B,9480,9485,9485,9390,275,9560
남선알미우,32400,34800,35000,31350,56549,31050
넥센우,2700,2500,2790,2500,1527,2645
현대건설우,97000,99400,99400,96600,611,96200
KODEX S&P글로벌인프라(합성),9795,9825,9845,9700,1093,9625
QV 인버스 레버리지 MSCI 선진국 ETN,13895,13640,21055,13495,1406,13545
대신 인버스 아연선물 ETN(H),13505,13505,13505,13505,5,13505
한화솔루션우,8450,8350,8550,8340,13367,8400
신한 코스피 월별 양매도 3% 콜 2206-1 ETN,9405,9405,9405,9405,0,9405
신한 코스피 콘도르 4/10% 콜 2204-01 ETN,9395,9395,9395,9395,0,9400
삼성 레버리지 은 선물 ETN(H),10075,9755,10250,9200,136448,9390
TRUE 인버스 2X HSCEI ETN(H),9180,9180,9180,9180,150,9375
SK증권우,2400,2250,2550,2250,198412,2395
KINDEX 밸류대형,5960,5860,5960,5855,35,5845
한화우,19750,19750,20050,19150,11293,19500
QV 제약 TOP5 ETN,4630,4635,4650,4580,1605,4660
TIGER 200커뮤니케이션서비스,16650,16575,16770,16540,464,16590
KINDEX 미국4차산업인터넷(합성 H),11920,11955,11955,11720,2555,11585
TRUE 인버스 나스닥 100 ETN,9060,8970,9060,8970,612,9245
삼성 레저 테마주 ETN,4760,4770,4770,4760,50,4620
TRUE 인버스 엔선물 ETN B,9210,9210,9210,9210,37,9190
신한 인버스 달러인덱스 선물 ETN(H),9150,9150,9150,9150,2,9110
TIGER 일본니케이225,12855,12980,12980,12720,1109,12955
KOSEF 블루칩,6545,6420,6545,6395,2533,6435
KODEX 모멘텀Plus,8390,8470,8470,8220,17536,8190
KTOP 코스피50,17845,17630,17845,17595,121,17650
신한 FnGuide 5G 테마주 ETN,9310,9445,9565,9125,12987,8975
TIGER 일본엔선물,10985,11005,11125,10985,1920,11160
삼양사우,24250,24500,25500,24200,2212,24000
대신 인버스 철광석 선물 ETN(H),4910,4450,4910,4440,2939,4440
KBSTAR 차이나HSCEI(H),10815,10825,10855,10815,156,11080
코리아써우,3010,3065,3130,2985,934,2980
KODEX 미국채10년선물,12490,12495,12575,12390,10677,12530
KODEX 미국러셀2000(H),7975,7970,8365,7965,8465,7970
QV 인버스 MSCI 선진국 ETN,12550,12580,12580,12550,3,12490
KINDEX 인도네시아MSCI(합성),6950,6830,7000,6750,18686,6725
일양약품우,19850,20450,20450,19400,8702,19550
TIGER 글로벌자원생산기업(합성 H),8790,8665,8790,8665,828,8700
HANARO KAP초장기국고채,51115,51115,51345,51100,295,51125
TIGER 미국달러선물레버리지,10650,10750,10775,10650,3058,10805
KBSTAR 헬스케어채권혼합,10775,10760,10790,10705,9685,10780
KINDEX 스마트로우볼,10925,10750,10925,10750,20,10750
KBSTAR 팔라듐선물(H),12620,12720,12720,12450,99029,13045
KODEX MSCI밸류,7770,7770,7770,7770,0,7690
TRUE 레버리지 HSCEI ETN(H),8620,8540,8625,8535,2201,8450
KOSEF 미국달러선물인버스,10015,9995,10015,9965,1128,9940
계양전기우,5960,6140,6240,5810,25856,5980
KBSTAR 5대그룹주,4710,4655,4730,4635,1017,4645
TIGER 유로스탁스레버리지(합성 H),5345,5370,5370,5220,57157,5225
KBSTAR 미국장기국채선물레버리지(합성 H),15300,15240,15300,15100,1002,15175
KOSEF 고배당,6230,6050,6235,6035,12225,6145
KODEX 턴어라운드투자,8390,8315,8390,8175,318,8290
ARIRANG 200선물레버리지,17155,16875,17195,16700,67507,16565
TRUE 코스피 커버드콜 ETN B,8275,8275,8275,8275,0,8280
TIGER 일본엔선물레버리지,11605,11735,11735,11475,274,11770
KODEX 미국달러선물인버스,9615,9590,9620,9555,9538,9550
SK네트웍스우,71700,71200,72200,70900,316,71800
KODEX 게임산업,9120,9190,9190,8930,29822,9030
KODEX MSCI퀄리티,9220,9190,9220,9125,25017,9025
KBSTAR IT플러스,11445,11440,11445,11285,22,11160
KODEX KRX300레버리지,7550,7355,7550,7320,44316,7305
동북아13호,5050,5050,5050,5050,0,5050
신한 MSCI 인도네시아 선물 ETN(H),7710,7710,7710,7710,34,8000
대신 2X 아연선물 ETN(H),3965,3950,3965,3860,3137,3985
KBSTAR 헬스케어,10630,10515,10685,10355,3554,10605
TIGER 국채선물3년인버스,49680,49680,49680,49680,0,49650
대신 니켈선물 ETN(H),11365,11240,11365,11075,914,11275
동북아12호,4960,4960,4960,4960,0,4975
ARIRANG 중형주저변동50,7315,7280,7315,7165,764,7170
KOSEF 코스닥150선물인버스,13725,13670,14075,13610,10026,14055
KODEX 보험,4905,4605,5000,4605,26993,4915
KODEX 철강,5135,5050,5205,5050,8465,5095
TIGER 골드선물(H),13375,13420,13420,12950,9826,13065
TIGER KTOP30,6225,6145,6225,6145,1319,6180
마이티 코스피100,19165,19165,19165,19165,0,19230
TIGER 중장기국채선물인버스,48060,48060,48060,48060,0,48050
TIGER 원유선물인버스(H),15150,14910,15700,14895,39019,15315
KOSEF 배당바이백Plus,11115,11020,11115,10960,143,10930
KBSTAR 주식혼합,30915,30695,30915,30695,58,30525
TRUE 코스피 타겟볼20 ETN,7620,7620,7620,7620,0,7620
KBSTAR 미국장기국채선물(H),12405,12650,12650,12405,798,12600
KINDEX 일본Nikkei225(H),12830,12650,12830,12540,1112,12485
TIGER 대만TAIEX선물(H),12825,12470,12825,12470,36,12485
KINDEX 스마트모멘텀,10885,10770,10885,10770,20,10685
TIGER KRX300선물인버스,10315,10410,10470,10315,108,10415
TIGER 일본엔선물인버스,9065,9065,9065,9065,0,8920
신한 인버스 2X 금 선물 ETN,6220,6200,6450,6190,101485,6225
파워 중기국고채,103155,103155,103155,103155,0,103155
ARIRANG 코스닥150선물인버스,12020,11910,12280,11900,71548,12285
KBSTAR KRX국채선물3년10년스티프너2X,50710,50645,50710,50645,6,50715
KBSTAR KRX국채선물3년10년스티프너,50485,50455,50485,50455,6,50485
ARIRANG 국채선물10년,58090,58060,58200,58055,286,58010
성문전자우,10550,10800,10950,10000,27217,10050
TREX 펀더멘탈 200,24555,24315,24555,24315,4,24120
KBSTAR KRX국채선물3년10년플래트너,49955,49990,49990,49955,6,49960
KODEX 콩선물(H),7500,7485,7500,7480,25580,7455
KBSTAR KRX국채선물3년10년플래트너2X,49715,49780,49785,49715,6,49695
KBSTAR V&S셀렉트밸류채권혼합,9970,9920,9970,9920,16,9925
대신 인버스 니켈선물 ETN(H),8515,8515,8515,8515,0,8480
크라운해태홀딩스우,9850,10350,10400,9610,23092,9870
KODEX 퀄리티Plus,7545,7580,7580,7425,70,7400
마이티 200커버드콜ATM레버리지,6575,6560,6575,6520,102,6575
KODEX 200동일가중,7360,7355,7360,7355,621,7355
KBSTAR 200생활소비재,7150,7050,7150,7010,30,7120
ARIRANG S&P글로벌인프라,9715,9710,9725,9165,1193,9710
ARIRANG 스마트베타Quality채권혼합,9755,9715,9755,9695,42,9680
하이트진로홀딩스우,12400,12300,12700,12250,2658,12100
KBSTAR 중국MSCI China선물(H),10065,10155,10155,9910,38,10240
KODEX FnKorea50,7080,7125,7125,6965,1082,7025
KBSTAR 200선물인버스,9200,9320,9320,9190,7923,9365
TIGER 200커버드콜5%OTM,11210,11185,11210,11185,173,11210
TIGER 금은선물(H),9565,9220,9625,9220,9807,9325
ARIRANG 미국다우존스고배당주(합성 H),10600,10550,10720,10530,17221,10555
KINDEX 일본TOPIX레버리지(H),11535,11275,11640,11120,8358,11135
TIGER 200 건설,1760,1725,1760,1725,26378,1750
파워 고배당저변동성,20715,20350,20730,20315,544,20580
TIGER MSCI KOREA ESG유니버설,7400,7400,7400,7400,0,7390
KODEX 3대농산물선물(H),7545,7310,7685,7310,133635,7385
삼성중공우,48700,49900,49900,47700,2015,47950
KBSTAR ESG사회책임투자,7980,7925,7980,7905,10,7815
TIGER 베타플러스,10320,10320,10320,10320,0,10435
KODEX 한국대만IT프리미어,10830,10915,10915,10690,3182,10740
대신 아연선물 ETN(H),7655,7655,7655,7655,63,7660
TIGER 일본엔선물인버스2X,7775,7810,7850,7770,124,7630
KODEX 기계장비,3135,3075,3155,3045,16939,3055
KINDEX 인버스,8675,8750,8820,8675,34615,8835
TIGER 코스닥150로우볼,10535,10535,10535,10535,20,10535
성신양회우,7150,7330,7470,6950,30023,7080
KINDEX 코스닥(합성),8850,8850,8850,8850,1,8655
ARIRANG 글로벌MSCI(합성 H),11480,11410,11585,11410,769,11480
HANARO 코스닥150선물레버리지,5875,5985,5985,5600,16492,5615
TIGER 대형성장,7900,7900,7900,7900,211,7880
KODEX 국채선물3년인버스,49675,49675,49675,49675,0,49650
TIGER 지주회사,9190,9135,9190,9105,25,9190
KODEX 미국S&P에너지(합성),5005,5025,5045,4795,57506,5030
QV 레버리지 MSCI 선진국 ETN,7135,7135,7135,7135,20,7135
KBSTAR 200고배당커버드콜ATM,7155,7035,7155,7035,19,7105
KINDEX 국채선물3년인버스,99160,99160,99160,99160,0,99105
현대비앤지스틸우,44350,44850,44900,43500,260,45000
TIGER 미디어컨텐츠,4580,4310,4595,4250,19961,4540
TIGER 이머징마켓MSCI레버리지(합성 H),7195,7160,7195,7080,3294,7000
KODEX 경기소비재,8350,8340,8355,8190,473,8150
노루페인트우,10950,11250,11250,10450,15196,10400
TIGER 중소형성장,7120,7255,7255,7050,3,6855
대상홀딩스우,5180,5080,5200,5080,10761,5250
TIGER MSCI KOREA ESG리더스,6935,6935,6935,6935,10,6935
마이티 코스피고배당,9380,9380,9380,9380,7,9380
KODEX China H선물인버스(H),11750,11715,11750,11715,593,11860
크라운제과우,6520,6700,6700,6280,44840,6120
KINDEX 배당성장,24055,23780,24055,23730,35,23660
TIGER 200 경기소비재,10915,10800,10930,10790,497,10610
KINDEX 필리핀MSCI(합성),11710,11640,11710,11640,83,11635
삼성 건축자재 테마주 ETN,2325,2315,2325,2315,2,2325
KINDEX 스마트퀄리티,11815,11700,11815,11700,20,11595
KODEX MSCI모멘텀,7820,7765,7820,7765,2,7695
KBSTAR 우량업종,7785,7670,7785,7670,44,7690
KODEX 멀티에셋하이인컴(H),9240,9195,9250,9155,1622,9210
KINDEX 국채선물10년인버스,92000,92000,92000,92000,0,91975
KBSTAR 미국장기국채선물인버스(H),7660,7660,7660,7660,0,7640
신한 브렌트원유 선물 ETN(H),4390,4340,4500,4160,73761,4555
KODEX 가치투자,7700,7610,7700,7575,892,7565
금강공업우,7660,7710,7840,7400,7881,7680
파워 스마트밸류,10160,9945,10190,9870,2357,10040
HANARO 농업융복합산업,7590,7525,7605,7375,4139,7510
KBSTAR 코스닥150선물인버스,7990,7910,8200,7910,83520,8190
TIGER S&P글로벌인프라(합성),9030,9065,9085,8975,880,9000
KODEX 구리선물(H),4540,4385,4545,4385,16374,4475
하나니켈2호,1375,1370,1410,1300,384302,1350
TIGER 방송통신,7075,6985,7075,6875,15517,6870
DB하이텍1우,39750,41000,41550,39450,1176,39100
JW중외제약우,25500,26550,26550,24500,5222,25200
진흥기업우B,5150,5050,5220,4915,15639,5060
KBSTAR 200커뮤니케이션서비스,10330,10360,10360,10280,75,10250
ARIRANG KRX300헬스케어,9725,9730,9875,9405,2534,9690
KINDEX 한류,5250,5280,5280,5200,101,5255
ARIRANG 코스닥150,9545,9630,9650,9395,1371,9340
TIGER 현대차그룹+펀더멘털,12770,12800,12835,12530,4845,12350
KBSTAR 수출주,7060,6955,7060,6955,11,6960
동부건설우,18100,18500,18750,18000,685,18400
TIGER LG그룹+펀더멘털,5875,5820,5875,5765,10126,5745
KODEX 미국채울트라30년선물인버스(H),6950,6955,6955,6950,2,6845
진흥기업2우B,14400,14500,14800,13850,4158,13750
TIGER 지속배당,10485,10175,10485,10175,28,10360
ARIRANG 심천차이넥스트(합성),8550,8795,8795,8500,546,8380
흥국화재우,5120,5260,5400,5010,84935,4955
KODEX 골드선물인버스(H),7795,7695,7800,7500,15200,7575
KBSTAR 국채선물10년인버스,45885,45870,45885,45805,6,45955
TIGER 중소형가치,7020,7090,7090,7020,218,6825
한양증권우,6690,6530,6700,6510,4160,7070
TIGER 라틴35,2505,2500,2505,2410,15379,2460
ARIRANG KRX300산업재,8220,8025,8235,8010,638,8000
KBSTAR 게임테마,8180,8325,8325,8065,318,8155
TIGER 증권,2905,2850,2910,2825,49431,2815
동부제철우,66300,65500,66400,65400,162,68400
TIGER 200 생활소비재,9380,9235,9380,9235,339,9395
KBSTAR KQ모멘텀로우볼,8075,8150,8150,8000,5,7875
KOSEF 코스닥150선물,6095,6145,6145,6005,27,5965
TIGER 200 철강소재,5355,5315,5360,5265,295,5295
JW중외제약2우B,38800,38850,39700,38250,392,38650
KODEX 밸류Plus,5900,5880,5905,5780,813,5775
KBSTAR 200경기소비재,6775,6705,6775,6695,201,6575
코리아써키트2우B,4495,4500,4545,4410,124,4320
TIGER 대형가치,7440,7440,7440,7440,1,7425
흥국화재2우B,22800,23600,24400,22400,53741,21600
TIGER 은행,5275,5145,5290,5145,7253,5165
KBSTAR 200산업재,6830,6790,6830,6735,6,6610
KBSTAR KQ모멘텀밸류,7495,7585,7585,7435,5,7280
KBSTAR 200건설,7075,6965,7090,6950,141,7020
노루홀딩스우,17500,17000,17500,16400,4619,17100
KODEX MSCI EM선물(H),7180,7060,7190,7060,1174,6955
KBSTAR 미국장기국채선물인버스2X(합성 H),5665,5700,5700,5550,433,5680
KBSTAR 팔라듐선물인버스(H),6220,6420,6450,6220,3117,6155
동양우,4880,4890,4890,4775,7237,4935
KBSTAR 중소형모멘텀밸류,7750,7665,7750,7665,6,7565
신원우,33100,34000,34500,32400,125,33050
TIGER 200 산업재,3735,3750,3760,3700,8518,3645
유유제약2우B,17950,18100,18100,17300,906,17700
ARIRANG 스마트베타 Quality,7245,7165,7245,7115,32,7075
ARIRANG 선진국MSCI(합성 H),8400,8455,8455,8225,1764,8490
TIGER 여행레저,3850,3780,3850,3750,8870,3755
ARIRANG 스마트베타 Value,6755,6650,6755,6625,30,6660
KBSTAR 200철강소재,5100,5010,5110,5010,6,5060
TREX 중소형가치,5915,5890,5915,5785,96,5805
동양2우B,8410,8800,8800,8400,6886,8370
KBSTAR 200금융,6120,5900,6120,5900,1090,6010
ARIRANG 스마트베타 LowVOL,7295,7180,7295,7180,30,7185
KBSTAR 중소형모멘텀로우볼,7225,7175,7225,7145,5,7085
KBSTAR 200중공업,6045,5890,6065,5875,9,5870
KODEX 운송,2955,2935,2970,2895,189813,2890
ARIRANG ESG우수기업,6560,6435,6560,6400,153,6465
TIGER K게임,7300,7290,7345,7140,188,7245
ARIRANG KRX300IT,11045,11055,11065,10930,73,10665
KBSTAR 200에너지화학,6235,6130,6235,6110,771,6120
ARIRANG KRX300금융,7065,6840,7080,6815,91,6940
ARIRANG 스마트베타 Momentum,6760,6735,6760,6630,190,6620
ARIRANG KRX300자유소비재,9035,8940,9055,8905,52,8730
KBSTAR 지주회사,6220,6080,6220,6080,21,6090
KBSTAR KRX300선물인버스,10455,10665,10665,10440,328,10685
TIGER 삼성그룹펀더멘털,7885,7690,7885,7690,20108,7775
신한 레버리지 구리 선물 ETN,7160,7160,7160,7060,5388,7450
KODEX KRX300선물인버스,10415,10540,10595,10415,1503,10640
TIGER 국채선물10년인버스,46540,46540,46540,46540,2,46540
삼성 화장품 테마주 ETN,3705,3695,3705,3695,101,3705
대한제당우,11500,11400,11500,11400,2873,11300
KOSEF 200선물인버스,9190,9255,9300,9150,3232,9370
금호산업우,25550,25450,26100,24900,3880,25000
KINDEX 미국다우존스리츠(합성 H),72945,68500,72995,68500,1269,72795
TIGER 차이나항셍25,16000,16105,16135,15965,1882,16120
KOSEF KRX100,4110,4070,4110,4045,1341,4030
한화투자증권우,1535,1485,1560,1450,53797,1510
KBSTAR KRX300레버리지,7470,7530,7530,7300,3715,7240
ARIRANG 주도업종,6685,6590,6685,6570,265,6565
KINDEX 러시아MSCI(합성),24735,24955,24955,24585,4310,24005
KODEX 미국S&P산업재(합성),13475,13600,13600,13460,689,13445
TIGER 구리실물,5720,5800,5800,5710,7271,5860
KODEX 성장투자,8105,8010,8105,8000,318,7910
KBSTAR 모멘텀밸류,9070,8845,9070,8845,24146,8890
서울식품우,3155,3270,3295,3120,182510,3190
삼성 인버스 2X 은 선물 ETN(H),6900,6855,6900,6800,10102,7045
SMART 중국본토 중소형 CSI500(합성 H),3990,3995,4005,3905,19431,3900
TIGER 의료기기,11910,12000,12015,11650,1892,11675
QV 레버리지 WTI원유 선물 ETN(H),1890,1870,1950,1800,712635,1730
KINDEX 삼성그룹동일가중,11755,11420,11755,11410,778,11485
KINDEX 스마트하이베타,8720,8570,8720,8570,20,8560
KODEX 200ESG,8720,8620,8720,8600,61,8515
KOSEF 코스닥150선물레버리지,2895,3020,3020,2760,33034,2770
깨끗한나라우,18500,20000,20000,18000,32378,18500
HANARO e커머스,9210,9090,9210,9010,3368,9010
KBSTAR KRX300미국달러선물혼합,9740,9685,9750,9665,54,9625
KBSTAR 내수주플러스,8045,7985,8045,7955,125,7940
TIGER 200에너지화학레버리지,4945,4640,4945,4620,32536,4760
흥국 S&P코리아로우볼,7805,7805,7805,7805,0,7885
KOSEF 저PBR가중,9535,9355,9535,9345,148,9370
코오롱글로벌우,16150,16250,16300,15950,2008,20950
KBSTAR V&S셀렉트밸류,9535,9410,9535,9380,157,9360
삼성 레버리지 구리 선물 ETN(H),6215,6295,6295,6210,22170,6535
KINDEX 스마트밸류,9465,9335,9465,9335,20,9300
대원전선우,2470,2630,2630,2375,99025,2465
KBSTAR 차이나H선물인버스(H),11300,11565,11565,11300,1933,11735
CJ씨푸드1우,32000,32900,33950,30100,15205,32150
ARIRANG 국채선물3년,53205,53205,53205,53205,1,53150
QV MSCI 선진국 ETN,9000,9000,9000,9000,0,9085
TIGER 유로스탁스배당30,8980,8975,8980,8850,5319,9085
TIGER 중장기국채선물인버스2X,45135,45135,45135,45135,2,45280
KODEX WTI원유선물인버스(H),21085,21700,21735,20700,159694,21115
TIGER 코스닥150바이오테크,9165,9300,9345,8940,13456,9040
하나니켈1호,280,287,287,275,2606918,277
QV 레버리지 10년 국채선물 ETN,24915,24915,24915,24915,0,24925
QV 건설 TOP5 ETN,5950,5950,5950,5950,0,6220
KODEX 미국FANG플러스(H),12680,12680,12750,12580,26487,12440
삼성 인버스 China A50 선물 ETN(H),12395,12450,12450,12265,112,12435
삼성 Cushing 에너지인프라 MLP ETN,4010,4030,4030,3970,6358,4140
KODEX 최소변동성,8385,8355,8460,8280,17270,8280
TRUE 인버스 2X S&P500 선물 ETN(H),6080,6090,6100,6035,31230,6185
삼성 미디어 테마주 ETN,5740,5740,5740,5740,0,6155
TIGER 우선주,8465,8450,8465,8365,1198,8315
SMART 선진국MSCI World(합성 H),11835,11835,11835,11835,0,12045
TIGER 일본TOPIX헬스케어(합성),11770,11620,11770,11620,294,11910
QV 운송 TOP5 ETN,5950,5950,5950,5950,0,5950
일정실업,9860,9830,9930,9630,2742,9910
신한 인버스 MSCI 인도네시아 선물 ETN(H),11725,12605,12705,11625,2833,11805
신한 인버스 브렌트원유 선물 ETN(H),12095,11950,12095,11950,1698,11785
KBSTAR 고배당,8195,7970,8195,7970,1143,8055
KODEX 200미국채혼합,11175,11155,11195,11050,5364,11105
KOSEF 인도Nifty50(합성),10500,10175,10550,10085,19790,10010
미래에셋 원유선물혼합 ETN(H),11690,11000,15800,10970,61836,11390
ARIRANG 고배당주채권혼합,9540,9415,9545,9400,4222,9475
삼성 음식료 테마주 ETN,5590,5590,5590,5590,1,5680
TRUE 레버리지 엔선물 ETN B,11000,11020,11020,11000,103,11325
KODEX 미국S&P바이오(합성),22985,23445,23445,22395,3490,22400
TRUE 코스피 커버드풋 ETN B,11260,11260,11260,11260,444,11260
코오롱우,8000,8010,8010,7950,8226,10400
TRUE 인버스 HSCEI ETN(H) B,11035,11035,11035,11035,1,11190
KOSEF 코스피100,19640,19390,19640,19370,231,19280
QV 미국 IT TOP5 ETN(H),17705,16160,17705,16050,395,15950
TIGER 경기방어채권혼합,9290,9250,9320,9240,3314,9290
신한 달러인덱스 선물 ETN(H),11210,11205,11210,11205,56,11125
TIGER 200 에너지화학,9495,9305,9500,9240,3384,9265
신한 옥수수 선물 ETN(H),5570,5510,5690,5500,67461,5490
삼성 인버스 2X 금 선물 ETN(H),11085,11030,11100,11020,28065,10975
TIGER 코스닥150IT,10950,11115,11115,10700,13350,10520
NPC우,2095,2085,2095,1990,2392,2065
TIGER 200 중공업,1940,1900,1950,1890,189374,1885
ARIRANG 우량회사채50 1년,107390,107370,107390,107370,3087,107385
KOSEF 200 선물,11095,10945,11095,10945,52,10890
TIGER 미국S&P500선물인버스(H),6425,6400,6520,6400,66109,6465
TRUE 엔선물 ETN B,10650,10650,10650,10650,0,10650
미래에셋 인버스 전기전자 Core5 ETN,5205,5185,5205,5175,680,5320
신한 천연가스 선물 ETN(H),3480,3480,3480,3450,23099,3540
TIGER 200커버드콜ATM,8760,8700,8760,8700,34,8695
TIGER 화장품,2860,2825,2870,2760,71612,2855
삼양홀딩스우,32650,32450,33200,32400,233,33500
TRUE 유로선물 ETN B,10130,10130,10130,10130,0,10180
파워 코스피100,19565,19470,19565,19335,866,19335
덕성우,6850,7200,7380,6510,182030,7200
KODEX 배당성장채권혼합,10145,10080,10145,10070,4736,10090
ARIRANG 미국S&P500(H),11860,11385,12000,11385,23575,11335
ARIRANG 200선물인버스2X,14545,14870,14980,14520,295323,15065
삼성 미국 대형 가치주 ETN(H),9005,9095,9095,9005,239,9020
ARIRANG 고배당저변동50,7955,7830,7955,7800,3358,7840
신한 은 선물 ETN(H),9310,9190,9310,9190,4363,9005
신한 인버스 은 선물 ETN(H),8750,8750,8750,8750,4,8990
TIGER 모멘텀,15840,15705,15885,15680,12833,15450
신한 코스피 콘도르 4/10% ETN,8950,8950,8950,8950,0,8950
신한 레버리지 천연가스 선물 ETN,11520,11305,11520,11305,19206,11835
HANARO KRX300,11610,11415,11610,11335,113,11395
TREX 200,25385,25060,25385,25055,90,24930
KOSEF 200선물레버리지,8535,8385,8545,8320,10370,8225
FOCUS KRX300,11760,11720,11765,11575,5,11505
대신 2X 니켈선물 ETN(H),8400,8090,8400,8090,30734,8600
태영건설우,6680,6720,6790,6540,45304,6720
TRUE 인버스 2X 유로스탁스50 ETN(H),8330,8360,8440,8305,15359,8590
ARIRANG KRX300,11645,11540,11645,11365,342045,11445
남양유업우,109000,93500,121000,93500,8499,102000
미래에셋 Q150 Core5 ETN,8385,8395,8395,8385,3,8385
KODEX 자동차,11195,11010,11295,10895,39521,10815
QV 롱숏 K150 매수 로우볼 매도 ETN,8290,8290,8290,8290,0,8345
하이트진로2우B,14700,14700,14700,14400,2031,14650
QV 인버스 레버리지 10년 국채선물 ETN,16535,16535,16535,16535,50,16535
청호컴넷,2140,2100,2240,2000,519239,1925
HANARO 고배당,7255,7085,7255,7010,2566,7145
신한 K200 USD 선물 바이셀 ETN,8065,8065,8065,8065,0,8200
KODEX 바이오,9370,9505,9600,9075,228466,9300
대상우,11750,11750,11750,11550,1758,11850
신한 레버리지 S&P500 선물 ETN,8270,8215,8270,8195,9208,8095
미래에셋 인버스 에너지화학 Core5 ETN,8030,8030,8030,7990,280,8030
TIGER 200 헬스케어,20250,19815,21065,19450,63400,20030
QV 자동차 TOP5 ETN,7990,8070,8070,7905,1399,7990
TRUE 코리아프리미어 ETN,7790,7790,7790,7790,0,7935
KODEX Fn멀티팩터,8780,8700,8780,8625,96544,8660
TIGER 코스피고배당,9270,9070,9275,9045,73008,9070
QV 에너지 TOP5 ETN,7810,7795,7810,7795,500,7750
KBSTAR 글로벌4차산업IT(합성 H),12950,13135,13135,12940,21386,12890
삼성 미국 중소형 가치주 ETN,7735,7775,7780,7690,178,7715
미래에셋 유럽 대형주 ETN(H),10690,10690,10690,10690,6,10660
TIGER 코스피대형주,9360,9265,9360,9190,22608,9230
KODEX TRF3070,10110,10045,10110,9965,94381,10100
모두투어리츠,2660,2690,2715,2630,4108,2700
미래에셋 일본 중형주 ETN(H),10525,10525,10525,10525,0,10565
ARIRANG 코스피중형주,7040,6990,7040,6875,492265,6920
미래에셋 유럽 중형주 ETN(H),10475,10405,10475,10405,30,10475
신한 구리 선물 ETN(H),10245,10245,10245,10245,4,10455
미래에셋 원자재 선물 ETN(H),6945,6945,6945,6940,77,6945
신한 인버스 2X 은 선물 ETN(H),9755,9730,9755,9630,10055,10250
전방,12350,11750,12350,11600,1816,12200
하이골드3호,1265,1265,1270,1230,113326,1265
TRUE 빅5 동일가중 ETN,10150,10270,10270,10150,25,10150
미래에셋 미국 시니어론 100 ETN(H),9775,9775,9775,9775,0,10100
ARIRANG KS로우볼가중TR,9100,8920,9100,8900,50,8945
세기상사,50300,50700,51500,49500,629,49150
미래에셋 에너지화학 Core5 ETN,9935,9935,9935,9935,0,9975
QV KTOP30 ETN,9845,9845,9845,9845,0,9950
KINDEX 레버리지,3750,3630,3750,3630,132936,3615
삼성 미국 중소형 성장주 ETN,9700,9700,9700,9700,0,9930
에이리츠,5440,5420,5520,5380,16267,5400
지코,306,0,0,0,0,306
TIGER 우량가치,8080,7885,8080,7875,1821,7925
에이엔피,249,255,255,236,690535,238
KOSEF 미국달러선물인버스2X,7725,7690,7745,7660,16047,7625
미래에셋 인버스 원유선물혼합 ETN(H),19790,19710,21015,19710,6058,19505
ARIRANG KS밸류가중TR,9230,9045,9230,9035,93,9070
KODEX 국채선물10년,72060,72105,72225,71980,7813,71950
KINDEX 중기국고채,107665,107640,107685,107640,12,107620
신한 코스피 콘도르 6/10% ETN,9680,9680,9680,9680,1,9680
삼성 미국 중소형 성장주 ETN(H),9555,9555,9555,9555,57,9555
LG하우시스우,18650,18500,18700,18100,3384,18500
신한 코스피 월별 양매도 5% OTM ETN,9540,9540,9540,9540,0,9545
삼성 미국 대형 가치주 ETN,9540,9235,9590,9235,2312,9525
TIGER 미국달러선물인버스2X,8805,8730,8805,8695,7688,8655
삼성 화학 테마주 ETN,9380,9430,9430,9380,600,9445
세방우,5130,5170,5170,5020,4278,5120
신한 USD K200 선물 바이셀 ETN,9195,9290,9310,9195,403,9420
대덕전자1우,5800,5900,5900,5750,20529,5690
신한 인버스 2X S&P500 선물 ETN,9085,9100,9210,9000,49054,9385
한성기업,4315,4500,4605,4285,97012,4170
한솔PNS,1340,1380,1380,1265,290996,1260
대신 인버스 2X 니켈선물 ETN(H),12850,12515,12850,12515,340,12850
TIGER 일본TOPIX(합성 H),11865,11770,11875,11770,3176,11675
미래에셋 미국 헬스케어 ETN(H),12310,12310,12310,12310,0,12770
신화실업,20550,21450,21450,19900,6818,21000
KINDEX 코스피,19135,18870,19135,18735,281,18805
KINDEX 삼성그룹섹터가중,9570,9355,9675,9355,11731,9390
신한 레버리지 미국달러 선물 ETN,12460,12565,12615,12445,16718,12665
ARIRANG 단기채권액티브,105025,105030,105030,105025,5,105025
ARIRANG 미국장기우량회사채,104310,104660,104880,104310,314,105250
미래에셋 레버리지 원유선물혼합 ETN(H),4510,4225,4600,3805,2607254,4180
미래에셋 중국 심천 100 ETN,12410,12420,12470,12410,218,12370
동일제강,1655,1620,1670,1575,132528,1635
태원물산,3380,3460,3460,3315,9303,3220
QV 바이오 TOP5 ETN,12130,11920,12330,11900,1395,12180
ARIRANG 단기우량채권,52845,52845,52845,52835,794,52845
미래에셋 미국 중형주 ETN(H),12105,12105,12105,12105,1,12105
한진칼우,46650,47550,49000,46600,43150,44900
삼성 바이오 테마주 ETN,11810,12095,12095,11765,343,12025
삼성 S&P500 VIX S/T 선물 ETN(H) B,31110,30665,31115,30665,6406,31700
두산퓨얼셀2우B,8300,8700,9130,8200,164540,7960
미래에셋 일본 대형주 ETN(H),11840,11840,11840,11840,0,11875
미래에셋 미디어엔터 Core5 ETN,11635,11710,11710,11635,2,11810
한국전자홀딩스,519,522,524,517,60330,504
삼화전자,2320,2245,2465,2145,295830,2255
삼성 KRX 금현물 ETN,11635,11625,11665,11590,16393,11775
ARIRANG 미국단기우량회사채,100955,101350,101385,100955,62,101870
대신 WTI원유 선물 ETN(H),4900,4710,5000,4550,27934,4680
유안타증권우,1875,1790,2095,1790,253378,1810
미래에셋 미국 고배당주 ETN(H),11760,11695,11760,11695,54,11625
신한 인버스 2X 다우존스지수 선물 ETN(H),5680,5675,5750,5630,235413,5805
성안,416,408,417,403,182253,406
TIGER 코스닥150선물인버스,7760,7710,7945,7685,1090336,7940
KOSEF 미국달러선물레버리지,10125,10195,10255,10110,24493,10275
QV 스마트리밸런싱 260/4 ETN,11390,11390,11390,11390,1,11390
TIGER 미국달러단기채권액티브,10350,10390,10410,10330,52170,10430
KODEX 미국나스닥100선물(H),10535,10620,10620,10345,12596,10385
신한 인버스 구리 선물 ETN(H),11240,11240,11240,11240,0,11000
KODEX China H 레버리지(H),5855,5840,5950,5800,16882,5775
KBSTAR 중장기국공채액티브,102935,102880,102955,102875,13,102875
TRUE 레버리지 S&P500 선물 ETN(H),10370,10385,10485,10245,22583,10265
티탑스,4785,5160,5170,4595,261326,5180
미래에셋 레버리지 S&P500 ETN(H),15455,15685,15705,15455,519,15305
하이골드12호,2350,2205,2380,2205,7346,2340
두산2우B,34300,35100,36450,33850,1699,34100
WISCOM,2020,2010,2050,1970,23612,1985
KBSTAR 중국본토대형주CSI100,15900,15895,16140,15845,7472,15950
HANARO 코스닥150,9510,9395,9585,9275,13155,9280
TIGER 반도체,22800,23225,23225,22400,53303,21910
흥아해운,258,0,0,0,0,258
하이스틸,15350,15700,15700,14900,8237,15050
하이골드8호,2015,0,0,0,0,2015
성문전자,1605,1655,1655,1505,169405,1540
인팩,3035,3075,3080,2970,15336,2995
신한 인버스 WTI원유 선물 ETN(H),15455,15455,15560,15455,4774,14920
키위미디어그룹,150,0,0,0,0,150
에쓰씨엔지니어링,1190,1265,1265,1150,72613,1170
TRUE 레버리지 나스닥 100 ETN,9845,10005,10005,9670,29675,9700
우진플라임,2995,3125,3165,2760,42702,2895
미래에셋 미국 항공우주 ETN(H),14535,14220,14555,14220,2677,14350
TIGER 200IT레버리지,19950,19520,19950,19300,49484,18480
TRUE 인버스 2X 천연가스 선물 ETN(H),29895,29790,29895,29790,1489,28620
덕양산업,900,950,955,855,245215,878
미래에셋 미국 대형주 ETN(H),14260,14260,14260,14260,13,14260
웅진에너지,914,0,0,0,0,914
KOSEF 코스닥150,4745,4790,4800,4675,1072,4650
ARIRANG 200동일가중,6690,6625,6690,6545,659558,6565
QV 소프트웨어 TOP5 ETN,14090,14090,14090,14090,0,14080
이스타코,687,691,691,655,179732,657
진도,2305,2310,2475,2235,129112,2250
KODEX 필수소비재,7790,7845,7845,7635,166143,7725
TIGER 농산물선물Enhanced(H),4395,4180,4400,4180,113406,4200
신한 다우존스지수 선물 ETN(H),14115,13925,14115,13925,206,13845
신한 금 선물 ETN(H),13995,13825,14010,13820,1809,13825
ARIRANG KS모멘텀가중TR,9595,9525,9595,9440,50,9370
KOSEF 미국달러선물,12830,12880,12920,12820,38720,12940
삼성 미국 대형 성장주 ETN,13735,13815,13815,13735,174,13770
TIGER 코스피중형주,9605,9560,9665,9400,324645,9445
이구산업,1175,1180,1195,1130,119761,1140
QV WISE 배당 ETN,7580,7580,7580,7580,0,7595
삼아알미늄,3525,3550,3570,3370,28245,3445
선창산업,2870,2870,2950,2800,30184,3005
유니온,2535,2590,2650,2435,101206,2420
두산솔루스2우B,24100,27200,29900,23000,568213,22950
ARIRANG 신흥국MSCI(합성 H),8770,8670,8925,8600,13490,8645
KBSTAR 국고채3년,113695,113635,113720,113605,378,113645
대동전자,3655,3705,3740,3630,59555,3570
삼성 인버스 2X WTI원유 선물 ETN,7465,7735,7950,7200,3187948,7490
SJM홀딩스,2520,2560,2560,2465,8419,2500
케이탑리츠,820,815,821,795,350030,805
태양금속,1035,1065,1110,1000,1171321,1010
KR모터스,826,854,879,800,831936,780
한세엠케이,2925,2945,2980,2870,24417,2855
KODEX 미국달러선물레버리지,10585,10655,10705,10555,261557,10745
SJM,2440,2500,2590,2380,31590,2340
TIGER KRX300,11480,11395,11480,11325,78612,11400
진양화학,3015,3090,3250,2800,350835,3040
신한 레버리지 금 선물 ETN,18500,18320,18560,17800,25057,18160
호텔신라우,49000,49900,49900,48000,6281,48000
대신 철광석 선물 ETN(H),17680,17680,17680,17680,384,18035
TCC스틸,1745,1745,1780,1640,82687,1610
KINDEX 중장기국공채액티브,103370,103320,103435,103315,30,103305
KODEX 국채선물10년인버스,45430,45400,45430,45350,38,45500
신한,4945,0,0,0,0,4945
갤럭시아에스엠,1350,1270,1545,1245,1545171,1250
형지엘리트,1095,1100,1110,1005,265461,1100
원림,15350,15700,15700,15100,1260,15450
KOSEF 국고채3년,113110,113050,113160,113050,70,113065
삼영화학,1015,1050,1050,982,94748,996
신한 레버리지 은 선물 ETN(H),6025,5900,6025,5515,379597,5640
이화산업,12250,12350,12350,12000,1381,12050
한솔로지스틱스,1280,1295,1310,1170,720823,1225
TBH글로벌,1600,1590,1735,1555,381292,1585
한일철강,1510,1520,1540,1475,41844,1475
KODEX 미국S&P고배당커버드콜(합성 H),7940,8000,8000,7815,9887,7835
금호전기,3300,3150,3300,3000,138719,3200
신한 레버리지 다우존스지수 선물 ETN(H),16660,16580,16685,15905,48460,16285
국동,1790,1960,1965,1780,3319900,1670
메타랩스,970,988,1005,950,295630,925
폴루스바이오팜,1225,0,0,0,0,1225
삼성공조,5820,5840,5840,5690,16910,5920
금비,48900,49000,49700,48000,692,48100
NI스틸,1720,1715,1745,1680,94294,1665
부국증권우,15950,15950,16050,15950,472,15850
KB KTOP30 ETN,9380,9380,9380,9380,0,9475
미래아이앤지,396,401,407,381,1856310,365
일성건설,888,900,909,851,182788,874
삼성 레버리지 천연가스 선물 ETN,3635,3600,3635,3410,353486,3710
우진아이엔에스,6260,6260,6340,5990,34419,6080
KODEX 코스피대형주,8920,8790,8925,8725,73009,8735
동양피스톤,3610,3580,3615,3450,63533,3495
QV Big Vol ETN,9190,9190,9190,9190,10,9190
KODEX 중국본토CSI300,10085,10135,10170,10030,20693,9975
KB KQ 우량주30 ETN,9125,9270,9290,9070,162,9175
삼성 코스피 풋매도 ETN,9160,9160,9160,9160,0,9150
대원화성,1110,1120,1120,1080,61881,1105
인터지스,1630,1655,1655,1520,82966,1525
KB 코스피 양매도 5% OTM ETN,9060,9060,9060,9060,0,9050
미래에셋대우우,3290,3150,3290,3150,57951,3195
TRUE 코스피 양매도 ATM ETN,8920,8920,8920,8920,0,8970
신송홀딩스,3360,3370,3370,3265,29748,3790
롯데지주우,45200,44750,45700,44600,3331,45300
유엔젤,3620,4110,4180,3500,1652591,3385
SK케미칼우,29900,31050,31700,29300,162242,30500
TRUE 코스피 양매도 3% OTM ETN,8825,8825,8825,8825,0,8840
한국종합기술,4035,4000,4035,3900,98623,3985
TIGER 국채3년,111565,111475,111595,111475,167,111520
티에이치엔,2595,2675,2680,2520,306615,2410
한국프랜지,1470,1495,1525,1410,841478,1420
TRUE 레버리지 천연가스 선물 ETN(H),10660,10305,10680,10250,16296,10800
유화증권우,12350,0,0,0,0,12350
한신기계,1360,1355,1370,1310,217242,1330
KODEX 200exTOP,8530,8440,8530,8440,77,8480
신풍제지,1255,1150,1475,1135,2866742,1210
TIGER 레버리지,8945,8815,8960,8710,967956,8625
평화홀딩스,2875,2945,2960,2850,45222,2880
TIGER 차이나CSI300인버스(합성),10930,10740,10960,10740,555610,11050
KODEX IT,12070,12045,12085,11895,12529,11635
두산퓨얼셀1우,3190,3255,3435,3120,370443,3115
선도전기,2375,2360,2390,2290,134212,2310
베트남개발1,295,297,298,290,143499,298
한국특수형강,1300,1260,1565,1255,1283961,1265
KOSEF 단기자금,101410,101405,101415,101400,48978,101420
문배철강,2030,2130,2130,1965,90561,1970
덕성,2620,2635,2670,2450,272377,2575
TIGER 소프트웨어,8870,8930,8930,8745,128630,8755
금강공업,2820,2920,2920,2745,61857,2775
새론오토모티브,3500,3455,3580,3400,18393,3515
사조씨푸드,3820,3900,3970,3750,305271,3910
한국제지,13450,13500,13750,13350,36509,13400
유니온머티리얼,1675,1715,1735,1575,251595,1595
대유플러스,648,653,656,635,432367,625
MH에탄올,8940,9490,9700,8600,631174,9030
포스코강판,11050,10800,11250,10800,46475,11100
엔케이,857,876,878,829,473873,828
한솔홈데코,867,870,880,835,804755,822
화천기계,2310,2355,2355,2170,456521,3000
화천기공,29800,29650,30250,29650,5959,30000
조광페인트,5010,4915,5050,4860,35710,5140
참엔지니어링,1245,1240,1260,1175,163795,1215
동방,1840,1955,1960,1785,2872896,1950
TIGER 2차전지테마,6725,6650,6740,6500,327479,6460
KBSTAR 금융채액티브,101700,101645,101720,101645,6,101635
고려산업,2495,2320,2545,2265,1680324,2565
KCTC,2125,2140,2170,2025,202515,2120
KBSTAR 국채선물10년,57200,57240,57365,57200,7688,57150
유성기업,2490,2460,2550,2425,76433,2440
KBSTAR 200IT,9185,9180,9185,9080,726,8900
KBSTAR 중기우량회사채,104690,104570,104710,104570,166,104625
한농화성,4055,4030,4060,3820,48034,4005
우신시스템,3540,3600,3610,3470,94084,3405
TIGER 유로스탁스50(합성 H),9780,9630,9780,9630,16266,9740
쎌마테라퓨틱스,5990,6350,6380,5700,571876,6000
대원전선,903,929,929,875,592882,884
가온전선,14800,14250,14900,14250,3575,14400
엔케이물산,739,730,802,699,5974097,712
KODEX 미국달러선물,10655,10675,10720,10645,532515,10745
한국석유,93300,92900,94800,91100,12511,90600
서울식품,171,178,180,167,23143625,173
STX중공업,2115,2080,2130,1990,92921,2055
대창단조,20950,21100,21350,20300,14845,20350
KODEX MSCI Korea,12000,12000,12000,11935,70,11860
평화산업,1080,1110,1110,1035,321100,1050
KTis,1690,1690,1740,1660,180153,1655
삼정펄프,23150,24500,24500,22700,11137,23000
천일고속,57300,57000,57400,56500,549,56900
CJ우,36800,36950,37000,36150,3943,35950
지투알,4900,5000,5000,4850,14301,4900
세원정공,8090,0,0,0,0,8090
삼원강재,2025,2080,2090,2000,36634,2005
조흥,138000,140000,140000,137500,68,133500
한미글로벌,7390,7450,7450,7150,44617,7190
동방아그로,5820,5780,5830,5670,20561,5780
성보화학,3925,3800,3925,3760,27038,3915
디와이파워,7360,7470,7470,7130,114180,7090
KC그린홀딩스,3575,3465,3625,3385,203955,3460
일진디스플,2900,3030,3030,2815,372117,2740
동양고속,26850,26800,26850,26150,2883,26750
지엠비코리아,4145,4200,4200,3800,255551,4060
DRB동일,3990,3980,4060,3920,28895,3855
SK우,139000,133500,139500,130500,21986,135500
대유에이텍,755,744,760,715,302612,717
계양전기,2420,2480,2500,2235,307900,2340
다스코,4980,5140,5140,4950,93517,4950
퍼스텍,1665,1675,1695,1605,266500,1630
대신증권2우B,7750,7590,7750,7530,23509,7580
그린케미칼,3180,3095,3180,3065,73503,3145
오리엔트바이오,718,645,821,624,34448489,741
금호석유우,24750,24350,24900,24350,10100,24900
광명전기,1750,1700,1755,1640,606827,1735
유유제약,11800,12550,12700,11300,569387,11800
대현,1755,1740,1775,1680,101111,1690
화신,2275,2300,2360,2150,402802,2140
KODEX 미국S&P500선물(H),13305,13165,13305,13135,66616,13110
현대코퍼레이션홀딩스,8400,8340,8470,8060,60125,8190
한양증권,5890,5800,5890,5670,46682,5850
ARIRANG 코스피TR,9180,9055,9180,9025,262298,9000
우진,3500,3540,3600,3410,101601,3615
남성,2160,2305,2340,2000,1388701,2015
TIGER 부동산인프라고배당,4430,4380,4430,4330,123757,4370
KBSTAR 단기국공채액티브,100850,100845,100855,100835,97117,100835
한창,2205,2300,2300,2075,1953032,2085
KBSTAR 국고채3년선물인버스,99470,99525,99525,99465,6,99530
황금에스티,5340,5330,5420,5170,57544,5150
휴니드,5090,5270,5330,5070,54771,5070
두올,2680,2800,2805,2600,402367,2640
대림씨엔에스,5700,5700,5730,5550,15374,5600
방림,1695,1710,1710,1675,32964,1675
사조오양,7160,7430,7460,7000,161647,7520
테이팩스,15300,15500,15500,14250,16067,15000
수산중공업,1325,1345,1350,1295,1213092,1305
범양건영,2970,3000,3100,2705,2068937,2830
두산솔루스1우,14200,13700,16500,12500,2334402,14450
인천도시가스,24100,24450,24450,23650,1578,24300
상상인증권,1130,1110,1135,1070,223764,1100
극동유화,3090,3045,3150,3000,1224011,3010
화성산업,8500,8500,8580,8250,74435,8390
보해양조,833,874,874,802,4117371,807
대한방직,19500,19500,19800,19200,11302,19300
신한 S&P500 VIX S/T 선물 ETN B,32905,33025,33145,32905,8862,34005
화승알앤에이,1700,1580,1700,1500,219478,1570
현대비앤지스틸,6780,6620,6980,6600,43050,6700
보락,1760,1850,1860,1700,1277777,1680
삼호개발,4195,4230,4260,4050,455161,4015
삼성 KTOP30 ETN,10015,9950,10030,9910,115689,9955
강남제비스코,15400,15000,15500,14900,13662,15300
대동공업,4280,4285,4340,4120,143463,4180
한전산업,2990,2980,2990,2930,60644,3040
조선선재,79500,80000,80000,78800,510,78600
인디에프,1585,1510,1650,1410,1693760,1670
광전자,1745,1745,1765,1680,178775,1690
HSD엔진,3180,3150,3180,3000,690593,2955
SH에너지화학,883,868,902,864,6371588,875
디와이,3825,3915,4050,3700,194263,3680
TIGER 코스닥150 레버리지,7295,7425,7435,6950,758683,6990
동남합성,27300,27500,27500,26550,7936,26700
경동도시가스,16400,16500,16700,16200,8006,16400
한국공항,31250,31600,32250,29900,28260,30300
HDC현대EP,3075,3060,3185,3020,165688,2985
TIGER 200선물인버스2X,7465,7595,7690,7450,3573866,7735
제이에스코퍼레이션,7300,7370,7690,7090,90154,7110
미원화학,42700,42050,42700,42050,2470,43000
미원홀딩스,41850,42200,42800,41350,3956,40550
KINDEX 200TR,14750,14435,14750,14435,515,14490
성창기업지주,1345,1420,1430,1315,452148,1345
제주은행,2910,2805,2950,2780,58479,2915
미창석유,54600,54700,54700,53900,6787,53800
일동홀딩스,8130,8280,8280,8030,8934,8090
대한화섬,72400,72000,72400,69500,1551,70000
백광소재,3335,3425,3500,3160,831868,3370
크라운제과,7600,7950,8120,7380,399092,7420
한진중공업홀딩스,3155,3080,3185,2895,56361,3130
노루페인트,6670,6610,6780,6410,150428,6540
일신방직,54900,52700,58500,52700,9056,54500
아모레G우,20000,20050,20150,19200,21875,20200
텔코웨어,14600,14500,14900,14050,52333,13400
코오롱머티리얼,1450,1530,1540,1405,464859,1885
삼화페인트,4980,4925,4980,4810,64176,4880
쌍방울,950,1010,1020,939,7606584,924
마니커,813,825,828,770,6710472,812
사조동아원,904,910,931,854,1887884,910
HANARO MSCI Korea TR,10020,9885,10020,9860,50,9835
삼광글라스,26950,26100,27300,25850,39127,26300
TIGER 미국S&P500선물(H),32540,32100,32600,31950,42338,31990
큐로,796,827,830,780,1647953,795
알루코,1755,1850,1850,1710,553775,1690
DB,645,653,660,620,921699,624
신일산업,1805,1835,1840,1730,2369327,1760
진양홀딩스,2255,2235,2295,2230,88886,2235
대성에너지,4505,4545,4545,4470,32344,4540
유화증권,11000,0,0,0,0,11000
HDC아이콘트롤스,7590,7620,7680,7310,93080,7540
샘표식품,26650,27450,27500,26100,30140,27100
서원,2790,2980,3120,2685,8289885,2600
사조대림,13350,13450,13450,12850,21548,13450
디씨엠,11300,10350,12900,10350,537893,10400
신원,1430,1475,1480,1375,1253594,1425
동양물산,962,1000,1015,905,2691320,960
KODEX 배당가치,8460,8340,8460,8325,1751,8335
비티원,2870,2955,2955,2750,343997,3040
GS글로벌,1540,1520,1560,1455,395543,1460
자화전자,7070,7300,7310,6890,216016,6720
태경산업,4260,4310,4340,4185,75265,4110
한국ANKOR유전,1725,1730,1730,1705,72755,1710
부산산업,115500,111000,115500,107000,60355,113000
대신 골드 커버드콜 타겟 5%인컴 ETN(H),12040,12040,12040,12040,87,11930
이수페타시스,3005,3020,3040,2840,569834,2885
백산,5030,5200,5220,4945,281053,4900
ARIRANG 코스피50,17490,17340,17560,17240,402974,17235
동일산업,48050,46750,48250,46700,2265,48550
아남전자,1520,1605,1610,1460,971954,1525
BYC,186000,181500,186000,181000,323,188000
크라운해태홀딩스,8130,8500,8500,7940,94283,7890
세아제강,42500,39950,43050,39600,13085,41300
NPC,3200,3200,3240,3130,32890,3190
대영포장,1060,1100,1105,1020,2742032,1080
노루홀딩스,9120,8980,9130,8900,15348,8780
STX엔진,5320,5210,5340,5150,25884,5060
KODEX 단기변동금리부채권액티브,101955,101925,101955,101925,8,101955
백광산업,2665,2775,2790,2535,2336405,2585
대림산업우,30900,31000,31200,30400,10766,30550
KBSTAR 코스닥150선물레버리지,6805,6925,6940,6485,103624,6515
삼성물산우B,73800,67500,79600,67000,56232,71000
세진중공업,2995,2965,3090,2960,102178,2990
세아제강지주,27900,26700,27900,26700,7119,27600
이수화학,7470,7410,7480,7170,101323,7450
고려개발,7030,6880,7170,6790,55863,7450
농심홀딩스,74300,77700,77700,73300,4077,73900
KOSEF 200TR,28740,28430,28740,28345,41190,28240
웅진씽크빅,2540,2565,2565,2495,707612,2525
KODEX 선진국MSCI World,13080,13195,13200,12995,28287,13015
케이씨텍,17600,17950,18050,17050,137114,16800
한국쉘석유,259500,256000,259500,253000,4251,255500
현대건설기계,17000,16750,17150,16300,307232,16850
유니드,36350,35950,36450,35600,21814,37300
율촌화학,13850,14000,14100,13650,235779,13350
한화투자증권,1610,1505,1615,1485,1744387,1540
삼진제약,24150,24000,24950,23200,191165,23750
JW홀딩스,5020,5120,5140,4910,247646,4960
TIGER 200 IT,20485,20520,20520,20185,170248,19865
세아베스틸,9100,8690,9300,8610,224590,9080
퍼시스,28300,27950,28300,27500,335,28300
SBS,18950,17000,18950,16900,387439,17750
신영증권우,45950,46400,46400,45750,1773,45900
디피씨,8250,7240,8430,6910,26570915,7710
드림텍,5200,5350,5390,5050,422506,5070
이리츠코크렙,5090,5120,5120,5020,90239,5020
TIGER 코스닥150,9635,9700,9730,9415,1672232,9440
신한알파리츠,6670,6660,6720,6520,94069,6640
한일시멘트,76100,75700,78400,74500,14163,76300
효성첨단소재,70300,70100,70400,67600,42991,69500
잇츠한불,14100,14100,14300,13450,56847,14150
한라홀딩스,30600,30400,31200,30050,33867,29450
한독,23100,24700,25200,22800,208775,22350
진에어,10950,10950,11100,10650,411865,10250
고려제강,15350,15350,15400,15100,16542,15300
광동제약,5770,5800,5880,5640,265981,5830
미원상사,60000,59500,60200,59500,19214,60000
대원제약,15000,14950,15100,14200,167980,14950
한국단자,30050,30650,30650,29550,49670,28800
LG헬로비전,3960,3965,3980,3770,284688,3870
일동제약,12800,12850,13250,12400,108169,12400
한솔제지,12550,12550,12650,12200,169684,12400
삼천리,72300,70500,72400,70000,5463,72400
조선내화,77500,80500,83900,77500,35932,72500
동성제약,11300,11700,11700,10750,421625,11050
삼호,18050,17200,18050,16850,48656,18850
롯데정보통신,30500,29850,30750,29450,55850,29850
롯데손해보험,1515,1390,1665,1375,4558333,1460
서흥,38600,37350,41050,36750,115338,38350
한국토지신탁,1770,1790,1790,1740,519402,1745
현대에이치씨엔,4005,3600,4330,3570,4870986,3900
대한해운,18100,16850,18200,16500,257516,17850
진원생명과학,13900,15150,15350,12300,8468645,13150
신영증권,46500,46500,46500,45850,8153,45900
한세실업,11150,10850,11350,10450,330840,10700
이월드,5120,5230,5660,4800,29641769,4450
삼성화재우,131000,127500,131000,126500,10711,132000
화승인더,8140,8070,8220,7650,2805231,7520
BGF,4500,4350,4570,4290,357131,4315
경동나비엔,33000,33250,33400,32050,40497,32250
KODEX 코스피,19055,18840,19055,18700,547450,18735
삼양홀딩스,47950,47350,48000,46700,12432,47800
미원에스씨,76300,75400,76900,75400,15201,76600
대교,4730,4800,4800,4595,437983,4735
롯데푸드,372000,376000,378500,363500,3511,351500
한일현대시멘트,24000,24200,24500,23250,26070,23650
미래에셋대우2우B,2860,2815,2865,2800,843507,2835
지역난방공사,32900,32000,33300,32000,12812,33850
에이프로젠제약,1660,1790,1805,1445,16924152,1615
덴티움,34750,35450,35800,33050,108623,35000
세방전지,28500,28300,28700,27650,34407,27600
두산퓨얼셀,6900,7170,7500,6600,2899227,6900
풀무원,9990,10150,10150,9800,122659,9990
맵스리얼티1,4135,4130,4135,4070,76625,4095
KINDEX 단기통안채,100540,100535,100540,100535,870,100545
동국제강,4045,3875,4135,3875,734254,3900
HANARO 단기통안채,102455,102455,102455,102455,0,102460
한진중공업,4580,4575,4630,4425,130827,4425
삼양사,35750,35750,36000,35050,28642,35700
남해화학,7460,7410,7520,7300,284573,7350
제일약품,26200,27100,27200,25900,27017,24800
KODEX 코스닥150선물인버스,7635,7600,7835,7575,78725061,7830
하나제약,22850,22450,22900,21900,96342,22450
한미반도체,7160,7350,7410,7030,283796,7050
한국콜마홀딩스,19950,20000,20200,19350,66916,20200
LF,12750,12500,12850,12000,187575,12300
일양약품,34900,36600,37700,34250,940530,34350
두산,40500,42200,42200,39100,249134,39300
에스엘,13800,14000,14200,13700,79624,13450
아모레퍼시픽우,61900,62000,62300,60500,35139,60600
휴켐스,15950,15900,16100,15700,67010,15650
QV 코스피 변동성 매칭형 양매도 ETN,8855,8855,8855,8855,0,8815
대덕전자,8240,8260,8280,8100,518162,7760
SPC삼립,67700,67900,68000,66500,14138,70000
ARIRANG 200,25280,24970,25290,24900,238526,24825
쿠쿠홀딩스,86200,86200,87200,84200,6517,84000
대한유화,92700,90200,94800,89600,41922,91900
JW중외제약,29100,29700,30200,27700,347939,28500
후성,6580,6690,6700,6380,941702,6370
KODEX WTI원유선물(H),8295,8000,8490,8000,17202295,8075
보령제약,12300,12700,12750,12200,604324,12900
종근당홀딩스,108500,108000,111500,105500,22525,113500
제이콘텐트리,33200,30350,33650,29300,352859,34550
락앤락,11050,9870,12100,9860,1220667,10400
하나투어,42150,42700,42700,41550,138634,40150
대한전선,636,609,641,590,4221130,648
넥센타이어,5790,5340,6290,5340,1945246,5670
KINDEX 200,25320,25045,25345,24970,885568,24870
동원시스템즈,21700,22350,22650,21700,34839,21400
동아쏘시오홀딩스,86100,85500,86400,84000,21529,88300
남선알미늄,5270,5900,6050,5130,58317473,4900
KODEX 코스닥 150,9610,9695,9710,9400,6488145,9410
한섬,22700,22200,23400,22100,147367,21700
HDC,8770,8760,8880,8590,454543,8810
빙그레,53900,54200,54300,52900,56761,53100
SK디스커버리,26800,28700,29400,25900,970993,27250
롯데하이마트,22750,23150,23400,22450,133606,21850
효성티앤씨,118000,116500,118000,113000,16091,119000
한진,46750,46950,48800,43350,1642722,42900
풍산,18450,18100,18500,17950,158902,18100
KOSEF 200,25455,25175,25470,25075,109350,25025
S&T모티브,35550,34800,36900,34700,81575,34200
SK디앤디,27300,26400,27300,26100,30535,26300
LG상사,13300,13300,13400,12900,498293,12800
LIG넥스원,23550,23400,23650,22750,83119,22350
KODEX 삼성그룹,6170,6005,6195,5965,285441,6025
현대로템,12150,12200,12450,11850,744586,11900
두산중공업,3960,3990,4050,3820,4237611,3990
SK케미칼,81000,84000,84800,79300,831184,83900
태영건설,12900,12800,13100,12500,198708,12800
종근당,88900,90000,90100,87500,33789,88900
TRUE 코스피 양매도 5% OTM ETN,9645,9660,9660,9630,50049,9630
한국콜마,41950,42550,42600,40700,192233,41550
두산인프라코어,4370,4340,4770,4115,11888219,4500
한국테크놀로지그룹,10550,9760,10700,9760,220787,10050
코오롱인더,29800,29500,29950,28900,251044,34650
영풍,501000,506000,508000,498000,2932,493000
금호타이어,3205,3200,3220,3130,614764,3160
동부제철,8100,7830,8200,7760,47630,9000
현대위아,34900,35400,36750,34150,533536,32950
영진약품,4940,5150,5210,4850,1894299,4875
OCI,38500,38400,39100,37200,210819,37300
GKL,14950,15150,15200,14550,450103,14350
코리안리,7400,7230,7680,7180,404987,7310
한솔케미칼,80700,82900,82900,79500,56359,77900
HANARO 200,25140,24800,25160,24775,214010,24685
JB금융지주,4480,4390,4480,4375,311304,4425
롯데리츠,5050,4965,5060,4950,623908,5030
두산솔루스,27250,31150,32500,26100,5963092,28200
더블유게임즈,49500,47850,50200,47600,447793,47000
지누스,62900,62400,62900,58500,146138,59800
오리온홀딩스,13650,14100,14100,13400,151708,13550
아시아나항공,3885,3750,3945,3670,8581648,3785
KODEX 인버스,7130,7205,7240,7125,47310751,7260
DGB금융지주,4895,4650,4895,4640,2003455,4915
태광산업,747000,746000,749000,727000,1179,741000
롯데정밀화학,33000,31950,33200,31850,97194,31800
코스맥스,82100,83000,83300,80300,84819,81500
롯데제과,129500,129500,129500,123000,5353,125000
한화시스템,7640,7600,7690,7530,325685,7250
롯데칠성,102500,99000,102500,97800,34746,98600
쿠쿠홈시스,36300,37150,37700,35850,32373,34650
현대오토에버,38850,39400,39450,37500,54839,36450
롯데관광개발,11100,10150,11150,10000,534844,11000
KODEX 단기채권PLUS,102260,102255,102260,102255,13155,102260
아이에스동서,25250,25400,25600,24900,59505,23650
현대홈쇼핑,61900,60200,62000,59800,44313,60700
삼양식품,94700,95400,95400,93100,59007,96600
동아에스티,84000,83600,84400,83000,23833,84300
TIGER MSCI Korea TR,10005,9905,10005,9840,56321,9815
화승엔터프라이즈,13050,12850,13050,12450,444707,11750
동원산업,193500,191500,194000,188000,1868,193000
현대그린푸드,7370,7310,7400,7210,342090,7260
한미약품,260000,262000,262000,256500,36476,258500
CJ대한통운,135000,136000,136000,132500,51162,131000
호텔신라,74900,74400,75100,73000,584387,72600
포스코케미칼,47400,47400,47700,45650,350915,45700
LG이노텍,124000,124000,124000,119000,334232,117500
롯데지주,26600,26050,26750,25950,221602,25850
삼성중공업,4500,4350,4650,4290,10506142,4280
한국타이어앤테크놀로지,22500,21800,22700,21650,415487,21400
DB손해보험,37250,35850,38150,35650,420457,37400
대림산업,75100,75100,75700,73600,232275,75200
현대제철,20150,18700,20850,18650,3161741,19400
한국금융지주,47200,47300,47700,46300,354450,45400
삼성증권,28750,28350,29000,28100,598428,27800
한국가스공사,25350,24600,25350,24450,525810,26800
NH투자증권,8840,8750,8890,8640,1452699,8650
롯데쇼핑,86700,89900,89900,86300,230385,85300
BGF리테일,148000,147000,148000,145000,27777,139000
GS리테일,31800,31100,32000,30550,166710,31200
쌍용양회,4775,4655,4810,4610,2003792,4750
현대차2우B,64700,63800,65900,63200,79931,63000
신세계,241000,239000,242000,235000,76379,232500
더존비즈온,80200,81700,81700,79700,108526,76900
삼성엔지니어링,11650,11500,11800,11400,2199468,11400
두산밥캣,22600,21500,25500,21300,3409348,22200
한화솔루션,14100,13350,14400,13300,1950279,13550
한국항공우주,23000,22650,23150,22400,531161,22000
현대해상,24000,22750,24450,22550,470735,23700
CJ,73100,73400,73400,71800,78782,71800
금호석유,64500,64100,64900,63000,126225,66400
하이트진로,29050,29550,29550,28600,336659,28800
휠라홀딩스,34050,33300,34650,32600,595183,32000
오뚜기,525000,531000,535000,520000,4717,532000
제일기획,16900,17250,17250,16550,747760,16250
녹십자,158000,160000,167000,152500,398686,159500
대한항공,20350,20250,20700,20000,1807924,19550
GS건설,22850,22100,22950,21900,687011,22650
한미사이언스,27500,27800,28200,27200,113276,27200
농심,289500,295000,296000,284500,42176,290500
